vendredi 21 février 2020	22:15:24	Sampling Period : 50  ms		B&B alpha1

t	I1	I2	Alpha1	Alpha2	x	y	dotx	doty
0	-9.034197E+0	37.690741E+0	1.828779E+3	85.764609E+0	41.935484E-3
1	-9.034197E+0	37.705831E+0	1.829139E+3	83.729023E+0	41.935484E-3
2	-9.034197E+0	37.705831E+0	1.829139E+3	83.729023E+0	41.935484E-3
3	-9.034197E+0	37.705831E+0	1.829139E+3	83.729023E+0	41.935484E-3
4	-9.034197E+0	37.705831E+0	1.829139E+3	83.729023E+0	41.935484E-3
5	-9.034197E+0	37.685019E+0	1.828643E+3	82.956165E+0	41.935484E-3
6	-9.034197E+0	37.685019E+0	1.828643E+3	82.956165E+0	41.935484E-3
7	-9.034197E+0	37.685019E+0	1.828643E+3	82.956165E+0	41.935484E-3
8	-9.034197E+0	37.685019E+0	1.828643E+3	82.956165E+0	41.935484E-3
9	-9.034197E+0	37.920703E+0	1.834263E+3	84.551550E+0	41.935484E-3
10	-9.034197E+0	37.920703E+0	1.834263E+3	84.551550E+0	41.935484E-3
11	-9.034197E+0	37.920703E+0	1.834263E+3	84.551550E+0	41.935484E-3
12	-9.034197E+0	37.920703E+0	1.834263E+3	84.551550E+0	41.935484E-3
13	-9.034197E+0	37.919142E+0	1.834226E+3	83.264327E+0	41.935484E-3
14	3.000000E+0	37.919142E+0	1.834226E+3	83.264327E+0	41.935484E-3
15	3.000000E+0	37.919142E+0	1.834226E+3	83.264327E+0	41.935484E-3
16	9.000000E+0	37.919142E+0	1.834226E+3	83.264327E+0	41.935484E-3
17	9.000000E+0	37.949733E+0	1.834955E+3	82.297249E+0	41.935484E-3
18	15.000000E+0	37.949733E+0	1.834955E+3	82.297249E+0	41.935484E-3
19	18.000000E+0	37.949733E+0	1.834955E+3	82.297249E+0	41.935484E-3
20	18.000000E+0	37.949733E+0	1.834955E+3	82.297249E+0	41.935484E-3
21	24.000000E+0	38.237081E+0	1.841807E+3	79.281395E+0	41.935484E-3
22	27.000000E+0	38.237081E+0	1.841807E+3	79.281395E+0	41.935484E-3
23	27.000000E+0	38.237081E+0	1.841807E+3	79.281395E+0	41.935484E-3
24	33.000000E+0	38.237081E+0	1.841807E+3	79.281395E+0	41.935484E-3
25	36.000000E+0	38.593729E+0	1.850312E+3	75.645091E+0	41.935484E-3
26	39.000000E+0	38.593729E+0	1.850312E+3	75.645091E+0	41.935484E-3
27	38.323137E+0	38.593729E+0	1.850312E+3	75.645091E+0	41.935484E-3
28	38.309663E+0	38.593729E+0	1.850312E+3	75.645091E+0	41.935484E-3
29	38.296177E+0	38.309879E+0	1.843543E+3	79.554100E+0	41.935484E-3
30	35.728032E+0	38.309879E+0	1.843543E+3	79.554100E+0	41.935484E-3
31	35.728032E+0	38.309879E+0	1.843543E+3	79.554100E+0	41.935484E-3
32	37.971554E+0	38.309879E+0	1.843543E+3	79.554100E+0	41.935484E-3
33	37.957871E+0	36.797268E+0	1.807473E+3	81.720486E+0	41.935484E-3
34	34.957871E+0	36.797268E+0	1.807473E+3	81.720486E+0	41.935484E-3
35	34.957871E+0	36.797268E+0	1.807473E+3	81.720486E+0	41.935484E-3
36	36.403925E+0	36.797268E+0	1.807473E+3	81.720486E+0	41.935484E-3
37	36.403925E+0	33.103289E+0	1.719386E+3	83.413793E+0	41.935484E-3
38	33.390062E+0	33.103289E+0	1.719386E+3	83.413793E+0	41.935484E-3
39	33.390062E+0	33.103289E+0	1.719386E+3	83.413793E+0	41.935484E-3
40	32.654195E+0	33.103289E+0	1.719386E+3	83.413793E+0	41.935484E-3
41	32.640138E+0	29.159659E+0	1.625346E+3	85.307953E+0	41.935484E-3
42	29.640138E+0	29.159659E+0	1.625346E+3	85.307953E+0	41.935484E-3
43	28.668254E+0	29.159659E+0	1.625346E+3	85.307953E+0	41.935484E-3
44	28.668254E+0	29.159659E+0	1.625346E+3	85.307953E+0	41.935484E-3
45	28.639806E+0	25.189114E+0	1.530663E+3	85.327626E+0	41.935484E-3
46	28.639806E+0	25.189114E+0	1.530663E+3	85.327626E+0	41.935484E-3
47	24.640625E+0	25.189114E+0	1.530663E+3	85.327626E+0	41.935484E-3
48	24.640625E+0	25.189114E+0	1.530663E+3	85.327626E+0	41.935484E-3
49	24.611795E+0	21.566259E+0	1.444272E+3	83.997400E+0	41.935484E-3
50	24.611795E+0	21.566259E+0	1.444272E+3	83.997400E+0	41.935484E-3
51	20.959909E+0	21.566259E+0	1.444272E+3	83.997400E+0	41.935484E-3
52	20.945335E+0	21.566259E+0	1.444272E+3	83.997400E+0	41.935484E-3
53	20.945335E+0	18.287287E+0	1.366081E+3	83.061424E+0	41.935484E-3
54	17.930705E+0	18.287287E+0	1.366081E+3	83.061424E+0	41.935484E-3
55	17.930705E+0	18.287287E+0	1.366081E+3	83.061424E+0	41.935484E-3
56	17.622324E+0	18.287287E+0	1.366081E+3	83.061424E+0	41.935484E-3
57	17.592718E+0	15.419123E+0	1.297687E+3	81.271332E+0	41.935484E-3
58	17.592718E+0	15.419123E+0	1.297687E+3	81.271332E+0	41.935484E-3
59	14.592718E+0	15.419123E+0	1.297687E+3	81.271332E+0	41.935484E-3
60	14.694752E+0	15.419123E+0	1.297687E+3	81.271332E+0	41.935484E-3
61	14.664757E+0	12.900966E+0	1.237638E+3	78.778620E+0	41.935484E-3
62	11.664757E+0	12.900966E+0	1.237638E+3	78.778620E+0	41.935484E-3
63	12.116398E+0	12.900966E+0	1.237638E+3	78.778620E+0	41.935484E-3
64	12.101229E+0	12.900966E+0	1.237638E+3	78.778620E+0	41.935484E-3
65	12.086001E+0	10.578249E+0	1.182251E+3	79.596610E+0	41.935484E-3
66	9.086001E+0	10.578249E+0	1.182251E+3	79.596610E+0	41.935484E-3
67	9.086001E+0	10.578249E+0	1.182251E+3	79.596610E+0	41.935484E-3
68	9.732686E+0	10.578249E+0	1.182251E+3	79.596610E+0	41.935484E-3
69	9.701887E+0	8.497196E+0	1.132625E+3	79.395155E+0	41.935484E-3
70	9.701887E+0	8.497196E+0	1.132625E+3	79.395155E+0	41.935484E-3
71	6.701887E+0	8.497196E+0	1.132625E+3	79.395155E+0	41.935484E-3
72	7.574255E+0	8.497196E+0	1.132625E+3	79.395155E+0	41.935484E-3
73	7.574255E+0	6.777665E+0	1.091621E+3	77.497043E+0	41.935484E-3
74	7.558627E+0	6.777665E+0	1.091621E+3	77.497043E+0	41.935484E-3
75	4.558627E+0	6.777665E+0	1.091621E+3	77.497043E+0	41.935484E-3
76	5.807701E+0	6.777665E+0	1.091621E+3	77.497043E+0	41.935484E-3
77	5.776072E+0	5.516778E+0	1.061554E+3	77.523477E+0	41.935484E-3
78	2.776072E+0	5.516778E+0	1.061554E+3	77.523477E+0	41.935484E-3
79	4.483365E+0	5.516778E+0	1.061554E+3	77.523477E+0	41.935484E-3
80	4.483365E+0	5.516778E+0	1.061554E+3	77.523477E+0	41.935484E-3
81	4.451342E+0	4.553974E+0	1.038595E+3	76.998384E+0	41.935484E-3
82	4.451342E+0	4.553974E+0	1.038595E+3	76.998384E+0	41.935484E-3
83	3.456300E+0	4.553974E+0	1.038595E+3	76.998384E+0	41.935484E-3
84	3.456300E+0	4.553974E+0	1.038595E+3	76.998384E+0	41.935484E-3
85	3.423852E+0	3.741993E+0	1.019232E+3	76.852700E+0	41.935484E-3
86	423.852469E-3	3.741993E+0	1.019232E+3	76.852700E+0	41.935484E-3
87	423.852469E-3	3.741993E+0	1.019232E+3	76.852700E+0	41.935484E-3
88	2.562809E+0	3.741993E+0	1.019232E+3	76.852700E+0	41.935484E-3
89	2.546349E+0	2.979239E+0	1.001043E+3	77.154868E+0	41.935484E-3
90	-453.650984E-3	2.979239E+0	1.001043E+3	77.154868E+0	41.935484E-3
91	-453.650984E-3	2.979239E+0	1.001043E+3	77.154868E+0	41.935484E-3
92	1.733898E+0	2.979239E+0	1.001043E+3	77.154868E+0	41.935484E-3
93	1.717225E+0	2.409762E+0	987.463565E+0	77.235009E+0	41.935484E-3
94	-1.282775E+0	2.409762E+0	987.463565E+0	77.235009E+0	41.935484E-3
95	-1.282775E+0	2.409762E+0	987.463565E+0	77.235009E+0	41.935484E-3
96	1.114246E+0	2.409762E+0	987.463565E+0	77.235009E+0	41.935484E-3
97	1.097402E+0	2.013811E+0	978.021646E+0	79.294228E+0	41.935484E-3
98	-1.919478E+0	2.013811E+0	978.021646E+0	79.294228E+0	41.935484E-3
99	-1.919478E+0	2.013811E+0	978.021646E+0	79.294228E+0	41.935484E-3
100	650.620376E-3	2.013811E+0	978.021646E+0	79.294228E+0	41.935484E-3
101	616.479574E-3	2.013811E+0	978.021646E+0	79.294228E+0	41.935484E-3
102	599.320816E-3	1.733165E+0	971.329317E+0	81.039090E+0	41.935484E-3
103	-1.943707E+0	1.733165E+0	971.329317E+0	81.039090E+0	41.935484E-3
104	284.198554E-3	1.733165E+0	971.329317E+0	81.039090E+0	41.935484E-3
105	284.198554E-3	1.733165E+0	971.329317E+0	81.039090E+0	41.935484E-3
106	249.486528E-3	1.569221E+0	967.419882E+0	82.055734E+0	41.935484E-3
107	249.486528E-3	1.569221E+0	967.419882E+0	82.055734E+0	41.935484E-3
108	50.626056E-3	1.569221E+0	967.419882E+0	82.055734E+0	41.935484E-3
109	33.084825E-3	1.569221E+0	967.419882E+0	82.055734E+0	41.935484E-3
110	15.479839E-3	1.938649E+0	976.229326E+0	82.007398E+0	41.935484E-3
111	15.479839E-3	1.938649E+0	976.229326E+0	82.007398E+0	41.935484E-3
112	349.544775E-3	1.938649E+0	976.229326E+0	82.007398E+0	41.935484E-3
113	331.777910E-3	1.938649E+0	976.229326E+0	82.007398E+0	41.935484E-3
114	313.960567E-3	2.444549E+0	988.293085E+0	83.189890E+0	41.935484E-3
115	3.313961E+0	2.444549E+0	988.293085E+0	83.189890E+0	41.935484E-3
116	784.034542E-3	2.444549E+0	988.293085E+0	83.189890E+0	41.935484E-3
117	766.051159E-3	2.444549E+0	988.293085E+0	83.189890E+0	41.935484E-3
118	766.051159E-3	3.080861E+0	1.003467E+3	82.213101E+0	41.935484E-3
119	747.997197E-3	3.080861E+0	1.003467E+3	82.213101E+0	41.935484E-3
120	1.348045E+0	3.080861E+0	1.003467E+3	82.213101E+0	41.935484E-3
121	1.348045E+0	3.080861E+0	1.003467E+3	82.213101E+0	41.935484E-3
122	1.311551E+0	4.115996E+0	1.028151E+3	82.601692E+0	41.935484E-3
123	1.311551E+0	4.115996E+0	1.028151E+3	82.601692E+0	41.935484E-3
124	2.309962E+0	4.115996E+0	1.028151E+3	82.601692E+0	41.935484E-3
125	2.291515E+0	4.996241E+0	1.049141E+3	84.072863E+0	41.935484E-3
126	5.291515E+0	4.996241E+0	1.049141E+3	84.072863E+0	41.935484E-3
127	3.134692E+0	4.996241E+0	1.049141E+3	84.072863E+0	41.935484E-3
128	3.134692E+0	4.996241E+0	1.049141E+3	84.072863E+0	41.935484E-3
129	3.097392E+0	4.996241E+0	1.049141E+3	84.072863E+0	41.935484E-3
130	3.097392E+0	5.976427E+0	1.072515E+3	78.198342E+0	41.935484E-3
131	6.078655E+0	5.976427E+0	1.072515E+3	78.198342E+0	41.935484E-3
132	6.078655E+0	5.976427E+0	1.072515E+3	78.198342E+0	41.935484E-3
133	4.002281E+0	7.224657E+0	1.102280E+3	78.376634E+0	41.935484E-3
134	7.002281E+0	7.224657E+0	1.102280E+3	78.376634E+0	41.935484E-3
135	7.002281E+0	7.224657E+0	1.102280E+3	78.376634E+0	41.935484E-3
136	5.193417E+0	7.224657E+0	1.102280E+3	78.376634E+0	41.935484E-3
137	5.174276E+0	8.664221E+0	1.136608E+3	80.406331E+0	41.935484E-3
138	8.174276E+0	8.664221E+0	1.136608E+3	80.406331E+0	41.935484E-3
139	6.575365E+0	8.664221E+0	1.136608E+3	80.406331E+0	41.935484E-3
140	6.575365E+0	8.664221E+0	1.136608E+3	80.406331E+0	41.935484E-3
141	6.536665E+0	8.664221E+0	1.136608E+3	80.406331E+0	41.935484E-3
142	6.517209E+0	9.917833E+0	1.166502E+3	76.127870E+0	41.935484E-3
143	6.517209E+0	9.917833E+0	1.166502E+3	76.127870E+0	41.935484E-3
144	9.517209E+0	9.917833E+0	1.166502E+3	76.127870E+0	41.935484E-3
145	7.712134E+0	10.859659E+0	1.188961E+3	75.943766E+0	41.935484E-3
146	7.712134E+0	10.859659E+0	1.188961E+3	75.943766E+0	41.935484E-3
147	8.614520E+0	10.859659E+0	1.188961E+3	75.943766E+0	41.935484E-3
148	8.614520E+0	10.859659E+0	1.188961E+3	75.943766E+0	41.935484E-3
149	8.594731E+0	10.859659E+0	1.188961E+3	75.943766E+0	41.935484E-3
150	8.554940E+0	11.491395E+0	1.204026E+3	76.282573E+0	41.935484E-3
151	11.554940E+0	11.491395E+0	1.204026E+3	76.282573E+0	41.935484E-3
152	11.554940E+0	11.491395E+0	1.204026E+3	76.282573E+0	41.935484E-3
153	9.126535E+0	11.491395E+0	1.204026E+3	76.282573E+0	41.935484E-3
154	9.106375E+0	11.783122E+0	1.210982E+3	77.363808E+0	41.935484E-3
155	9.106375E+0	11.783122E+0	1.210982E+3	77.363808E+0	41.935484E-3
156	9.357561E+0	11.783122E+0	1.210982E+3	77.363808E+0	41.935484E-3
157	9.337223E+0	11.783122E+0	1.210982E+3	77.363808E+0	41.935484E-3
158	9.316798E+0	11.826472E+0	1.212016E+3	77.984673E+0	41.935484E-3
159	9.686468E+0	11.826472E+0	1.212016E+3	77.984673E+0	41.935484E-3
160	9.686468E+0	11.826472E+0	1.212016E+3	77.984673E+0	41.935484E-3
161	9.298536E+0	11.826472E+0	1.212016E+3	77.984673E+0	41.935484E-3
162	9.277866E+0	11.709289E+0	1.209222E+3	77.854943E+0	41.935484E-3
163	9.277866E+0	11.709289E+0	1.209222E+3	77.854943E+0	41.935484E-3
164	9.119175E+0	11.709289E+0	1.209222E+3	77.854943E+0	41.935484E-3
165	9.119175E+0	11.709289E+0	1.209222E+3	77.854943E+0	41.935484E-3
166	9.077395E+0	11.411832E+0	1.202128E+3	78.066038E+0	41.935484E-3
167	9.077395E+0	11.411832E+0	1.202128E+3	78.066038E+0	41.935484E-3
168	8.737935E+0	11.411832E+0	1.202128E+3	78.066038E+0	41.935484E-3
169	8.716829E+0	11.411832E+0	1.202128E+3	78.066038E+0	41.935484E-3
170	8.695673E+0	10.941762E+0	1.190919E+3	79.549876E+0	41.935484E-3
171	5.695673E+0	10.941762E+0	1.190919E+3	79.549876E+0	41.935484E-3
172	8.183058E+0	10.941762E+0	1.190919E+3	79.549876E+0	41.935484E-3
173	8.183058E+0	10.941762E+0	1.190919E+3	79.549876E+0	41.935484E-3
174	8.161718E+0	10.203038E+0	1.173303E+3	81.850507E+0	41.935484E-3
175	5.140305E+0	10.203038E+0	1.173303E+3	81.850507E+0	41.935484E-3
176	5.140305E+0	10.203038E+0	1.173303E+3	81.850507E+0	41.935484E-3
177	7.336930E+0	10.203038E+0	1.173303E+3	81.850507E+0	41.935484E-3
178	7.315254E+0	9.545654E+0	1.157627E+3	78.505903E+0	41.935484E-3
179	4.315254E+0	9.545654E+0	1.157627E+3	78.505903E+0	41.935484E-3
180	4.315254E+0	9.545654E+0	1.157627E+3	78.505903E+0	41.935484E-3
181	6.592454E+0	9.545654E+0	1.157627E+3	78.505903E+0	41.935484E-3
182	6.592454E+0	8.823030E+0	1.140395E+3	79.948878E+0	41.935484E-3
183	3.570519E+0	8.823030E+0	1.140395E+3	79.948878E+0	41.935484E-3
184	3.570519E+0	8.823030E+0	1.140395E+3	79.948878E+0	41.935484E-3
185	5.803842E+0	8.823030E+0	1.140395E+3	79.948878E+0	41.935484E-3
186	5.759499E+0	8.160238E+0	1.124590E+3	80.157600E+0	41.935484E-3
187	2.759499E+0	8.160238E+0	1.124590E+3	80.157600E+0	41.935484E-3
188	2.759499E+0	8.160238E+0	1.124590E+3	80.157600E+0	41.935484E-3
189	5.029742E+0	7.507556E+0	1.109026E+3	81.759701E+0	41.935484E-3
190	5.029742E+0	7.507556E+0	1.109026E+3	81.759701E+0	41.935484E-3
191	4.332079E+0	7.507556E+0	1.109026E+3	81.759701E+0	41.935484E-3
192	4.332079E+0	7.507556E+0	1.109026E+3	81.759701E+0	41.935484E-3
193	4.309475E+0	7.507556E+0	1.109026E+3	81.759701E+0	41.935484E-3
194	4.286826E+0	7.142422E+0	1.100319E+3	81.887551E+0	41.935484E-3
195	1.264128E+0	7.142422E+0	1.100319E+3	81.887551E+0	41.935484E-3
196	3.853318E+0	7.142422E+0	1.100319E+3	81.887551E+0	41.935484E-3
197	3.830403E+0	7.142422E+0	1.100319E+3	81.887551E+0	41.935484E-3
198	3.807415E+0	6.930371E+0	1.095263E+3	82.505297E+0	41.935484E-3
199	3.807415E+0	6.930371E+0	1.095263E+3	82.505297E+0	41.935484E-3
200	3.549196E+0	6.930371E+0	1.095263E+3	82.505297E+0	41.935484E-3
201	3.549196E+0	6.930371E+0	1.095263E+3	82.505297E+0	41.935484E-3
202	3.502741E+0	6.979081E+0	1.096424E+3	83.652461E+0	41.935484E-3
203	3.917809E+0	6.979081E+0	1.096424E+3	83.652461E+0	41.935484E-3
204	3.917809E+0	6.979081E+0	1.096424E+3	83.652461E+0	41.935484E-3
205	3.481270E+0	6.979081E+0	1.096424E+3	83.652461E+0	41.935484E-3
206	3.457735E+0	7.205853E+0	1.101832E+3	83.463547E+0	41.935484E-3
207	3.457735E+0	7.205853E+0	1.101832E+3	83.463547E+0	41.935484E-3
208	3.637253E+0	7.205853E+0	1.101832E+3	83.463547E+0	41.935484E-3
209	3.637253E+0	7.205853E+0	1.101832E+3	83.463547E+0	41.935484E-3
210	3.589720E+0	7.712523E+0	1.113914E+3	82.401874E+0	41.935484E-3
211	3.589720E+0	7.712523E+0	1.113914E+3	82.401874E+0	41.935484E-3
212	6.589720E+0	7.712523E+0	1.113914E+3	82.401874E+0	41.935484E-3
213	4.048583E+0	7.712523E+0	1.113914E+3	82.401874E+0	41.935484E-3
214	4.000508E+0	8.375009E+0	1.129712E+3	84.608720E+0	41.935484E-3
215	4.000508E+0	8.375009E+0	1.129712E+3	84.608720E+0	41.935484E-3
216	4.614621E+0	8.375009E+0	1.129712E+3	84.608720E+0	41.935484E-3
217	4.614621E+0	8.375009E+0	1.129712E+3	84.608720E+0	41.935484E-3
218	4.590350E+0	9.133265E+0	1.147793E+3	84.401406E+0	41.935484E-3
219	7.565990E+0	9.133265E+0	1.147793E+3	84.401406E+0	41.935484E-3
220	5.275326E+0	9.133265E+0	1.147793E+3	84.401406E+0	41.935484E-3
221	5.250769E+0	9.133265E+0	1.147793E+3	84.401406E+0	41.935484E-3
222	5.226150E+0	9.783898E+0	1.163308E+3	78.594292E+0	41.935484E-3
223	8.226150E+0	9.783898E+0	1.163308E+3	78.594292E+0	41.935484E-3
224	8.226150E+0	9.783898E+0	1.163308E+3	78.594292E+0	41.935484E-3
225	5.827315E+0	9.783898E+0	1.163308E+3	78.594292E+0	41.935484E-3
226	5.777559E+0	10.535553E+0	1.181232E+3	81.010709E+0	41.935484E-3
227	5.777559E+0	10.535553E+0	1.181232E+3	81.010709E+0	41.935484E-3
228	6.479176E+0	10.535553E+0	1.181232E+3	81.010709E+0	41.935484E-3
229	6.479176E+0	10.535553E+0	1.181232E+3	81.010709E+0	41.935484E-3
230	6.428864E+0	11.148905E+0	1.195859E+3	80.589346E+0	41.935484E-3
231	9.428864E+0	11.148905E+0	1.195859E+3	80.589346E+0	41.935484E-3
232	9.428864E+0	11.148905E+0	1.195859E+3	80.589346E+0	41.935484E-3
233	6.991611E+0	11.148905E+0	1.195859E+3	80.589346E+0	41.935484E-3
234	6.966201E+0	11.454915E+0	1.203156E+3	80.204589E+0	41.935484E-3
235	9.669259E+0	11.454915E+0	1.203156E+3	80.204589E+0	41.935484E-3
236	9.669259E+0	11.454915E+0	1.203156E+3	80.204589E+0	41.935484E-3
237	7.169868E+0	11.454915E+0	1.203156E+3	80.204589E+0	41.935484E-3
238	7.144107E+0	11.471028E+0	1.203540E+3	80.272152E+0	41.935484E-3
239	7.263294E+0	11.471028E+0	1.203540E+3	80.272152E+0	41.935484E-3
240	7.263294E+0	11.471028E+0	1.203540E+3	80.272152E+0	41.935484E-3
241	7.108484E+0	11.471028E+0	1.203540E+3	80.272152E+0	41.935484E-3
242	7.082483E+0	11.347999E+0	1.200606E+3	79.429575E+0	41.935484E-3
243	5.922959E+0	11.347999E+0	1.200606E+3	79.429575E+0	41.935484E-3
244	6.881098E+0	11.347999E+0	1.200606E+3	79.429575E+0	41.935484E-3
245	6.881098E+0	11.347999E+0	1.200606E+3	79.429575E+0	41.935484E-3
246	6.828460E+0	11.008965E+0	1.192521E+3	82.652902E+0	41.935484E-3
247	6.828460E+0	11.008965E+0	1.192521E+3	82.652902E+0	41.935484E-3
248	6.436535E+0	11.008965E+0	1.192521E+3	82.652902E+0	41.935484E-3
249	6.436535E+0	11.008965E+0	1.192521E+3	82.652902E+0	41.935484E-3
250	6.383342E+0	10.464582E+0	1.179540E+3	81.570180E+0	41.935484E-3
251	6.383342E+0	10.464582E+0	1.179540E+3	81.570180E+0	41.935484E-3
252	5.785477E+0	10.464582E+0	1.179540E+3	81.570180E+0	41.935484E-3
253	5.758618E+0	10.464582E+0	1.179540E+3	81.570180E+0	41.935484E-3
254	5.731693E+0	9.890543E+0	1.165851E+3	82.735514E+0	41.935484E-3
255	2.731693E+0	9.890543E+0	1.165851E+3	82.735514E+0	41.935484E-3
256	2.731693E+0	9.890543E+0	1.165851E+3	82.735514E+0	41.935484E-3
257	5.103559E+0	9.890543E+0	1.165851E+3	82.735514E+0	41.935484E-3
258	5.076417E+0	10.325631E+0	1.176227E+3	83.623278E+0	41.935484E-3
259	5.049189E+0	10.325631E+0	1.176227E+3	83.623278E+0	41.935484E-3
260	5.429611E+0	10.325631E+0	1.176227E+3	83.623278E+0	41.935484E-3
261	5.429611E+0	10.325631E+0	1.176227E+3	83.623278E+0	41.935484E-3
262	5.374651E+0	10.592831E+0	1.182598E+3	80.427023E+0	41.935484E-3
263	5.374651E+0	10.592831E+0	1.182598E+3	80.427023E+0	41.935484E-3
264	7.751919E+0	10.592831E+0	1.182598E+3	80.427023E+0	41.935484E-3
265	5.558829E+0	10.592831E+0	1.182598E+3	80.427023E+0	41.935484E-3
266	5.530995E+0	10.375064E+0	1.177405E+3	82.016318E+0	41.935484E-3
267	5.530995E+0	10.375064E+0	1.177405E+3	82.016318E+0	41.935484E-3
268	3.543449E+0	10.375064E+0	1.177405E+3	82.016318E+0	41.935484E-3
269	5.257349E+0	10.375064E+0	1.177405E+3	82.016318E+0	41.935484E-3
270	5.229330E+0	10.268861E+0	1.174873E+3	80.945098E+0	41.935484E-3
271	5.201217E+0	10.268861E+0	1.174873E+3	80.945098E+0	41.935484E-3
272	5.038536E+0	10.268861E+0	1.174873E+3	80.945098E+0	41.935484E-3
273	5.010192E+0	10.268861E+0	1.174873E+3	80.945098E+0	41.935484E-3
274	5.010192E+0	10.122934E+0	1.171393E+3	79.939728E+0	41.935484E-3
275	3.639924E+0	10.122934E+0	1.171393E+3	79.939728E+0	41.935484E-3
276	3.639924E+0	10.122934E+0	1.171393E+3	79.939728E+0	41.935484E-3
277	4.750115E+0	10.122934E+0	1.171393E+3	79.939728E+0	41.935484E-3
278	4.721383E+0	10.233573E+0	1.174031E+3	81.591027E+0	41.935484E-3
279	4.721383E+0	10.233573E+0	1.174031E+3	81.591027E+0	41.935484E-3
280	4.774324E+0	10.233573E+0	1.174031E+3	81.591027E+0	41.935484E-3
281	4.774324E+0	10.233573E+0	1.174031E+3	81.591027E+0	41.935484E-3
282	4.745381E+0	10.160675E+0	1.172293E+3	81.807771E+0	41.935484E-3
283	4.716343E+0	10.160675E+0	1.172293E+3	81.807771E+0	41.935484E-3
284	4.031174E+0	10.160675E+0	1.172293E+3	81.807771E+0	41.935484E-3
285	4.555899E+0	10.160675E+0	1.172293E+3	81.807771E+0	41.935484E-3
286	4.526531E+0	10.188110E+0	1.172947E+3	80.767301E+0	41.935484E-3
287	4.744045E+0	10.188110E+0	1.172947E+3	80.767301E+0	41.935484E-3
288	4.495068E+0	10.188110E+0	1.172947E+3	80.767301E+0	41.935484E-3
289	4.495068E+0	10.188110E+0	1.172947E+3	80.767301E+0	41.935484E-3
290	4.435875E+0	10.144737E+0	1.171913E+3	81.015666E+0	41.935484E-3
291	4.015705E+0	10.144737E+0	1.171913E+3	81.015666E+0	41.935484E-3
292	4.015705E+0	10.144737E+0	1.171913E+3	81.015666E+0	41.935484E-3
293	4.303068E+0	10.144737E+0	1.171913E+3	81.015666E+0	41.935484E-3
294	4.303068E+0	10.210770E+0	1.173488E+3	80.696480E+0	41.935484E-3
295	4.837366E+0	10.210770E+0	1.173488E+3	80.696480E+0	41.935484E-3
296	4.278980E+0	10.210770E+0	1.173488E+3	80.696480E+0	41.935484E-3
297	4.248797E+0	10.210770E+0	1.173488E+3	80.696480E+0	41.935484E-3
298	4.218527E+0	10.187401E+0	1.172930E+3	80.892489E+0	41.935484E-3
299	3.977857E+0	10.187401E+0	1.172930E+3	80.892489E+0	41.935484E-3
300	3.977857E+0	10.187401E+0	1.172930E+3	80.892489E+0	41.935484E-3
301	4.134382E+0	10.187401E+0	1.172930E+3	80.892489E+0	41.935484E-3
302	4.073294E+0	10.169914E+0	1.172513E+3	81.677086E+0	41.935484E-3
303	3.885264E+0	10.169914E+0	1.172513E+3	81.677086E+0	41.935484E-3
304	3.994424E+0	10.169914E+0	1.172513E+3	81.677086E+0	41.935484E-3
305	3.994424E+0	10.169914E+0	1.172513E+3	81.677086E+0	41.935484E-3
306	3.932683E+0	10.182932E+0	1.172824E+3	82.206223E+0	41.935484E-3
307	3.932683E+0	10.182932E+0	1.172824E+3	82.206223E+0	41.935484E-3
308	4.018868E+0	10.182932E+0	1.172824E+3	82.206223E+0	41.935484E-3
309	3.883675E+0	10.182932E+0	1.172824E+3	82.206223E+0	41.935484E-3
310	3.852555E+0	10.192426E+0	1.173050E+3	82.361446E+0	41.935484E-3
311	3.875477E+0	10.192426E+0	1.173050E+3	82.361446E+0	41.935484E-3
312	3.875477E+0	10.192426E+0	1.173050E+3	82.361446E+0	41.935484E-3
313	3.736694E+0	10.192426E+0	1.173050E+3	82.361446E+0	41.935484E-3
314	3.705194E+0	10.170548E+0	1.172528E+3	82.421361E+0	41.935484E-3
315	3.705194E+0	10.170548E+0	1.172528E+3	82.421361E+0	41.935484E-3
316	3.619964E+0	10.170548E+0	1.172528E+3	82.421361E+0	41.935484E-3
317	3.588236E+0	10.170548E+0	1.172528E+3	82.421361E+0	41.935484E-3
318	3.588236E+0	10.180832E+0	1.172774E+3	82.278463E+0	41.935484E-3
319	3.617032E+0	10.180832E+0	1.172774E+3	82.278463E+0	41.935484E-3
320	3.502731E+0	10.180832E+0	1.172774E+3	82.278463E+0	41.935484E-3
321	3.470665E+0	10.180832E+0	1.172774E+3	82.278463E+0	41.935484E-3
322	3.438479E+0	10.180832E+0	1.172774E+3	82.278463E+0	41.935484E-3
323	3.406253E+0	10.178168E+0	1.172710E+3	81.965276E+0	41.935484E-3
324	3.349951E+0	10.178168E+0	1.172710E+3	81.965276E+0	41.935484E-3
325	3.338838E+0	10.178168E+0	1.172710E+3	81.965276E+0	41.935484E-3
326	3.306352E+0	10.184247E+0	1.172855E+3	82.050954E+0	41.935484E-3
327	3.306352E+0	10.184247E+0	1.172855E+3	82.050954E+0	41.935484E-3
328	3.247219E+0	10.184247E+0	1.172855E+3	82.050954E+0	41.935484E-3
329	3.247219E+0	10.184247E+0	1.172855E+3	82.050954E+0	41.935484E-3
330	3.181682E+0	10.184247E+0	1.172855E+3	82.050954E+0	41.935484E-3
331	3.148821E+0	10.191874E+0	1.173037E+3	81.987672E+0	41.935484E-3
332	3.184502E+0	10.191874E+0	1.173037E+3	81.987672E+0	41.935484E-3
333	3.090392E+0	10.191874E+0	1.173037E+3	81.987672E+0	41.935484E-3
334	3.090392E+0	10.178688E+0	1.172723E+3	81.795448E+0	41.935484E-3
335	2.905432E+0	10.178688E+0	1.172723E+3	81.795448E+0	41.935484E-3
336	2.977592E+0	10.178688E+0	1.172723E+3	81.795448E+0	41.935484E-3
337	2.944244E+0	10.178688E+0	1.172723E+3	81.795448E+0	41.935484E-3
338	2.944244E+0	10.178688E+0	1.172723E+3	81.795448E+0	41.935484E-3
339	2.877242E+0	10.181879E+0	1.172799E+3	81.576119E+0	41.935484E-3
340	2.877242E+0	10.181879E+0	1.172799E+3	81.576119E+0	41.935484E-3
341	2.813157E+0	10.181879E+0	1.172799E+3	81.576119E+0	41.935484E-3
342	2.779379E+0	10.190031E+0	1.172993E+3	81.648523E+0	41.935484E-3
343	2.818891E+0	10.190031E+0	1.172993E+3	81.648523E+0	41.935484E-3
344	2.719748E+0	10.190031E+0	1.172993E+3	81.648523E+0	41.935484E-3
345	2.685732E+0	10.190031E+0	1.172993E+3	81.648523E+0	41.935484E-3
346	2.685732E+0	10.151686E+0	1.172079E+3	81.301016E+0	41.935484E-3
347	2.272346E+0	10.151686E+0	1.172079E+3	81.301016E+0	41.935484E-3
348	2.272346E+0	10.151686E+0	1.172079E+3	81.301016E+0	41.935484E-3
349	2.510494E+0	10.151686E+0	1.172079E+3	81.301016E+0	41.935484E-3
350	2.476101E+0	10.104554E+0	1.170955E+3	81.530989E+0	41.935484E-3
351	2.476101E+0	10.104554E+0	1.170955E+3	81.530989E+0	41.935484E-3
352	2.359868E+0	10.104554E+0	1.170955E+3	81.530989E+0	41.935484E-3
353	2.359868E+0	10.104554E+0	1.170955E+3	81.530989E+0	41.935484E-3
354	2.290482E+0	10.197195E+0	1.173164E+3	81.903034E+0	41.935484E-3
355	3.089392E+0	10.197195E+0	1.173164E+3	81.903034E+0	41.935484E-3
356	3.089392E+0	10.197195E+0	1.173164E+3	81.903034E+0	41.935484E-3
357	2.278385E+0	10.197195E+0	1.173164E+3	81.903034E+0	41.935484E-3
358	2.278385E+0	10.197195E+0	1.173164E+3	81.903034E+0	41.935484E-3
359	2.208165E+0	10.211469E+0	1.173504E+3	82.255241E+0	41.935484E-3
360	2.301395E+0	10.211469E+0	1.173504E+3	82.255241E+0	41.935484E-3
361	2.301395E+0	10.211469E+0	1.173504E+3	82.255241E+0	41.935484E-3
362	2.116488E+0	10.204270E+0	1.173333E+3	82.334269E+0	41.935484E-3
363	2.116488E+0	10.204270E+0	1.173333E+3	82.334269E+0	41.935484E-3
364	2.038261E+0	10.204270E+0	1.173333E+3	82.334269E+0	41.935484E-3
365	2.002618E+0	10.204270E+0	1.173333E+3	82.334269E+0	41.935484E-3
366	1.966898E+0	10.204270E+0	1.173333E+3	82.334269E+0	41.935484E-3
367	1.966898E+0	10.210202E+0	1.173474E+3	82.559819E+0	41.935484E-3
368	1.931103E+0	10.210202E+0	1.173474E+3	82.559819E+0	41.935484E-3
369	1.948619E+0	10.210202E+0	1.173474E+3	82.559819E+0	41.935484E-3
370	1.865195E+0	10.203494E+0	1.173314E+3	82.407740E+0	41.935484E-3
371	1.732664E+0	10.203494E+0	1.173314E+3	82.407740E+0	41.935484E-3
372	1.750097E+0	10.203494E+0	1.173314E+3	82.407740E+0	41.935484E-3
373	1.713820E+0	10.203494E+0	1.173314E+3	82.407740E+0	41.935484E-3
374	1.677462E+0	10.203494E+0	1.173314E+3	82.407740E+0	41.935484E-3
375	1.641006E+0	10.218445E+0	1.173671E+3	82.166526E+0	41.935484E-3
376	1.641006E+0	10.218445E+0	1.173671E+3	82.166526E+0	41.935484E-3
377	1.582800E+0	10.218445E+0	1.173671E+3	82.166526E+0	41.935484E-3
378	1.582800E+0	10.218445E+0	1.173671E+3	82.166526E+0	41.935484E-3
379	1.509336E+0	10.214859E+0	1.173585E+3	82.286819E+0	41.935484E-3
380	1.440206E+0	10.214859E+0	1.173585E+3	82.286819E+0	41.935484E-3
381	1.431956E+0	10.214859E+0	1.173585E+3	82.286819E+0	41.935484E-3
382	1.431956E+0	10.212699E+0	1.173534E+3	81.807549E+0	41.935484E-3
383	1.338406E+0	10.212699E+0	1.173534E+3	81.807549E+0	41.935484E-3
384	1.338406E+0	10.212699E+0	1.173534E+3	81.807549E+0	41.935484E-3
385	1.281235E+0	10.212699E+0	1.173534E+3	81.807549E+0	41.935484E-3
386	1.243910E+0	10.212699E+0	1.173534E+3	81.807549E+0	41.935484E-3
387	1.243910E+0	10.220325E+0	1.173715E+3	81.690767E+0	41.935484E-3
388	1.237607E+0	10.220325E+0	1.173715E+3	81.690767E+0	41.935484E-3
389	1.138993E+0	10.220325E+0	1.173715E+3	81.690767E+0	41.935484E-3
390	1.138993E+0	10.205789E+0	1.173369E+3	81.653578E+0	41.935484E-3
391	932.768521E-3	10.205789E+0	1.173369E+3	81.653578E+0	41.935484E-3
392	1.011229E+0	10.205789E+0	1.173369E+3	81.653578E+0	41.935484E-3
393	973.321410E-3	10.205789E+0	1.173369E+3	81.653578E+0	41.935484E-3
394	973.321410E-3	10.205789E+0	1.173369E+3	81.653578E+0	41.935484E-3
395	935.344880E-3	10.228350E+0	1.173907E+3	81.240140E+0	41.935484E-3
396	897.263954E-3	10.228350E+0	1.173907E+3	81.240140E+0	41.935484E-3
397	843.451532E-3	10.228350E+0	1.173907E+3	81.240140E+0	41.935484E-3
398	805.129378E-3	10.228350E+0	1.173907E+3	81.240140E+0	41.935484E-3
399	766.745040E-3	10.231115E+0	1.173973E+3	81.687355E+0	41.935484E-3
400	753.158098E-3	10.231115E+0	1.173973E+3	81.687355E+0	41.935484E-3
