lundi 2 mars 2020	17:46:07	Sampling Period : 50  ms		B&B alpha1

t	I1	I2	Alpha1	Alpha2	x	y	dotx	doty
0	-304.183200E-6	38.415805E+0	1.846069E+3	81.565447E+0	41.935484E-3
1	-304.183200E-6	38.415805E+0	1.846069E+3	81.565447E+0	41.935484E-3
2	-304.183200E-6	38.415805E+0	1.846069E+3	81.565447E+0	41.935484E-3
3	-304.183200E-6	38.415805E+0	1.846069E+3	81.565447E+0	41.935484E-3
4	-304.183200E-6	38.418372E+0	1.846130E+3	82.065871E+0	41.935484E-3
5	-304.183200E-6	38.418372E+0	1.846130E+3	82.065871E+0	41.935484E-3
6	-304.183200E-6	38.418372E+0	1.846130E+3	82.065871E+0	41.935484E-3
7	-304.183200E-6	38.418372E+0	1.846130E+3	82.065871E+0	41.935484E-3
8	-304.183200E-6	38.406689E+0	1.845852E+3	81.391933E+0	41.935484E-3
9	-304.183200E-6	38.406689E+0	1.845852E+3	81.391933E+0	41.935484E-3
10	-304.183200E-6	38.406689E+0	1.845852E+3	81.391933E+0	41.935484E-3
11	-304.183200E-6	38.406689E+0	1.845852E+3	81.391933E+0	41.935484E-3
12	-304.183200E-6	38.406133E+0	1.845839E+3	80.516101E+0	41.935484E-3
13	-304.183200E-6	38.406133E+0	1.845839E+3	80.516101E+0	41.935484E-3
14	-304.183200E-6	38.406133E+0	1.845839E+3	80.516101E+0	41.935484E-3
15	-304.183200E-6	38.406133E+0	1.845839E+3	80.516101E+0	41.935484E-3
16	-304.183200E-6	38.399626E+0	1.845683E+3	79.893166E+0	41.935484E-3
17	-304.183200E-6	38.399626E+0	1.845683E+3	79.893166E+0	41.935484E-3
18	-304.183200E-6	38.399626E+0	1.845683E+3	79.893166E+0	41.935484E-3
19	-304.183200E-6	38.399626E+0	1.845683E+3	79.893166E+0	41.935484E-3
20	-304.183200E-6	38.406881E+0	1.845856E+3	78.925991E+0	41.935484E-3
21	-304.183200E-6	38.406881E+0	1.845856E+3	78.925991E+0	41.935484E-3
22	-304.183200E-6	38.406881E+0	1.845856E+3	78.925991E+0	41.935484E-3
23	-304.183200E-6	38.406881E+0	1.845856E+3	78.925991E+0	41.935484E-3
24	-304.183200E-6	38.407948E+0	1.845882E+3	78.877462E+0	41.935484E-3
25	-304.183200E-6	38.407948E+0	1.845882E+3	78.877462E+0	41.935484E-3
26	-304.183200E-6	38.407948E+0	1.845882E+3	78.877462E+0	41.935484E-3
27	-304.183200E-6	38.407948E+0	1.845882E+3	78.877462E+0	41.935484E-3
28	-304.183200E-6	38.336220E+0	1.844171E+3	78.542958E+0	41.935484E-3
29	-304.183200E-6	38.336220E+0	1.844171E+3	78.542958E+0	41.935484E-3
30	-304.183200E-6	38.336220E+0	1.844171E+3	78.542958E+0	41.935484E-3
31	-304.183200E-6	38.336220E+0	1.844171E+3	78.542958E+0	41.935484E-3
32	-304.183200E-6	38.406245E+0	1.845841E+3	79.030411E+0	41.935484E-3
33	-304.183200E-6	38.406245E+0	1.845841E+3	79.030411E+0	41.935484E-3
34	-304.183200E-6	38.406245E+0	1.845841E+3	79.030411E+0	41.935484E-3
35	-304.183200E-6	38.406245E+0	1.845841E+3	79.030411E+0	41.935484E-3
36	-304.183200E-6	38.414968E+0	1.846049E+3	79.858917E+0	41.935484E-3
37	-304.183200E-6	38.414968E+0	1.846049E+3	79.858917E+0	41.935484E-3
38	-304.183200E-6	38.414968E+0	1.846049E+3	79.858917E+0	41.935484E-3
39	-304.183200E-6	38.414968E+0	1.846049E+3	79.858917E+0	41.935484E-3
40	-304.183200E-6	38.418835E+0	1.846141E+3	80.828737E+0	41.935484E-3
41	-304.183200E-6	38.418835E+0	1.846141E+3	80.828737E+0	41.935484E-3
42	-304.183200E-6	38.418835E+0	1.846141E+3	80.828737E+0	41.935484E-3
43	-304.183200E-6	38.418835E+0	1.846141E+3	80.828737E+0	41.935484E-3
44	-304.183200E-6	38.420148E+0	1.846173E+3	81.509821E+0	41.935484E-3
45	-304.183200E-6	38.420148E+0	1.846173E+3	81.509821E+0	41.935484E-3
46	-304.183200E-6	38.420148E+0	1.846173E+3	81.509821E+0	41.935484E-3
47	-304.183200E-6	38.420148E+0	1.846173E+3	81.509821E+0	41.935484E-3
48	-304.183200E-6	38.417641E+0	1.846113E+3	81.865055E+0	41.935484E-3
49	-304.183200E-6	38.417641E+0	1.846113E+3	81.865055E+0	41.935484E-3
50	-304.183200E-6	38.417641E+0	1.846113E+3	81.865055E+0	41.935484E-3
51	-304.183200E-6	38.417641E+0	1.846113E+3	81.865055E+0	41.935484E-3
52	-304.183200E-6	38.415394E+0	1.846059E+3	81.652039E+0	41.935484E-3
53	-304.183200E-6	38.415394E+0	1.846059E+3	81.652039E+0	41.935484E-3
54	-304.183200E-6	38.415394E+0	1.846059E+3	81.652039E+0	41.935484E-3
55	-304.183200E-6	38.415394E+0	1.846059E+3	81.652039E+0	41.935484E-3
56	-304.183200E-6	38.415394E+0	1.846059E+3	81.652039E+0	41.935484E-3
57	-304.183200E-6	38.409305E+0	1.845914E+3	81.288967E+0	41.935484E-3
58	-304.183200E-6	38.409305E+0	1.845914E+3	81.288967E+0	41.935484E-3
59	-304.183200E-6	38.409305E+0	1.845914E+3	81.288967E+0	41.935484E-3
60	-304.183200E-6	38.404084E+0	1.845790E+3	80.943747E+0	41.935484E-3
61	-304.183200E-6	38.404084E+0	1.845790E+3	80.943747E+0	41.935484E-3
62	-304.183200E-6	38.404084E+0	1.845790E+3	80.943747E+0	41.935484E-3
63	-304.183200E-6	38.404084E+0	1.845790E+3	80.943747E+0	41.935484E-3
64	-304.183200E-6	38.405444E+0	1.845822E+3	79.865822E+0	41.935484E-3
65	-304.183200E-6	38.405444E+0	1.845822E+3	79.865822E+0	41.935484E-3
66	-304.183200E-6	38.405444E+0	1.845822E+3	79.865822E+0	41.935484E-3
67	-304.183200E-6	38.405444E+0	1.845822E+3	79.865822E+0	41.935484E-3
68	-304.183200E-6	38.402817E+0	1.845759E+3	79.165577E+0	41.935484E-3
69	-304.183200E-6	38.402817E+0	1.845759E+3	79.165577E+0	41.935484E-3
70	-304.183200E-6	38.402817E+0	1.845759E+3	79.165577E+0	41.935484E-3
71	-304.183200E-6	38.402817E+0	1.845759E+3	79.165577E+0	41.935484E-3
72	-304.183200E-6	38.406156E+0	1.845839E+3	78.462323E+0	41.935484E-3
73	-304.183200E-6	38.406156E+0	1.845839E+3	78.462323E+0	41.935484E-3
74	-304.183200E-6	38.406156E+0	1.845839E+3	78.462323E+0	41.935484E-3
75	-304.183200E-6	38.406156E+0	1.845839E+3	78.462323E+0	41.935484E-3
76	-304.183200E-6	38.406156E+0	1.845839E+3	78.462323E+0	41.935484E-3
77	-304.183200E-6	38.404813E+0	1.845807E+3	78.466814E+0	41.935484E-3
78	-304.183200E-6	38.404813E+0	1.845807E+3	78.466814E+0	41.935484E-3
79	-304.183200E-6	38.404813E+0	1.845807E+3	78.466814E+0	41.935484E-3
80	-304.183200E-6	38.414874E+0	1.846047E+3	78.755987E+0	41.935484E-3
81	-304.183200E-6	38.414874E+0	1.846047E+3	78.755987E+0	41.935484E-3
82	-304.183200E-6	38.414874E+0	1.846047E+3	78.755987E+0	41.935484E-3
83	-304.183200E-6	38.414874E+0	1.846047E+3	78.755987E+0	41.935484E-3
84	-304.183200E-6	38.414874E+0	1.846047E+3	78.755987E+0	41.935484E-3
85	-304.183200E-6	38.422214E+0	1.846222E+3	79.969765E+0	41.935484E-3
86	-304.183200E-6	38.422214E+0	1.846222E+3	79.969765E+0	41.935484E-3
87	-304.183200E-6	38.422214E+0	1.846222E+3	79.969765E+0	41.935484E-3
88	-304.183200E-6	38.411276E+0	1.845961E+3	80.984389E+0	41.935484E-3
89	-304.183200E-6	38.411276E+0	1.845961E+3	80.984389E+0	41.935484E-3
90	-304.183200E-6	38.411276E+0	1.845961E+3	80.984389E+0	41.935484E-3
91	-304.183200E-6	38.411276E+0	1.845961E+3	80.984389E+0	41.935484E-3
92	-304.183200E-6	38.412442E+0	1.845989E+3	81.521797E+0	41.935484E-3
93	-304.183200E-6	38.412442E+0	1.845989E+3	81.521797E+0	41.935484E-3
94	-304.183200E-6	38.412442E+0	1.845989E+3	81.521797E+0	41.935484E-3
95	-304.183200E-6	38.412442E+0	1.845989E+3	81.521797E+0	41.935484E-3
96	-304.183200E-6	38.419973E+0	1.846169E+3	82.062224E+0	41.935484E-3
97	-304.183200E-6	38.419973E+0	1.846169E+3	82.062224E+0	41.935484E-3
98	-304.183200E-6	38.419973E+0	1.846169E+3	82.062224E+0	41.935484E-3
99	-304.183200E-6	38.419973E+0	1.846169E+3	82.062224E+0	41.935484E-3
100	-304.183200E-6	38.419973E+0	1.846169E+3	82.062224E+0	41.935484E-3
101	-304.183200E-6	38.413927E+0	1.846024E+3	81.804708E+0	41.935484E-3
102	-304.183200E-6	38.413927E+0	1.846024E+3	81.804708E+0	41.935484E-3
103	-304.183200E-6	38.413927E+0	1.846024E+3	81.804708E+0	41.935484E-3
104	-304.183200E-6	38.403152E+0	1.845767E+3	81.631579E+0	41.935484E-3
105	-304.183200E-6	38.403152E+0	1.845767E+3	81.631579E+0	41.935484E-3
106	-304.183200E-6	38.403152E+0	1.845767E+3	81.631579E+0	41.935484E-3
107	-304.183200E-6	38.403152E+0	1.845767E+3	81.631579E+0	41.935484E-3
108	-304.183200E-6	38.403152E+0	1.845767E+3	81.631579E+0	41.935484E-3
109	-304.183200E-6	38.404202E+0	1.845793E+3	80.741627E+0	41.935484E-3
110	-304.183200E-6	38.404202E+0	1.845793E+3	80.741627E+0	41.935484E-3
111	-304.183200E-6	38.404202E+0	1.845793E+3	80.741627E+0	41.935484E-3
112	-304.183200E-6	38.404202E+0	1.845793E+3	80.741627E+0	41.935484E-3
113	-304.183200E-6	38.402839E+0	1.845760E+3	79.546522E+0	41.935484E-3
114	-304.183200E-6	38.402839E+0	1.845760E+3	79.546522E+0	41.935484E-3
115	-304.183200E-6	38.402839E+0	1.845760E+3	79.546522E+0	41.935484E-3
116	-304.183200E-6	38.398267E+0	1.845651E+3	78.959016E+0	41.935484E-3
117	-304.183200E-6	38.398267E+0	1.845651E+3	78.959016E+0	41.935484E-3
118	-304.183200E-6	38.398267E+0	1.845651E+3	78.959016E+0	41.935484E-3
119	-304.183200E-6	38.398267E+0	1.845651E+3	78.959016E+0	41.935484E-3
120	-304.183200E-6	38.398267E+0	1.845651E+3	78.959016E+0	41.935484E-3
121	-304.183200E-6	38.401145E+0	1.845720E+3	78.721369E+0	41.935484E-3
122	-304.183200E-6	38.401145E+0	1.845720E+3	78.721369E+0	41.935484E-3
123	-304.183200E-6	38.401145E+0	1.845720E+3	78.721369E+0	41.935484E-3
124	-304.183200E-6	38.401145E+0	1.845720E+3	78.721369E+0	41.935484E-3
125	-304.183200E-6	38.410237E+0	1.845936E+3	78.953757E+0	41.935484E-3
126	-304.183200E-6	38.410237E+0	1.845936E+3	78.953757E+0	41.935484E-3
127	-304.183200E-6	38.410237E+0	1.845936E+3	78.953757E+0	41.935484E-3
128	-304.183200E-6	38.410237E+0	1.845936E+3	78.953757E+0	41.935484E-3
129	-304.183200E-6	38.409814E+0	1.845926E+3	79.167857E+0	41.935484E-3
130	-304.183200E-6	38.409814E+0	1.845926E+3	79.167857E+0	41.935484E-3
131	-304.183200E-6	38.409814E+0	1.845926E+3	79.167857E+0	41.935484E-3
132	-304.183200E-6	38.409814E+0	1.845926E+3	79.167857E+0	41.935484E-3
133	-304.183200E-6	38.417203E+0	1.846103E+3	80.117177E+0	41.935484E-3
134	-304.183200E-6	38.417203E+0	1.846103E+3	80.117177E+0	41.935484E-3
135	-304.183200E-6	38.417203E+0	1.846103E+3	80.117177E+0	41.935484E-3
136	-304.183200E-6	38.419617E+0	1.846160E+3	81.326829E+0	41.935484E-3
137	-304.183200E-6	38.419617E+0	1.846160E+3	81.326829E+0	41.935484E-3
138	-304.183200E-6	38.419617E+0	1.846160E+3	81.326829E+0	41.935484E-3
139	-304.183200E-6	38.419617E+0	1.846160E+3	81.326829E+0	41.935484E-3
140	-304.183200E-6	38.419617E+0	1.846160E+3	81.326829E+0	41.935484E-3
141	-304.183200E-6	38.419689E+0	1.846162E+3	82.292219E+0	41.935484E-3
142	-304.183200E-6	38.419689E+0	1.846162E+3	82.292219E+0	41.935484E-3
143	-304.183200E-6	38.419689E+0	1.846162E+3	82.292219E+0	41.935484E-3
144	-304.183200E-6	38.419689E+0	1.846162E+3	82.292219E+0	41.935484E-3
145	-304.183200E-6	38.417497E+0	1.846110E+3	82.108647E+0	41.935484E-3
146	-304.183200E-6	38.417497E+0	1.846110E+3	82.108647E+0	41.935484E-3
147	-304.183200E-6	38.417497E+0	1.846110E+3	82.108647E+0	41.935484E-3
148	-304.183200E-6	38.417497E+0	1.846110E+3	82.108647E+0	41.935484E-3
149	-304.183200E-6	38.412171E+0	1.845983E+3	82.102094E+0	41.935484E-3
150	-304.183200E-6	38.412171E+0	1.845983E+3	82.102094E+0	41.935484E-3
151	-304.183200E-6	38.412171E+0	1.845983E+3	82.102094E+0	41.935484E-3
152	-304.183200E-6	38.412171E+0	1.845983E+3	82.102094E+0	41.935484E-3
153	-304.183200E-6	38.412349E+0	1.845987E+3	81.516300E+0	41.935484E-3
154	-304.183200E-6	38.412349E+0	1.845987E+3	81.516300E+0	41.935484E-3
155	-304.183200E-6	38.412349E+0	1.845987E+3	81.516300E+0	41.935484E-3
156	-304.183200E-6	38.412349E+0	1.845987E+3	81.516300E+0	41.935484E-3
157	-304.183200E-6	38.407098E+0	1.845862E+3	80.276883E+0	41.935484E-3
158	-304.183200E-6	38.407098E+0	1.845862E+3	80.276883E+0	41.935484E-3
159	-304.183200E-6	38.407098E+0	1.845862E+3	80.276883E+0	41.935484E-3
160	-304.183200E-6	38.407098E+0	1.845862E+3	80.276883E+0	41.935484E-3
161	-304.183200E-6	38.397899E+0	1.845642E+3	79.505862E+0	41.935484E-3
162	-304.183200E-6	38.397899E+0	1.845642E+3	79.505862E+0	41.935484E-3
163	-304.183200E-6	38.397899E+0	1.845642E+3	79.505862E+0	41.935484E-3
164	-304.183200E-6	38.397899E+0	1.845642E+3	79.505862E+0	41.935484E-3
165	-304.183200E-6	38.395656E+0	1.845589E+3	78.945770E+0	41.935484E-3
166	-304.183200E-6	38.395656E+0	1.845589E+3	78.945770E+0	41.935484E-3
167	-304.183200E-6	38.395656E+0	1.845589E+3	78.945770E+0	41.935484E-3
168	-304.183200E-6	38.395656E+0	1.845589E+3	78.945770E+0	41.935484E-3
169	-304.183200E-6	38.399416E+0	1.845678E+3	78.857391E+0	41.935484E-3
170	-304.183200E-6	38.399416E+0	1.845678E+3	78.857391E+0	41.935484E-3
171	-304.183200E-6	38.399416E+0	1.845678E+3	78.857391E+0	41.935484E-3
172	-304.183200E-6	38.399416E+0	1.845678E+3	78.857391E+0	41.935484E-3
173	-304.183200E-6	38.408892E+0	1.845904E+3	78.412811E+0	41.935484E-3
174	-304.183200E-6	38.408892E+0	1.845904E+3	78.412811E+0	41.935484E-3
175	-304.183200E-6	38.408892E+0	1.845904E+3	78.412811E+0	41.935484E-3
176	-304.183200E-6	38.408480E+0	1.845895E+3	78.808914E+0	41.935484E-3
177	-304.183200E-6	38.408480E+0	1.845895E+3	78.808914E+0	41.935484E-3
178	40.000000E+0	38.408480E+0	1.845895E+3	78.808914E+0	41.935484E-3
179	39.600000E+0	38.408480E+0	1.845895E+3	78.808914E+0	41.935484E-3
180	38.799984E+0	38.408480E+0	1.845895E+3	78.808914E+0	41.935484E-3
181	37.599984E+0	38.913892E+0	1.857947E+3	75.373333E+0	41.935484E-3
182	35.999904E+0	38.913892E+0	1.857947E+3	75.373333E+0	41.935484E-3
183	35.999904E+0	38.913892E+0	1.857947E+3	75.373333E+0	41.935484E-3
184	31.599936E+0	38.913892E+0	1.857947E+3	75.373333E+0	41.935484E-3
185	28.799952E+0	38.913892E+0	1.857947E+3	75.373333E+0	41.935484E-3
186	25.599968E+0	38.913892E+0	1.857947E+3	75.373333E+0	41.935484E-3
187	21.999984E+0	38.913892E+0	1.857947E+3	75.373333E+0	41.935484E-3
188	18.800000E+0	38.913892E+0	1.857947E+3	75.373333E+0	41.935484E-3
189	16.000016E+0	37.272058E+0	1.818795E+3	84.680916E+0	41.935484E-3
190	13.600064E+0	37.272058E+0	1.818795E+3	84.680916E+0	41.935484E-3
191	11.600080E+0	37.272058E+0	1.818795E+3	84.680916E+0	41.935484E-3
192	10.000096E+0	37.272058E+0	1.818795E+3	84.680916E+0	41.935484E-3
193	8.800208E+0	33.198227E+0	1.721650E+3	83.560528E+0	41.935484E-3
194	8.000224E+0	33.198227E+0	1.721650E+3	83.560528E+0	41.935484E-3
195	7.600240E+0	33.198227E+0	1.721650E+3	83.560528E+0	41.935484E-3
196	7.600256E+0	33.198227E+0	1.721650E+3	83.560528E+0	41.935484E-3
197	8.000272E+0	30.124210E+0	1.648347E+3	83.040290E+0	41.935484E-3
198	8.800304E+0	30.124210E+0	1.648347E+3	83.040290E+0	41.935484E-3
199	10.000320E+0	30.124210E+0	1.648347E+3	83.040290E+0	41.935484E-3
200	10.800304E+0	30.124210E+0	1.648347E+3	83.040290E+0	41.935484E-3
201	11.200320E+0	28.322060E+0	1.605372E+3	80.979772E+0	41.935484E-3
202	11.200320E+0	28.322060E+0	1.605372E+3	80.979772E+0	41.935484E-3
203	10.800336E+0	28.322060E+0	1.605372E+3	80.979772E+0	41.935484E-3
204	10.000352E+0	28.322060E+0	1.605372E+3	80.979772E+0	41.935484E-3
205	8.800336E+0	27.310331E+0	1.581246E+3	81.096453E+0	41.935484E-3
206	7.310331E+0	27.310331E+0	1.581246E+3	81.096453E+0	41.935484E-3
207	6.220310E+0	27.310331E+0	1.581246E+3	81.096453E+0	41.935484E-3
208	5.530289E+0	27.310331E+0	1.581246E+3	81.096453E+0	41.935484E-3
209	5.240268E+0	26.378218E+0	1.559019E+3	80.573486E+0	41.935484E-3
210	5.350280E+0	26.378218E+0	1.559019E+3	80.573486E+0	41.935484E-3
211	5.860259E+0	26.378218E+0	1.559019E+3	80.573486E+0	41.935484E-3
212	6.378218E+0	26.378218E+0	1.559019E+3	80.573486E+0	41.935484E-3
213	6.496177E+0	25.291147E+0	1.533097E+3	82.955366E+0	41.935484E-3
214	6.214136E+0	25.291147E+0	1.533097E+3	82.955366E+0	41.935484E-3
215	5.532080E+0	25.291147E+0	1.533097E+3	82.955366E+0	41.935484E-3
216	5.250007E+0	25.291147E+0	1.533097E+3	82.955366E+0	41.935484E-3
217	5.291147E+0	24.175398E+0	1.506490E+3	79.855951E+0	41.935484E-3
218	4.932351E+0	24.175398E+0	1.506490E+3	79.855951E+0	41.935484E-3
219	4.175398E+0	24.175398E+0	1.506490E+3	79.855951E+0	41.935484E-3
220	3.818478E+0	24.175398E+0	1.506490E+3	79.855951E+0	41.935484E-3
221	3.861525E+0	23.165813E+0	1.482416E+3	79.530558E+0	41.935484E-3
222	3.504572E+0	23.165813E+0	1.482416E+3	79.530558E+0	41.935484E-3
223	3.165813E+0	23.165813E+0	1.482416E+3	79.530558E+0	41.935484E-3
224	3.165813E+0	23.165813E+0	1.482416E+3	79.530558E+0	41.935484E-3
225	3.165813E+0	22.267449E+0	1.460993E+3	83.794741E+0	41.935484E-3
226	2.765813E+0	22.267449E+0	1.460993E+3	83.794741E+0	41.935484E-3
227	2.267449E+0	22.267449E+0	1.460993E+3	83.794741E+0	41.935484E-3
228	2.169086E+0	22.267449E+0	1.460993E+3	83.794741E+0	41.935484E-3
229	2.267449E+0	21.433922E+0	1.441117E+3	83.154926E+0	41.935484E-3
230	1.965717E+0	21.433922E+0	1.441117E+3	83.154926E+0	41.935484E-3
231	1.433922E+0	21.433922E+0	1.441117E+3	83.154926E+0	41.935484E-3
232	1.302127E+0	21.433922E+0	1.441117E+3	83.154926E+0	41.935484E-3
233	1.433922E+0	20.972668E+0	1.430117E+3	80.906921E+0	41.935484E-3
234	1.165717E+0	20.972668E+0	1.430117E+3	80.906921E+0	41.935484E-3
235	972.668326E-3	20.972668E+0	1.430117E+3	80.906921E+0	41.935484E-3
236	972.668326E-3	20.972668E+0	1.430117E+3	80.906921E+0	41.935484E-3
237	972.668326E-3	20.959999E+0	1.429815E+3	83.321094E+0	41.935484E-3
238	959.999160E-3	20.959999E+0	1.429815E+3	83.321094E+0	41.935484E-3
239	959.999160E-3	20.959999E+0	1.429815E+3	83.321094E+0	41.935484E-3
240	959.999160E-3	20.959999E+0	1.429815E+3	83.321094E+0	41.935484E-3
241	959.999160E-3	21.262563E+0	1.437030E+3	84.340897E+0	41.935484E-3
242	1.262563E+0	21.262563E+0	1.437030E+3	84.340897E+0	41.935484E-3
243	1.262563E+0	21.262563E+0	1.437030E+3	84.340897E+0	41.935484E-3
244	1.262563E+0	21.262563E+0	1.437030E+3	84.340897E+0	41.935484E-3
245	1.262563E+0	21.986277E+0	1.454288E+3	83.862317E+0	41.935484E-3
246	1.662563E+0	21.986277E+0	1.454288E+3	83.862317E+0	41.935484E-3
247	1.986277E+0	21.986277E+0	1.454288E+3	83.862317E+0	41.935484E-3
248	1.986277E+0	21.986277E+0	1.454288E+3	83.862317E+0	41.935484E-3
249	1.986277E+0	22.847158E+0	1.474817E+3	81.094641E+0	41.935484E-3
250	2.386293E+0	22.847158E+0	1.474817E+3	81.094641E+0	41.935484E-3
251	2.847158E+0	22.847158E+0	1.474817E+3	81.094641E+0	41.935484E-3
252	2.908023E+0	22.847158E+0	1.474817E+3	81.094641E+0	41.935484E-3
253	2.847158E+0	23.491205E+0	1.490175E+3	81.479509E+0	41.935484E-3
254	3.186373E+0	23.491205E+0	1.490175E+3	81.479509E+0	41.935484E-3
255	3.491205E+0	23.491205E+0	1.490175E+3	81.479509E+0	41.935484E-3
256	3.491205E+0	23.491205E+0	1.490175E+3	81.479509E+0	41.935484E-3
257	3.491205E+0	24.593499E+0	1.516460E+3	81.072896E+0	41.935484E-3
258	3.891205E+0	24.593499E+0	1.516460E+3	81.072896E+0	41.935484E-3
259	4.593499E+0	24.593499E+0	1.516460E+3	81.072896E+0	41.935484E-3
260	4.895778E+0	24.593499E+0	1.516460E+3	81.072896E+0	41.935484E-3
261	4.798088E+0	25.540227E+0	1.539036E+3	80.005272E+0	41.935484E-3
262	5.100399E+0	25.540227E+0	1.539036E+3	80.005272E+0	41.935484E-3
263	5.540227E+0	25.540227E+0	1.539036E+3	80.005272E+0	41.935484E-3
264	5.580055E+0	25.540227E+0	1.539036E+3	80.005272E+0	41.935484E-3
265	5.540227E+0	26.209327E+0	1.554992E+3	78.902014E+0	41.935484E-3
266	5.900303E+0	26.209327E+0	1.554992E+3	78.902014E+0	41.935484E-3
267	6.209327E+0	26.209327E+0	1.554992E+3	78.902014E+0	41.935484E-3
268	6.209327E+0	26.209327E+0	1.554992E+3	78.902014E+0	41.935484E-3
269	6.209327E+0	26.703251E+0	1.566770E+3	79.643616E+0	41.935484E-3
270	6.609343E+0	26.703251E+0	1.566770E+3	79.643616E+0	41.935484E-3
271	6.703251E+0	26.703251E+0	1.566770E+3	79.643616E+0	41.935484E-3
272	6.703251E+0	26.703251E+0	1.566770E+3	79.643616E+0	41.935484E-3
273	6.703251E+0	27.090830E+0	1.576012E+3	79.329383E+0	41.935484E-3
274	7.090830E+0	27.090830E+0	1.576012E+3	79.329383E+0	41.935484E-3
275	7.090830E+0	27.090830E+0	1.576012E+3	79.329383E+0	41.935484E-3
276	7.090830E+0	27.090830E+0	1.576012E+3	79.329383E+0	41.935484E-3
277	7.090830E+0	27.285396E+0	1.580652E+3	83.021662E+0	41.935484E-3
278	7.285396E+0	27.285396E+0	1.580652E+3	83.021662E+0	41.935484E-3
279	7.285396E+0	27.285396E+0	1.580652E+3	83.021662E+0	41.935484E-3
280	7.285396E+0	27.285396E+0	1.580652E+3	83.021662E+0	41.935484E-3
281	7.285396E+0	27.123722E+0	1.576796E+3	85.011098E+0	41.935484E-3
282	7.123722E+0	27.123722E+0	1.576796E+3	85.011098E+0	41.935484E-3
283	7.123722E+0	27.123722E+0	1.576796E+3	85.011098E+0	41.935484E-3
284	7.123722E+0	27.123722E+0	1.576796E+3	85.011098E+0	41.935484E-3
285	7.123722E+0	27.054923E+0	1.575156E+3	84.665380E+0	41.935484E-3
286	7.054923E+0	27.054923E+0	1.575156E+3	84.665380E+0	41.935484E-3
287	7.054923E+0	27.054923E+0	1.575156E+3	84.665380E+0	41.935484E-3
288	7.054923E+0	27.054923E+0	1.575156E+3	84.665380E+0	41.935484E-3
289	7.054923E+0	26.675338E+0	1.566104E+3	82.621183E+0	41.935484E-3
290	6.675338E+0	26.675338E+0	1.566104E+3	82.621183E+0	41.935484E-3
291	6.675338E+0	26.675338E+0	1.566104E+3	82.621183E+0	41.935484E-3
292	6.675338E+0	26.675338E+0	1.566104E+3	82.621183E+0	41.935484E-3
293	6.675338E+0	26.675338E+0	1.566104E+3	82.621183E+0	41.935484E-3
294	6.675338E+0	26.220726E+0	1.555263E+3	84.377767E+0	41.935484E-3
295	6.275338E+0	26.220726E+0	1.555263E+3	84.377767E+0	41.935484E-3
296	6.220726E+0	26.220726E+0	1.555263E+3	84.377767E+0	41.935484E-3
297	6.220726E+0	25.754669E+0	1.544150E+3	85.148851E+0	41.935484E-3
298	5.820726E+0	25.754669E+0	1.544150E+3	85.148851E+0	41.935484E-3
299	5.754669E+0	25.754669E+0	1.544150E+3	85.148851E+0	41.935484E-3
300	5.754669E+0	25.754669E+0	1.544150E+3	85.148851E+0	41.935484E-3
301	5.754669E+0	25.754669E+0	1.544150E+3	85.148851E+0	41.935484E-3
302	5.754669E+0	25.202162E+0	1.530975E+3	81.859175E+0	41.935484E-3
303	5.354749E+0	25.202162E+0	1.530975E+3	81.859175E+0	41.935484E-3
304	5.202162E+0	25.202162E+0	1.530975E+3	81.859175E+0	41.935484E-3
305	5.202162E+0	24.682584E+0	1.518585E+3	80.415544E+0	41.935484E-3
306	4.802162E+0	24.682584E+0	1.518585E+3	80.415544E+0	41.935484E-3
307	4.682584E+0	24.682584E+0	1.518585E+3	80.415544E+0	41.935484E-3
308	4.682584E+0	24.682584E+0	1.518585E+3	80.415544E+0	41.935484E-3
309	4.682584E+0	24.196068E+0	1.506983E+3	80.234406E+0	41.935484E-3
310	4.282568E+0	24.196068E+0	1.506983E+3	80.234406E+0	41.935484E-3
311	4.196068E+0	24.196068E+0	1.506983E+3	80.234406E+0	41.935484E-3
312	4.196068E+0	24.196068E+0	1.506983E+3	80.234406E+0	41.935484E-3
313	4.196068E+0	23.669303E+0	1.494422E+3	82.798593E+0	41.935484E-3
314	3.796164E+0	23.669303E+0	1.494422E+3	82.798593E+0	41.935484E-3
315	3.669303E+0	23.669303E+0	1.494422E+3	82.798593E+0	41.935484E-3
316	3.669303E+0	23.669303E+0	1.494422E+3	82.798593E+0	41.935484E-3
317	3.669303E+0	23.669303E+0	1.494422E+3	82.798593E+0	41.935484E-3
318	3.669303E+0	23.416063E+0	1.488383E+3	82.600756E+0	41.935484E-3
319	3.416063E+0	23.416063E+0	1.488383E+3	82.600756E+0	41.935484E-3
320	3.416063E+0	23.416063E+0	1.488383E+3	82.600756E+0	41.935484E-3
321	3.416063E+0	23.523480E+0	1.490945E+3	81.006369E+0	41.935484E-3
322	3.523480E+0	23.523480E+0	1.490945E+3	81.006369E+0	41.935484E-3
323	3.523480E+0	23.523480E+0	1.490945E+3	81.006369E+0	41.935484E-3
324	3.523480E+0	23.523480E+0	1.490945E+3	81.006369E+0	41.935484E-3
325	3.523480E+0	23.523480E+0	1.490945E+3	81.006369E+0	41.935484E-3
326	3.523480E+0	23.739628E+0	1.496099E+3	82.911927E+0	41.935484E-3
327	3.739628E+0	23.739628E+0	1.496099E+3	82.911927E+0	41.935484E-3
328	3.739628E+0	23.739628E+0	1.496099E+3	82.911927E+0	41.935484E-3
329	3.739628E+0	23.910435E+0	1.500172E+3	81.189990E+0	41.935484E-3
330	3.910435E+0	23.910435E+0	1.500172E+3	81.189990E+0	41.935484E-3
331	3.910435E+0	23.910435E+0	1.500172E+3	81.189990E+0	41.935484E-3
332	3.910435E+0	23.910435E+0	1.500172E+3	81.189990E+0	41.935484E-3
333	3.910435E+0	23.910435E+0	1.500172E+3	81.189990E+0	41.935484E-3
334	3.910435E+0	23.853426E+0	1.498812E+3	82.237759E+0	41.935484E-3
335	3.853426E+0	23.853426E+0	1.498812E+3	82.237759E+0	41.935484E-3
336	3.853426E+0	23.853426E+0	1.498812E+3	82.237759E+0	41.935484E-3
337	3.853426E+0	23.853426E+0	1.498812E+3	82.237759E+0	41.935484E-3
338	3.853426E+0	23.904400E+0	1.500028E+3	83.869399E+0	41.935484E-3
339	3.904400E+0	23.904400E+0	1.500028E+3	83.869399E+0	41.935484E-3
340	3.904400E+0	23.904400E+0	1.500028E+3	83.869399E+0	41.935484E-3
341	3.904400E+0	23.904400E+0	1.500028E+3	83.869399E+0	41.935484E-3
342	3.904400E+0	23.839418E+0	1.498478E+3	82.170262E+0	41.935484E-3
343	3.839418E+0	23.839418E+0	1.498478E+3	82.170262E+0	41.935484E-3
344	3.839418E+0	23.839418E+0	1.498478E+3	82.170262E+0	41.935484E-3
345	3.839418E+0	23.839418E+0	1.498478E+3	82.170262E+0	41.935484E-3
346	3.839418E+0	23.825164E+0	1.498139E+3	82.869388E+0	41.935484E-3
347	3.825164E+0	23.825164E+0	1.498139E+3	82.869388E+0	41.935484E-3
348	3.825164E+0	23.825164E+0	1.498139E+3	82.869388E+0	41.935484E-3
349	3.825164E+0	23.825164E+0	1.498139E+3	82.869388E+0	41.935484E-3
350	3.825164E+0	23.910332E+0	1.500169E+3	82.277017E+0	41.935484E-3
351	3.910332E+0	23.910332E+0	1.500169E+3	82.277017E+0	41.935484E-3
352	3.910332E+0	23.910332E+0	1.500169E+3	82.277017E+0	41.935484E-3
353	3.910332E+0	23.823462E+0	1.498098E+3	82.361499E+0	41.935484E-3
354	3.823462E+0	23.823462E+0	1.498098E+3	82.361499E+0	41.935484E-3
355	3.823462E+0	23.823462E+0	1.498098E+3	82.361499E+0	41.935484E-3
356	3.823462E+0	23.823462E+0	1.498098E+3	82.361499E+0	41.935484E-3
357	3.823462E+0	23.823462E+0	1.498098E+3	82.361499E+0	41.935484E-3
358	3.823462E+0	23.898810E+0	1.499895E+3	82.015885E+0	41.935484E-3
359	3.898810E+0	23.898810E+0	1.499895E+3	82.015885E+0	41.935484E-3
360	3.898810E+0	23.898810E+0	1.499895E+3	82.015885E+0	41.935484E-3
361	3.898810E+0	23.835524E+0	1.498386E+3	82.234290E+0	41.935484E-3
362	3.898810E+0	23.835524E+0	1.498386E+3	82.234290E+0	41.935484E-3
363	3.835524E+0	23.835524E+0	1.498386E+3	82.234290E+0	41.935484E-3
364	3.835524E+0	23.835524E+0	1.498386E+3	82.234290E+0	41.935484E-3
365	3.835524E+0	23.886475E+0	1.499601E+3	81.646091E+0	41.935484E-3
366	3.886475E+0	23.886475E+0	1.499601E+3	81.646091E+0	41.935484E-3
367	3.886475E+0	23.886475E+0	1.499601E+3	81.646091E+0	41.935484E-3
368	3.886475E+0	23.886475E+0	1.499601E+3	81.646091E+0	41.935484E-3
369	3.886475E+0	23.886475E+0	1.499601E+3	81.646091E+0	41.935484E-3
370	3.886475E+0	23.884646E+0	1.499557E+3	80.717510E+0	41.935484E-3
371	3.884646E+0	23.884646E+0	1.499557E+3	80.717510E+0	41.935484E-3
372	3.884646E+0	23.884646E+0	1.499557E+3	80.717510E+0	41.935484E-3
373	3.884646E+0	23.884646E+0	1.499557E+3	80.717510E+0	41.935484E-3
374	3.884646E+0	23.868804E+0	1.499179E+3	81.329784E+0	41.935484E-3
375	3.868804E+0	23.868804E+0	1.499179E+3	81.329784E+0	41.935484E-3
376	3.868804E+0	23.868804E+0	1.499179E+3	81.329784E+0	41.935484E-3
377	3.868804E+0	23.868804E+0	1.499179E+3	81.329784E+0	41.935484E-3
378	3.868804E+0	23.882182E+0	1.499498E+3	81.392004E+0	41.935484E-3
379	3.882182E+0	23.882182E+0	1.499498E+3	81.392004E+0	41.935484E-3
380	3.882182E+0	23.882182E+0	1.499498E+3	81.392004E+0	41.935484E-3
381	3.882182E+0	23.882182E+0	1.499498E+3	81.392004E+0	41.935484E-3
382	3.882182E+0	23.886449E+0	1.499600E+3	81.686432E+0	41.935484E-3
383	3.886449E+0	23.886449E+0	1.499600E+3	81.686432E+0	41.935484E-3
384	3.886449E+0	23.886449E+0	1.499600E+3	81.686432E+0	41.935484E-3
385	3.886449E+0	23.883239E+0	1.499523E+3	81.905913E+0	41.935484E-3
386	3.883239E+0	23.883239E+0	1.499523E+3	81.905913E+0	41.935484E-3
387	3.883239E+0	23.883239E+0	1.499523E+3	81.905913E+0	41.935484E-3
388	3.883239E+0	23.883239E+0	1.499523E+3	81.905913E+0	41.935484E-3
389	3.883239E+0	23.883239E+0	1.499523E+3	81.905913E+0	41.935484E-3
390	3.883239E+0	23.885322E+0	1.499573E+3	82.403123E+0	41.935484E-3
391	3.885322E+0	23.885322E+0	1.499573E+3	82.403123E+0	41.935484E-3
392	3.885322E+0	23.885322E+0	1.499573E+3	82.403123E+0	41.935484E-3
393	3.885322E+0	23.885322E+0	1.499573E+3	82.403123E+0	41.935484E-3
394	3.885322E+0	23.883488E+0	1.499529E+3	82.675133E+0	41.935484E-3
395	3.883488E+0	23.883488E+0	1.499529E+3	82.675133E+0	41.935484E-3
396	3.883488E+0	23.883488E+0	1.499529E+3	82.675133E+0	41.935484E-3
397	3.883488E+0	23.883488E+0	1.499529E+3	82.675133E+0	41.935484E-3
398	3.883488E+0	23.878675E+0	1.499415E+3	82.616683E+0	41.935484E-3
399	3.878675E+0	23.878675E+0	1.499415E+3	82.616683E+0	41.935484E-3
400	3.878675E+0	23.878675E+0	1.499415E+3	82.616683E+0	41.935484E-3
401	3.878675E+0	23.878675E+0	1.499415E+3	82.616683E+0	41.935484E-3
402	3.878675E+0	23.874038E+0	1.499304E+3	82.569145E+0	41.935484E-3
403	3.874038E+0	23.874038E+0	1.499304E+3	82.569145E+0	41.935484E-3
404	3.874038E+0	23.874038E+0	1.499304E+3	82.569145E+0	41.935484E-3
405	3.874038E+0	23.874038E+0	1.499304E+3	82.569145E+0	41.935484E-3
406	3.874038E+0	23.876690E+0	1.499367E+3	81.965941E+0	41.935484E-3
407	3.876690E+0	23.876690E+0	1.499367E+3	81.965941E+0	41.935484E-3
408	3.876690E+0	23.876690E+0	1.499367E+3	81.965941E+0	41.935484E-3
409	3.876690E+0	23.876690E+0	1.499367E+3	81.965941E+0	41.935484E-3
410	3.876690E+0	23.876557E+0	1.499364E+3	81.769053E+0	41.935484E-3
411	3.876690E+0	23.876557E+0	1.499364E+3	81.769053E+0	41.935484E-3
412	3.876557E+0	23.876557E+0	1.499364E+3	81.769053E+0	41.935484E-3
413	3.876557E+0	23.876557E+0	1.499364E+3	81.769053E+0	41.935484E-3
414	3.876557E+0	23.877919E+0	1.499397E+3	81.712364E+0	41.935484E-3
415	3.877919E+0	23.877919E+0	1.499397E+3	81.712364E+0	41.935484E-3
416	3.877919E+0	23.877919E+0	1.499397E+3	81.712364E+0	41.935484E-3
417	3.877919E+0	23.877919E+0	1.499397E+3	81.712364E+0	41.935484E-3
418	3.877919E+0	23.867955E+0	1.499159E+3	81.404570E+0	41.935484E-3
419	3.867955E+0	23.867955E+0	1.499159E+3	81.404570E+0	41.935484E-3
420	3.867955E+0	23.867955E+0	1.499159E+3	81.404570E+0	41.935484E-3
421	3.867955E+0	23.867955E+0	1.499159E+3	81.404570E+0	41.935484E-3
422	3.867955E+0	23.867462E+0	1.499147E+3	81.180707E+0	41.935484E-3
423	3.867462E+0	23.867462E+0	1.499147E+3	81.180707E+0	41.935484E-3
424	3.867462E+0	23.867462E+0	1.499147E+3	81.180707E+0	41.935484E-3
425	3.867462E+0	23.867462E+0	1.499147E+3	81.180707E+0	41.935484E-3
426	3.867462E+0	23.869381E+0	1.499193E+3	81.318773E+0	41.935484E-3
427	3.869381E+0	23.869381E+0	1.499193E+3	81.318773E+0	41.935484E-3
428	3.869381E+0	23.869381E+0	1.499193E+3	81.318773E+0	41.935484E-3
429	3.869381E+0	23.869381E+0	1.499193E+3	81.318773E+0	41.935484E-3
430	3.869381E+0	23.874268E+0	1.499309E+3	81.403816E+0	41.935484E-3
431	3.874268E+0	23.874268E+0	1.499309E+3	81.403816E+0	41.935484E-3
432	3.874268E+0	23.874268E+0	1.499309E+3	81.403816E+0	41.935484E-3
433	3.874268E+0	23.874268E+0	1.499309E+3	81.403816E+0	41.935484E-3
434	3.874268E+0	23.869986E+0	1.499207E+3	81.609889E+0	41.935484E-3
435	3.869986E+0	23.869986E+0	1.499207E+3	81.609889E+0	41.935484E-3
436	3.869986E+0	23.869986E+0	1.499207E+3	81.609889E+0	41.935484E-3
437	3.869986E+0	23.869986E+0	1.499207E+3	81.609889E+0	41.935484E-3
438	3.869986E+0	23.875629E+0	1.499342E+3	82.141349E+0	41.935484E-3
439	3.875629E+0	23.875629E+0	1.499342E+3	82.141349E+0	41.935484E-3
440	3.875629E+0	23.875629E+0	1.499342E+3	82.141349E+0	41.935484E-3
441	3.875629E+0	23.875629E+0	1.499342E+3	82.141349E+0	41.935484E-3
442	3.875629E+0	23.876388E+0	1.499360E+3	82.181423E+0	41.935484E-3
443	3.876388E+0	23.876388E+0	1.499360E+3	82.181423E+0	41.935484E-3
444	3.876388E+0	23.876388E+0	1.499360E+3	82.181423E+0	41.935484E-3
445	3.876388E+0	23.876388E+0	1.499360E+3	82.181423E+0	41.935484E-3
446	3.876388E+0	23.870432E+0	1.499218E+3	82.518885E+0	41.935484E-3
447	3.876388E+0	23.870432E+0	1.499218E+3	82.518885E+0	41.935484E-3
448	3.870432E+0	23.870432E+0	1.499218E+3	82.518885E+0	41.935484E-3
449	3.870432E+0	23.870432E+0	1.499218E+3	82.518885E+0	41.935484E-3
450	3.870432E+0	23.872378E+0	1.499264E+3	82.618371E+0	41.935484E-3
451	3.872378E+0	23.872378E+0	1.499264E+3	82.618371E+0	41.935484E-3
452	3.872378E+0	23.872378E+0	1.499264E+3	82.618371E+0	41.935484E-3
453	3.872378E+0	23.872378E+0	1.499264E+3	82.618371E+0	41.935484E-3
454	3.872378E+0	23.865974E+0	1.499112E+3	82.375986E+0	41.935484E-3
455	3.865974E+0	23.865974E+0	1.499112E+3	82.375986E+0	41.935484E-3
456	3.865974E+0	23.865974E+0	1.499112E+3	82.375986E+0	41.935484E-3
457	3.865974E+0	23.865974E+0	1.499112E+3	82.375986E+0	41.935484E-3
458	3.865974E+0	23.870558E+0	1.499221E+3	82.256771E+0	41.935484E-3
459	3.865974E+0	23.870558E+0	1.499221E+3	82.256771E+0	41.935484E-3
460	3.870558E+0	23.870558E+0	1.499221E+3	82.256771E+0	41.935484E-3
461	3.870558E+0	23.870558E+0	1.499221E+3	82.256771E+0	41.935484E-3
462	3.870558E+0	23.868097E+0	1.499162E+3	81.828205E+0	41.935484E-3
463	3.868097E+0	23.868097E+0	1.499162E+3	81.828205E+0	41.935484E-3
464	3.868097E+0	23.868097E+0	1.499162E+3	81.828205E+0	41.935484E-3
465	3.868097E+0	23.868097E+0	1.499162E+3	81.828205E+0	41.935484E-3
466	3.868097E+0	23.867221E+0	1.499141E+3	81.440473E+0	41.935484E-3
467	3.867221E+0	23.867221E+0	1.499141E+3	81.440473E+0	41.935484E-3
468	3.867221E+0	23.867221E+0	1.499141E+3	81.440473E+0	41.935484E-3
469	3.867221E+0	23.867221E+0	1.499141E+3	81.440473E+0	41.935484E-3
470	3.867221E+0	23.874664E+0	1.499319E+3	81.378843E+0	41.935484E-3
471	3.874664E+0	23.874664E+0	1.499319E+3	81.378843E+0	41.935484E-3
472	3.874664E+0	23.874664E+0	1.499319E+3	81.378843E+0	41.935484E-3
473	3.874664E+0	23.874664E+0	1.499319E+3	81.378843E+0	41.935484E-3
474	3.874664E+0	23.879000E+0	1.499422E+3	81.302138E+0	41.935484E-3
475	3.879000E+0	23.879000E+0	1.499422E+3	81.302138E+0	41.935484E-3
476	4.283336E+0	23.879000E+0	1.499422E+3	81.302138E+0	41.935484E-3
477	5.087672E+0	23.879000E+0	1.499422E+3	81.302138E+0	41.935484E-3
478	6.292009E+0	23.874813E+0	1.499322E+3	81.280240E+0	41.935484E-3
479	7.896361E+0	23.874813E+0	1.499322E+3	81.280240E+0	41.935484E-3
480	9.900713E+0	23.874813E+0	1.499322E+3	81.280240E+0	41.935484E-3
481	12.305145E+0	23.874813E+0	1.499322E+3	81.280240E+0	41.935484E-3
482	15.109481E+0	23.879591E+0	1.499436E+3	81.211679E+0	41.935484E-3
483	18.313817E+0	23.879591E+0	1.499436E+3	81.211679E+0	41.935484E-3
484	21.918169E+0	23.879591E+0	1.499436E+3	81.211679E+0	41.935484E-3
485	25.922521E+0	23.879591E+0	1.499436E+3	81.211679E+0	41.935484E-3
486	30.326857E+0	23.948579E+0	1.501082E+3	81.743629E+0	41.935484E-3
487	35.131193E+0	23.948579E+0	1.501082E+3	81.743629E+0	41.935484E-3
488	40.000000E+0	23.948579E+0	1.501082E+3	81.743629E+0	41.935484E-3
489	40.000000E+0	23.948579E+0	1.501082E+3	81.743629E+0	41.935484E-3
490	40.000000E+0	23.889391E+0	1.499670E+3	83.007609E+0	41.935484E-3
491	40.000000E+0	23.889391E+0	1.499670E+3	83.007609E+0	41.935484E-3
492	40.000000E+0	23.889391E+0	1.499670E+3	83.007609E+0	41.935484E-3
493	40.000000E+0	23.889391E+0	1.499670E+3	83.007609E+0	41.935484E-3
494	40.000000E+0	22.480447E+0	1.466072E+3	83.246022E+0	41.935484E-3
495	40.000000E+0	22.480447E+0	1.466072E+3	83.246022E+0	41.935484E-3
496	40.000000E+0	22.480447E+0	1.466072E+3	83.246022E+0	41.935484E-3
497	40.000000E+0	22.480447E+0	1.466072E+3	83.246022E+0	41.935484E-3
498	40.000000E+0	19.154459E+0	1.386760E+3	81.157096E+0	41.935484E-3
499	39.599984E+0	19.154459E+0	1.386760E+3	81.157096E+0	41.935484E-3
500	39.154459E+0	19.154459E+0	1.386760E+3	81.157096E+0	41.935484E-3
501	39.108903E+0	19.154459E+0	1.386760E+3	81.157096E+0	41.935484E-3
502	39.154459E+0	15.246790E+0	1.293577E+3	83.787863E+0	41.935484E-3
503	38.800016E+0	15.246790E+0	1.293577E+3	83.787863E+0	41.935484E-3
504	38.045573E+0	15.246790E+0	1.293577E+3	83.787863E+0	41.935484E-3
505	36.891049E+0	15.246790E+0	1.293577E+3	83.787863E+0	41.935484E-3
506	35.336606E+0	11.180664E+0	1.196616E+3	87.774389E+0	41.935484E-3
507	33.382163E+0	11.180664E+0	1.196616E+3	87.774389E+0	41.935484E-3
508	31.180664E+0	11.180664E+0	1.196616E+3	87.774389E+0	41.935484E-3
509	29.379181E+0	11.180664E+0	1.196616E+3	87.774389E+0	41.935484E-3
510	27.977714E+0	7.383994E+0	1.106080E+3	87.544421E+0	41.935484E-3
511	26.976214E+0	7.383994E+0	1.106080E+3	87.544421E+0	41.935484E-3
512	26.374731E+0	7.383994E+0	1.106080E+3	87.544421E+0	41.935484E-3
513	26.173232E+0	7.383994E+0	1.106080E+3	87.544421E+0	41.935484E-3
514	26.371733E+0	3.839704E+0	1.021562E+3	87.480373E+0	41.935484E-3
515	26.170234E+0	3.839704E+0	1.021562E+3	87.480373E+0	41.935484E-3
516	25.568735E+0	3.839704E+0	1.021562E+3	87.480373E+0	41.935484E-3
517	24.567219E+0	3.839704E+0	1.021562E+3	87.480373E+0	41.935484E-3
518	23.839704E+0	775.703049E-3	948.497534E+0	87.427671E+0	41.935484E-3
519	22.712253E+0	775.703049E-3	948.497534E+0	87.427671E+0	41.935484E-3
520	21.184785E+0	775.703049E-3	948.497534E+0	87.427671E+0	41.935484E-3
521	20.057302E+0	775.703049E-3	948.497534E+0	87.427671E+0	41.935484E-3
522	19.329818E+0	-2.155176E+0	878.607334E+0	85.661938E+0	41.935484E-3
523	18.202351E+0	-2.155176E+0	878.607334E+0	85.661938E+0	41.935484E-3
524	17.474884E+0	-2.155176E+0	878.607334E+0	85.661938E+0	41.935484E-3
525	17.147432E+0	-2.155176E+0	878.607334E+0	85.661938E+0	41.935484E-3
526	17.219981E+0	-4.941946E+0	812.153584E+0	79.882121E+0	41.935484E-3
527	16.892545E+0	-4.941946E+0	812.153584E+0	79.882121E+0	41.935484E-3
528	16.165094E+0	-4.941946E+0	812.153584E+0	79.882121E+0	41.935484E-3
529	15.058054E+0	-4.941946E+0	812.153584E+0	79.882121E+0	41.935484E-3
530	14.350949E+0	-7.388346E+0	753.816353E+0	79.339438E+0	41.935484E-3
531	13.243877E+0	-7.388346E+0	753.816353E+0	79.339438E+0	41.935484E-3
532	12.536820E+0	-7.388346E+0	753.816353E+0	79.339438E+0	41.935484E-3
533	12.229764E+0	-7.388346E+0	753.816353E+0	79.339438E+0	41.935484E-3
534	12.322691E+0	-9.683399E+0	699.088183E+0	79.759339E+0	41.935484E-3
535	12.015619E+0	-9.683399E+0	699.088183E+0	79.759339E+0	41.935484E-3
536	11.308531E+0	-9.683399E+0	699.088183E+0	79.759339E+0	41.935484E-3
537	10.316601E+0	-9.683399E+0	699.088183E+0	79.759339E+0	41.935484E-3
538	9.724656E+0	-11.974157E+0	644.462401E+0	79.363413E+0	41.935484E-3
539	8.732694E+0	-11.974157E+0	644.462401E+0	79.363413E+0	41.935484E-3
540	8.025843E+0	-11.974157E+0	644.462401E+0	79.363413E+0	41.935484E-3
541	7.718975E+0	-11.974157E+0	644.462401E+0	79.363413E+0	41.935484E-3
542	7.812171E+0	-14.075999E+0	594.341551E+0	82.325208E+0	41.935484E-3
543	7.505447E+0	-14.075999E+0	594.341551E+0	82.325208E+0	41.935484E-3
544	6.798707E+0	-14.075999E+0	594.341551E+0	82.325208E+0	41.935484E-3
545	5.924001E+0	-14.075999E+0	594.341551E+0	82.325208E+0	41.935484E-3
546	5.449278E+0	-15.685076E+0	555.971274E+0	82.267349E+0	41.935484E-3
547	4.574555E+0	-15.685076E+0	555.971274E+0	82.267349E+0	41.935484E-3
548	4.099832E+0	-15.685076E+0	555.971274E+0	82.267349E+0	41.935484E-3
549	4.025125E+0	-15.685076E+0	555.971274E+0	82.267349E+0	41.935484E-3
550	4.314924E+0	-17.087863E+0	522.520181E+0	81.759639E+0	41.935484E-3
551	4.204772E+0	-17.087863E+0	522.520181E+0	81.759639E+0	41.935484E-3
552	3.694620E+0	-17.087863E+0	522.520181E+0	81.759639E+0	41.935484E-3
553	2.912137E+0	-17.087863E+0	522.520181E+0	81.759639E+0	41.935484E-3
554	2.529557E+0	-17.087863E+0	522.520181E+0	81.759639E+0	41.935484E-3
555	2.546994E+0	-17.837915E+0	504.634339E+0	82.425139E+0	41.935484E-3
556	2.164431E+0	-17.837915E+0	504.634339E+0	82.425139E+0	41.935484E-3
557	2.162085E+0	-17.837915E+0	504.634339E+0	82.425139E+0	41.935484E-3
558	2.162085E+0	-18.751021E+0	482.860274E+0	83.081370E+0	41.935484E-3
559	1.762069E+0	-18.751021E+0	482.860274E+0	83.081370E+0	41.935484E-3
560	1.248979E+0	-18.751021E+0	482.860274E+0	83.081370E+0	41.935484E-3
561	1.135857E+0	-18.751021E+0	482.860274E+0	83.081370E+0	41.935484E-3
562	1.248979E+0	-18.751021E+0	482.860274E+0	83.081370E+0	41.935484E-3
563	1.248979E+0	-19.702950E+0	460.160432E+0	83.379874E+0	41.935484E-3
564	848.963231E-3	-19.702950E+0	460.160432E+0	83.379874E+0	41.935484E-3
565	297.050376E-3	-19.702950E+0	460.160432E+0	83.379874E+0	41.935484E-3
566	145.217524E-3	-20.572752E+0	439.418983E+0	81.763269E+0	41.935484E-3
567	-406.519333E-3	-20.572752E+0	439.418983E+0	81.763269E+0	41.935484E-3
568	-572.752308E-3	-20.572752E+0	439.418983E+0	81.763269E+0	41.935484E-3
569	-572.752308E-3	-20.572752E+0	439.418983E+0	81.763269E+0	41.935484E-3
570	-572.752308E-3	-21.269029E+0	422.815457E+0	80.768440E+0	41.935484E-3
571	-572.752308E-3	-21.269029E+0	422.815457E+0	80.768440E+0	41.935484E-3
572	-972.752308E-3	-21.269029E+0	422.815457E+0	80.768440E+0	41.935484E-3
573	-972.752308E-3	-21.269029E+0	422.815457E+0	80.768440E+0	41.935484E-3
574	-1.269029E+0	-21.729521E+0	411.834507E+0	79.891432E+0	41.935484E-3
575	-1.669029E+0	-21.729521E+0	411.834507E+0	79.891432E+0	41.935484E-3
576	-1.729521E+0	-21.729521E+0	411.834507E+0	79.891432E+0	41.935484E-3
577	-1.729521E+0	-21.729521E+0	411.834507E+0	79.891432E+0	41.935484E-3
578	-1.729521E+0	-21.582636E+0	415.337135E+0	79.229532E+0	41.935484E-3
579	-1.729521E+0	-21.582636E+0	415.337135E+0	79.229532E+0	41.935484E-3
580	-1.582636E+0	-21.582636E+0	415.337135E+0	79.229532E+0	41.935484E-3
581	-1.582636E+0	-21.582636E+0	415.337135E+0	79.229532E+0	41.935484E-3
582	-1.582636E+0	-21.216684E+0	424.063700E+0	77.935137E+0	41.935484E-3
583	-1.216684E+0	-21.216684E+0	424.063700E+0	77.935137E+0	41.935484E-3
584	-1.216684E+0	-21.216684E+0	424.063700E+0	77.935137E+0	41.935484E-3
585	-1.216684E+0	-21.216684E+0	424.063700E+0	77.935137E+0	41.935484E-3
586	-1.216684E+0	-21.216684E+0	424.063700E+0	77.935137E+0	41.935484E-3
587	-1.216684E+0	-20.607361E+0	438.593705E+0	76.845207E+0	41.935484E-3
588	-816.683556E-3	-20.607361E+0	438.593705E+0	76.845207E+0	41.935484E-3
589	-607.360746E-3	-20.607361E+0	438.593705E+0	76.845207E+0	41.935484E-3
590	-607.360746E-3	-20.607361E+0	438.593705E+0	76.845207E+0	41.935484E-3
591	-607.360746E-3	-19.932609E+0	454.683935E+0	76.735740E+0	41.935484E-3
592	-207.360746E-3	-19.932609E+0	454.683935E+0	76.735740E+0	41.935484E-3
593	67.390821E-3	-19.932609E+0	454.683935E+0	76.735740E+0	41.935484E-3
594	67.390821E-3	-19.932609E+0	454.683935E+0	76.735740E+0	41.935484E-3
595	67.390821E-3	-19.222618E+0	471.614494E+0	76.505098E+0	41.935484E-3
596	467.390821E-3	-19.222618E+0	471.614494E+0	76.505098E+0	41.935484E-3
597	777.382021E-3	-19.222618E+0	471.614494E+0	76.505098E+0	41.935484E-3
598	777.382021E-3	-19.222618E+0	471.614494E+0	76.505098E+0	41.935484E-3
599	777.382021E-3	-18.455325E+0	489.911471E+0	79.070000E+0	41.935484E-3
600	1.177398E+0	-18.455325E+0	489.911471E+0	79.070000E+0	41.935484E-3
601	1.544675E+0	-18.455325E+0	489.911471E+0	79.070000E+0	41.935484E-3
602	1.544675E+0	-18.455325E+0	489.911471E+0	79.070000E+0	41.935484E-3
603	1.544675E+0	-17.621041E+0	509.805934E+0	78.833182E+0	41.935484E-3
604	1.544675E+0	-17.621041E+0	509.805934E+0	78.833182E+0	41.935484E-3
605	2.378959E+0	-17.621041E+0	509.805934E+0	78.833182E+0	41.935484E-3
606	2.413226E+0	-17.621041E+0	509.805934E+0	78.833182E+0	41.935484E-3
607	2.378959E+0	-16.474993E+0	537.134781E+0	79.379282E+0	41.935484E-3
608	2.744691E+0	-16.474993E+0	537.134781E+0	79.379282E+0	41.935484E-3
609	3.510423E+0	-16.474993E+0	537.134781E+0	79.379282E+0	41.935484E-3
610	3.876139E+0	-16.474993E+0	537.134781E+0	79.379282E+0	41.935484E-3
611	3.841887E+0	-15.041891E+0	571.308747E+0	81.758023E+0	41.935484E-3
612	4.207651E+0	-15.041891E+0	571.308747E+0	81.758023E+0	41.935484E-3
613	4.958109E+0	-15.041891E+0	571.308747E+0	81.758023E+0	41.935484E-3
614	5.308487E+0	-15.041891E+0	571.308747E+0	81.758023E+0	41.935484E-3
615	5.258945E+0	-13.462063E+0	608.981564E+0	83.743017E+0	41.935484E-3
616	5.609403E+0	-13.462063E+0	608.981564E+0	83.743017E+0	41.935484E-3
617	6.359861E+0	-13.462063E+0	608.981564E+0	83.743017E+0	41.935484E-3
618	6.710319E+0	-13.462063E+0	608.981564E+0	83.743017E+0	41.935484E-3
619	6.660777E+0	-12.097158E+0	641.529314E+0	84.248124E+0	41.935484E-3
620	6.660777E+0	-12.097158E+0	641.529314E+0	84.248124E+0	41.935484E-3
621	7.761709E+0	-12.097158E+0	641.529314E+0	84.248124E+0	41.935484E-3
622	8.112167E+0	-12.097158E+0	641.529314E+0	84.248124E+0	41.935484E-3
623	8.062625E+0	-10.949839E+0	668.888451E+0	84.114961E+0	41.935484E-3
624	8.413067E+0	-10.949839E+0	668.888451E+0	84.114961E+0	41.935484E-3
625	9.050161E+0	-10.949839E+0	668.888451E+0	84.114961E+0	41.935484E-3
626	9.287335E+0	-10.949839E+0	668.888451E+0	84.114961E+0	41.935484E-3
627	9.124525E+0	-10.151594E+0	687.923525E+0	83.772162E+0	41.935484E-3
628	9.361716E+0	-10.151594E+0	687.923525E+0	83.772162E+0	41.935484E-3
629	9.848406E+0	-10.151594E+0	687.923525E+0	83.772162E+0	41.935484E-3
630	9.935080E+0	-10.151594E+0	687.923525E+0	83.772162E+0	41.935484E-3
631	9.848406E+0	-9.732901E+0	697.907750E+0	82.138911E+0	41.935484E-3
632	10.161732E+0	-9.732901E+0	697.907750E+0	82.138911E+0	41.935484E-3
633	10.267099E+0	-9.732901E+0	697.907750E+0	82.138911E+0	41.935484E-3
634	10.267099E+0	-9.732901E+0	697.907750E+0	82.138911E+0	41.935484E-3
635	10.267099E+0	-9.470829E+0	704.157159E+0	79.856544E+0	41.935484E-3
636	10.529171E+0	-9.470829E+0	704.157159E+0	79.856544E+0	41.935484E-3
637	10.529171E+0	-9.470829E+0	704.157159E+0	79.856544E+0	41.935484E-3
638	10.529171E+0	-9.470829E+0	704.157159E+0	79.856544E+0	41.935484E-3
639	10.529171E+0	-9.635377E+0	700.233306E+0	78.944399E+0	41.935484E-3
640	10.364623E+0	-9.635377E+0	700.233306E+0	78.944399E+0	41.935484E-3
641	10.364623E+0	-9.635377E+0	700.233306E+0	78.944399E+0	41.935484E-3
642	10.364623E+0	-9.635377E+0	700.233306E+0	78.944399E+0	41.935484E-3
643	10.364623E+0	-10.036147E+0	690.676503E+0	80.176776E+0	41.935484E-3
644	9.964623E+0	-10.036147E+0	690.676503E+0	80.176776E+0	41.935484E-3
645	9.963853E+0	-10.036147E+0	690.676503E+0	80.176776E+0	41.935484E-3
646	9.963853E+0	-10.036147E+0	690.676503E+0	80.176776E+0	41.935484E-3
647	9.963853E+0	-10.721565E+0	674.331913E+0	80.426745E+0	41.935484E-3
648	9.563853E+0	-10.721565E+0	674.331913E+0	80.426745E+0	41.935484E-3
649	9.278435E+0	-10.721565E+0	674.331913E+0	80.426745E+0	41.935484E-3
650	9.278435E+0	-10.721565E+0	674.331913E+0	80.426745E+0	41.935484E-3
651	9.278435E+0	-11.806765E+0	648.454054E+0	80.207838E+0	41.935484E-3
652	8.878435E+0	-11.806765E+0	648.454054E+0	80.207838E+0	41.935484E-3
653	8.878435E+0	-11.806765E+0	648.454054E+0	80.207838E+0	41.935484E-3
654	7.908018E+0	-11.806765E+0	648.454054E+0	80.207838E+0	41.935484E-3
655	8.022801E+0	-12.810591E+0	624.516685E+0	80.650969E+0	41.935484E-3
656	7.737585E+0	-12.810591E+0	624.516685E+0	80.650969E+0	41.935484E-3
657	7.189409E+0	-12.810591E+0	624.516685E+0	80.650969E+0	41.935484E-3
658	7.041250E+0	-12.810591E+0	624.516685E+0	80.650969E+0	41.935484E-3
659	7.189409E+0	-13.724014E+0	602.735061E+0	81.378371E+0	41.935484E-3
660	6.937553E+0	-13.724014E+0	602.735061E+0	81.378371E+0	41.935484E-3
661	6.285729E+0	-13.724014E+0	602.735061E+0	81.378371E+0	41.935484E-3
662	6.033984E+0	-13.724014E+0	602.735061E+0	81.378371E+0	41.935484E-3
663	6.182160E+0	-14.608367E+0	581.646632E+0	81.914100E+0	41.935484E-3
664	5.930335E+0	-14.608367E+0	581.646632E+0	81.914100E+0	41.935484E-3
665	5.391633E+0	-14.608367E+0	581.646632E+0	81.914100E+0	41.935484E-3
666	5.252930E+0	-14.608367E+0	581.646632E+0	81.914100E+0	41.935484E-3
667	5.391633E+0	-15.357036E+0	563.793752E+0	83.003302E+0	41.935484E-3
668	5.130335E+0	-15.357036E+0	563.793752E+0	83.003302E+0	41.935484E-3
669	4.642964E+0	-15.357036E+0	563.793752E+0	83.003302E+0	41.935484E-3
670	4.555624E+0	-15.357036E+0	563.793752E+0	83.003302E+0	41.935484E-3
671	4.642964E+0	-16.014145E+0	548.124229E+0	82.569627E+0	41.935484E-3
672	4.330303E+0	-16.014145E+0	548.124229E+0	82.569627E+0	41.935484E-3
673	3.985855E+0	-16.014145E+0	548.124229E+0	82.569627E+0	41.935484E-3
674	3.985855E+0	-16.014145E+0	548.124229E+0	82.569627E+0	41.935484E-3
675	3.985855E+0	-16.680986E+0	532.222642E+0	81.442588E+0	41.935484E-3
676	3.585855E+0	-16.680986E+0	532.222642E+0	81.442588E+0	41.935484E-3
677	3.319014E+0	-16.680986E+0	532.222642E+0	81.442588E+0	41.935484E-3
678	3.319014E+0	-16.680986E+0	532.222642E+0	81.442588E+0	41.935484E-3
679	3.319014E+0	-17.267878E+0	518.227533E+0	79.925703E+0	41.935484E-3
680	2.918998E+0	-17.267878E+0	518.227533E+0	79.925703E+0	41.935484E-3
681	2.732122E+0	-17.267878E+0	518.227533E+0	79.925703E+0	41.935484E-3
682	2.732122E+0	-17.267878E+0	518.227533E+0	79.925703E+0	41.935484E-3
683	2.732122E+0	-16.689625E+0	532.016626E+0	77.872445E+0	41.935484E-3
684	3.132106E+0	-16.689625E+0	532.016626E+0	77.872445E+0	41.935484E-3
685	3.310375E+0	-16.689625E+0	532.016626E+0	77.872445E+0	41.935484E-3
686	3.310375E+0	-16.689625E+0	532.016626E+0	77.872445E+0	41.935484E-3
687	3.310375E+0	-16.126163E+0	545.453043E+0	77.047370E+0	41.935484E-3
688	3.710391E+0	-16.126163E+0	545.453043E+0	77.047370E+0	41.935484E-3
689	3.873837E+0	-16.126163E+0	545.453043E+0	77.047370E+0	41.935484E-3
690	3.873837E+0	-16.126163E+0	545.453043E+0	77.047370E+0	41.935484E-3
691	3.873837E+0	-15.635734E+0	557.147870E+0	76.988213E+0	41.935484E-3
692	4.273821E+0	-15.635734E+0	557.147870E+0	76.988213E+0	41.935484E-3
693	4.364266E+0	-15.635734E+0	557.147870E+0	76.988213E+0	41.935484E-3
694	4.364266E+0	-15.635734E+0	557.147870E+0	76.988213E+0	41.935484E-3
695	4.364266E+0	-14.996243E+0	572.397282E+0	78.657867E+0	41.935484E-3
696	4.764266E+0	-14.996243E+0	572.397282E+0	78.657867E+0	41.935484E-3
697	5.003757E+0	-14.996243E+0	572.397282E+0	78.657867E+0	41.935484E-3
698	5.003757E+0	-14.996243E+0	572.397282E+0	78.657867E+0	41.935484E-3
699	5.003757E+0	-14.375662E+0	587.195749E+0	79.258462E+0	41.935484E-3
700	5.403773E+0	-14.375662E+0	587.195749E+0	79.258462E+0	41.935484E-3
701	5.624338E+0	-14.375662E+0	587.195749E+0	79.258462E+0	41.935484E-3
702	5.624338E+0	-14.375662E+0	587.195749E+0	79.258462E+0	41.935484E-3
703	5.624338E+0	-13.728486E+0	602.628400E+0	82.466540E+0	41.935484E-3
704	6.024354E+0	-13.728486E+0	602.628400E+0	82.466540E+0	41.935484E-3
705	6.271514E+0	-13.728486E+0	602.628400E+0	82.466540E+0	41.935484E-3
706	6.271514E+0	-13.728486E+0	602.628400E+0	82.466540E+0	41.935484E-3
707	6.271514E+0	-13.204583E+0	615.121485E+0	82.060606E+0	41.935484E-3
708	6.671514E+0	-13.204583E+0	615.121485E+0	82.060606E+0	41.935484E-3
709	6.795417E+0	-13.204583E+0	615.121485E+0	82.060606E+0	41.935484E-3
710	6.795417E+0	-13.204583E+0	615.121485E+0	82.060606E+0	41.935484E-3
711	6.795417E+0	-13.436190E+0	609.598542E+0	81.171706E+0	41.935484E-3
712	6.563810E+0	-13.436190E+0	609.598542E+0	81.171706E+0	41.935484E-3
713	6.563810E+0	-13.436190E+0	609.598542E+0	81.171706E+0	41.935484E-3
714	6.563810E+0	-13.436190E+0	609.598542E+0	81.171706E+0	41.935484E-3
715	6.563810E+0	-13.799304E+0	600.939664E+0	80.137461E+0	41.935484E-3
716	6.200696E+0	-13.799304E+0	600.939664E+0	80.137461E+0	41.935484E-3
717	6.200696E+0	-13.799304E+0	600.939664E+0	80.137461E+0	41.935484E-3
718	6.200696E+0	-13.799304E+0	600.939664E+0	80.137461E+0	41.935484E-3
719	6.200696E+0	-13.968605E+0	596.902489E+0	79.690706E+0	41.935484E-3
720	6.031395E+0	-13.968605E+0	596.902489E+0	79.690706E+0	41.935484E-3
721	6.031395E+0	-13.968605E+0	596.902489E+0	79.690706E+0	41.935484E-3
722	6.031395E+0	-13.968605E+0	596.902489E+0	79.690706E+0	41.935484E-3
723	6.031395E+0	-13.894454E+0	598.670704E+0	80.388847E+0	41.935484E-3
724	6.105546E+0	-13.894454E+0	598.670704E+0	80.388847E+0	41.935484E-3
725	6.105546E+0	-13.894454E+0	598.670704E+0	80.388847E+0	41.935484E-3
726	6.105546E+0	-13.894454E+0	598.670704E+0	80.388847E+0	41.935484E-3
727	6.105546E+0	-13.763077E+0	601.803544E+0	79.565999E+0	41.935484E-3
728	6.236923E+0	-13.763077E+0	601.803544E+0	79.565999E+0	41.935484E-3
729	6.236923E+0	-13.763077E+0	601.803544E+0	79.565999E+0	41.935484E-3
730	6.236923E+0	-13.763077E+0	601.803544E+0	79.565999E+0	41.935484E-3
731	6.236923E+0	-13.451847E+0	609.225176E+0	79.658848E+0	41.935484E-3
732	6.548153E+0	-13.451847E+0	609.225176E+0	79.658848E+0	41.935484E-3
733	6.548153E+0	-13.451847E+0	609.225176E+0	79.658848E+0	41.935484E-3
734	6.548153E+0	-13.451847E+0	609.225176E+0	79.658848E+0	41.935484E-3
735	6.548153E+0	-13.225183E+0	614.630248E+0	78.938644E+0	41.935484E-3
736	6.774817E+0	-13.225183E+0	614.630248E+0	78.938644E+0	41.935484E-3
737	6.774817E+0	-13.225183E+0	614.630248E+0	78.938644E+0	41.935484E-3
738	6.774817E+0	-13.225183E+0	614.630248E+0	78.938644E+0	41.935484E-3
739	6.774817E+0	-13.265001E+0	613.680741E+0	78.687823E+0	41.935484E-3
740	6.734999E+0	-13.265001E+0	613.680741E+0	78.687823E+0	41.935484E-3
741	6.734999E+0	-13.265001E+0	613.680741E+0	78.687823E+0	41.935484E-3
742	6.734999E+0	-13.265001E+0	613.680741E+0	78.687823E+0	41.935484E-3
743	6.734999E+0	-13.515186E+0	607.714798E+0	79.678078E+0	41.935484E-3
744	6.484814E+0	-13.515186E+0	607.714798E+0	79.678078E+0	41.935484E-3
745	6.484814E+0	-13.515186E+0	607.714798E+0	79.678078E+0	41.935484E-3
746	6.484814E+0	-13.515186E+0	607.714798E+0	79.678078E+0	41.935484E-3
747	6.484814E+0	-13.733428E+0	602.510574E+0	80.651195E+0	41.935484E-3
748	6.266572E+0	-13.733428E+0	602.510574E+0	80.651195E+0	41.935484E-3
749	6.266572E+0	-13.733428E+0	602.510574E+0	80.651195E+0	41.935484E-3
750	6.266572E+0	-13.733428E+0	602.510574E+0	80.651195E+0	41.935484E-3
751	6.266572E+0	-13.616381E+0	605.301688E+0	80.867700E+0	41.935484E-3
752	6.383619E+0	-13.616381E+0	605.301688E+0	80.867700E+0	41.935484E-3
753	6.383619E+0	-13.616381E+0	605.301688E+0	80.867700E+0	41.935484E-3
754	6.383619E+0	-13.616381E+0	605.301688E+0	80.867700E+0	41.935484E-3
755	6.383619E+0	-13.482310E+0	608.498762E+0	80.593398E+0	41.935484E-3
756	6.517690E+0	-13.482310E+0	608.498762E+0	80.593398E+0	41.935484E-3
757	6.517690E+0	-13.482310E+0	608.498762E+0	80.593398E+0	41.935484E-3
758	6.517690E+0	-13.482310E+0	608.498762E+0	80.593398E+0	41.935484E-3
759	6.517690E+0	-13.521942E+0	607.553692E+0	81.301866E+0	41.935484E-3
760	6.478058E+0	-13.521942E+0	607.553692E+0	81.301866E+0	41.935484E-3
761	6.478058E+0	-13.521942E+0	607.553692E+0	81.301866E+0	41.935484E-3
762	6.478058E+0	-13.521942E+0	607.553692E+0	81.301866E+0	41.935484E-3
763	6.478058E+0	-13.615872E+0	605.313828E+0	81.170034E+0	41.935484E-3
764	6.384128E+0	-13.615872E+0	605.313828E+0	81.170034E+0	41.935484E-3
765	6.384128E+0	-13.615872E+0	605.313828E+0	81.170034E+0	41.935484E-3
766	6.384128E+0	-13.615872E+0	605.313828E+0	81.170034E+0	41.935484E-3
767	6.384128E+0	-13.681224E+0	603.755428E+0	81.418258E+0	41.935484E-3
768	6.318776E+0	-13.681224E+0	603.755428E+0	81.418258E+0	41.935484E-3
769	6.318776E+0	-13.681224E+0	603.755428E+0	81.418258E+0	41.935484E-3
770	6.318776E+0	-13.681224E+0	603.755428E+0	81.418258E+0	41.935484E-3
771	6.318776E+0	-13.681224E+0	603.755428E+0	81.418258E+0	41.935484E-3
772	6.318776E+0	-13.668654E+0	604.055183E+0	81.501547E+0	41.935484E-3
773	6.331346E+0	-13.668654E+0	604.055183E+0	81.501547E+0	41.935484E-3
774	6.331346E+0	-13.668654E+0	604.055183E+0	81.501547E+0	41.935484E-3
775	5.931346E+0	-13.668654E+0	604.055183E+0	81.501547E+0	41.935484E-3
776	5.131330E+0	-13.678610E+0	603.817758E+0	81.187937E+0	41.935484E-3
777	3.931330E+0	-13.678610E+0	603.817758E+0	81.187937E+0	41.935484E-3
778	2.331330E+0	-13.678610E+0	603.817758E+0	81.187937E+0	41.935484E-3
779	331.330386E-3	-13.678610E+0	603.817758E+0	81.187937E+0	41.935484E-3
780	-2.068702E+0	-13.660269E+0	604.255126E+0	79.541915E+0	41.935484E-3
781	-4.868702E+0	-13.660269E+0	604.255126E+0	79.541915E+0	41.935484E-3
782	-4.868702E+0	-13.660269E+0	604.255126E+0	79.541915E+0	41.935484E-3
783	-11.668814E+0	-13.709256E+0	603.086968E+0	79.868887E+0	41.935484E-3
784	-15.668814E+0	-13.709256E+0	603.086968E+0	79.868887E+0	41.935484E-3
785	-20.068830E+0	-13.709256E+0	603.086968E+0	79.868887E+0	41.935484E-3
786	-24.868846E+0	-13.709256E+0	603.086968E+0	79.868887E+0	41.935484E-3
787	-30.068862E+0	-13.635141E+0	604.854331E+0	78.239249E+0	41.935484E-3
788	-34.868894E+0	-13.635141E+0	604.854331E+0	78.239249E+0	41.935484E-3
789	-39.268910E+0	-13.635141E+0	604.854331E+0	78.239249E+0	41.935484E-3
790	-40.000000E+0	-13.635141E+0	604.854331E+0	78.239249E+0	41.935484E-3
791	-40.000000E+0	-13.635141E+0	604.854331E+0	78.239249E+0	41.935484E-3
792	-39.599984E+0	-12.726074E+0	626.532079E+0	76.733961E+0	41.935484E-3
793	-38.799904E+0	-12.726074E+0	626.532079E+0	76.733961E+0	41.935484E-3
794	-37.599904E+0	-12.726074E+0	626.532079E+0	76.733961E+0	41.935484E-3
795	-35.999888E+0	-9.772076E+0	696.973578E+0	78.149906E+0	41.935484E-3
796	-33.999888E+0	-9.772076E+0	696.973578E+0	78.149906E+0	41.935484E-3
797	-31.599888E+0	-9.772076E+0	696.973578E+0	78.149906E+0	41.935484E-3
798	-29.599888E+0	-9.772076E+0	696.973578E+0	78.149906E+0	41.935484E-3
799	-27.999904E+0	-5.569372E+0	797.191898E+0	78.436428E+0	41.935484E-3
800	-25.999904E+0	-5.569372E+0	797.191898E+0	78.436428E+0	41.935484E-3
801	-24.399872E+0	-5.569372E+0	797.191898E+0	78.436428E+0	41.935484E-3
802	-23.199840E+0	-5.569372E+0	797.191898E+0	78.436428E+0	41.935484E-3
803	-22.399808E+0	-5.569372E+0	797.191898E+0	78.436428E+0	41.935484E-3
804	-21.999776E+0	-1.230602E+0	900.654870E+0	78.102492E+0	41.935484E-3
805	-21.230602E+0	-1.230602E+0	900.654870E+0	78.102492E+0	41.935484E-3
806	-20.861509E+0	-1.230602E+0	900.654870E+0	78.102492E+0	41.935484E-3
807	-20.892335E+0	-1.230602E+0	900.654870E+0	78.102492E+0	41.935484E-3
808	-21.230602E+0	2.379709E+0	986.746905E+0	72.850274E+0	41.935484E-3
809	-21.168886E+0	2.379709E+0	986.746905E+0	72.850274E+0	41.935484E-3
810	-20.707137E+0	2.379709E+0	986.746905E+0	72.850274E+0	41.935484E-3
811	-20.707137E+0	2.379709E+0	986.746905E+0	72.850274E+0	41.935484E-3
812	-18.583704E+0	5.773716E+0	1.067681E+3	71.324786E+0	41.935484E-3
813	-16.921987E+0	5.773716E+0	1.067681E+3	71.324786E+0	41.935484E-3
814	-14.860254E+0	5.773716E+0	1.067681E+3	71.324786E+0	41.935484E-3
815	-13.198506E+0	5.773716E+0	1.067681E+3	71.324786E+0	41.935484E-3
816	-11.936757E+0	8.897874E+0	1.142180E+3	74.714959E+0	41.935484E-3
817	-11.075024E+0	8.897874E+0	1.142180E+3	74.714959E+0	41.935484E-3
818	-10.613276E+0	8.897874E+0	1.142180E+3	74.714959E+0	41.935484E-3
819	-10.551527E+0	8.897874E+0	1.142180E+3	74.714959E+0	41.935484E-3
820	-10.889811E+0	11.886542E+0	1.213448E+3	84.815245E+0	41.935484E-3
821	-10.828126E+0	11.886542E+0	1.213448E+3	84.815245E+0	41.935484E-3
822	-10.366441E+0	11.886542E+0	1.213448E+3	84.815245E+0	41.935484E-3
823	-9.504757E+0	14.566189E+0	1.277348E+3	91.801600E+0	41.935484E-3
824	-8.243072E+0	14.566189E+0	1.277348E+3	91.801600E+0	41.935484E-3
825	-6.581387E+0	14.566189E+0	1.277348E+3	91.801600E+0	41.935484E-3
826	-5.319703E+0	14.566189E+0	1.277348E+3	91.801600E+0	41.935484E-3
827	-4.458018E+0	14.566189E+0	1.277348E+3	91.801600E+0	41.935484E-3
828	-3.996333E+0	17.014391E+0	1.335728E+3	92.575633E+0	41.935484E-3
829	-3.134569E+0	17.014391E+0	1.335728E+3	92.575633E+0	41.935484E-3
830	-2.672772E+0	17.014391E+0	1.335728E+3	92.575633E+0	41.935484E-3
831	-2.610928E+0	17.014391E+0	1.335728E+3	92.575633E+0	41.935484E-3
832	-2.949067E+0	19.508442E+0	1.395201E+3	89.702962E+0	41.935484E-3
833	-2.887190E+0	19.508442E+0	1.395201E+3	89.702962E+0	41.935484E-3
834	-2.425314E+0	19.508442E+0	1.395201E+3	89.702962E+0	41.935484E-3
835	-1.563437E+0	21.955749E+0	1.453560E+3	86.938086E+0	41.935484E-3
836	-301.560327E-3	21.955749E+0	1.453560E+3	86.938086E+0	41.935484E-3
837	1.360316E+0	21.955749E+0	1.453560E+3	86.938086E+0	41.935484E-3
838	2.622193E+0	21.955749E+0	1.453560E+3	86.938086E+0	41.935484E-3
839	3.484054E+0	23.945863E+0	1.501017E+3	84.654719E+0	41.935484E-3
840	3.945898E+0	23.945863E+0	1.501017E+3	84.654719E+0	41.935484E-3
841	4.007695E+0	23.945863E+0	1.501017E+3	84.654719E+0	41.935484E-3
842	3.945863E+0	23.945863E+0	1.501017E+3	84.654719E+0	41.935484E-3
843	3.945863E+0	23.945863E+0	1.501017E+3	84.654719E+0	41.935484E-3
844	3.945863E+0	25.973699E+0	1.549373E+3	82.397400E+0	41.935484E-3
845	4.345863E+0	25.973699E+0	1.549373E+3	82.397400E+0	41.935484E-3
846	5.145863E+0	25.973699E+0	1.549373E+3	82.397400E+0	41.935484E-3
847	5.973699E+0	27.655436E+0	1.589476E+3	83.263466E+0	41.935484E-3
848	7.201535E+0	27.655436E+0	1.589476E+3	83.263466E+0	41.935484E-3
849	8.029370E+0	27.655436E+0	1.589476E+3	83.263466E+0	41.935484E-3
850	8.457174E+0	27.655436E+0	1.589476E+3	83.263466E+0	41.935484E-3
851	8.485010E+0	27.655436E+0	1.589476E+3	83.263466E+0	41.935484E-3
852	8.112846E+0	29.236434E+0	1.627177E+3	82.544980E+0	41.935484E-3
853	8.140682E+0	29.236434E+0	1.627177E+3	82.544980E+0	41.935484E-3
854	8.568598E+0	29.236434E+0	1.627177E+3	82.544980E+0	41.935484E-3
855	9.236434E+0	29.236434E+0	1.627177E+3	82.544980E+0	41.935484E-3
856	9.504271E+0	30.826638E+0	1.665097E+3	83.768876E+0	41.935484E-3
857	10.172107E+0	30.826638E+0	1.665097E+3	83.768876E+0	41.935484E-3
858	10.826638E+0	30.826638E+0	1.665097E+3	83.768876E+0	41.935484E-3
859	11.081184E+0	30.826638E+0	1.665097E+3	83.768876E+0	41.935484E-3
860	10.935699E+0	31.813783E+0	1.688636E+3	83.897727E+0	41.935484E-3
861	11.190181E+0	31.813783E+0	1.688636E+3	83.897727E+0	41.935484E-3
862	11.813783E+0	31.813783E+0	1.688636E+3	83.897727E+0	41.935484E-3
863	12.037385E+0	31.813783E+0	1.688636E+3	83.897727E+0	41.935484E-3
864	11.860986E+0	32.652353E+0	1.708633E+3	85.145565E+0	41.935484E-3
865	12.084588E+0	32.652353E+0	1.708633E+3	85.145565E+0	41.935484E-3
866	12.652353E+0	32.652353E+0	1.708633E+3	85.145565E+0	41.935484E-3
867	12.820198E+0	32.652353E+0	1.708633E+3	85.145565E+0	41.935484E-3
868	12.652353E+0	33.085188E+0	1.718954E+3	86.331383E+0	41.935484E-3
869	12.884540E+0	33.085188E+0	1.718954E+3	86.331383E+0	41.935484E-3
870	13.085188E+0	33.085188E+0	1.718954E+3	86.331383E+0	41.935484E-3
871	13.085188E+0	33.085188E+0	1.718954E+3	86.331383E+0	41.935484E-3
872	13.085188E+0	33.300644E+0	1.724092E+3	86.909881E+0	41.935484E-3
873	13.300644E+0	33.300644E+0	1.724092E+3	86.909881E+0	41.935484E-3
874	13.300644E+0	33.300644E+0	1.724092E+3	86.909881E+0	41.935484E-3
875	13.300644E+0	33.300644E+0	1.724092E+3	86.909881E+0	41.935484E-3
876	13.300644E+0	33.130816E+0	1.720043E+3	86.095920E+0	41.935484E-3
877	13.130816E+0	33.130816E+0	1.720043E+3	86.095920E+0	41.935484E-3
878	13.130816E+0	33.130816E+0	1.720043E+3	86.095920E+0	41.935484E-3
879	13.130816E+0	33.130816E+0	1.720043E+3	86.095920E+0	41.935484E-3
880	13.130816E+0	32.551679E+0	1.706232E+3	83.562596E+0	41.935484E-3
881	12.730848E+0	32.551679E+0	1.706232E+3	83.562596E+0	41.935484E-3
882	12.551679E+0	32.551679E+0	1.706232E+3	83.562596E+0	41.935484E-3
883	12.551679E+0	32.551679E+0	1.706232E+3	83.562596E+0	41.935484E-3
884	12.551679E+0	31.565465E+0	1.682715E+3	81.161639E+0	41.935484E-3
885	12.151679E+0	31.565465E+0	1.682715E+3	81.161639E+0	41.935484E-3
886	11.565465E+0	31.565465E+0	1.682715E+3	81.161639E+0	41.935484E-3
887	11.379236E+0	31.565465E+0	1.682715E+3	81.161639E+0	41.935484E-3
888	11.565465E+0	30.509208E+0	1.657527E+3	84.284945E+0	41.935484E-3
889	11.351615E+0	30.509208E+0	1.657527E+3	84.284945E+0	41.935484E-3
890	10.737812E+0	30.509208E+0	1.657527E+3	84.284945E+0	41.935484E-3
891	10.509208E+0	30.509208E+0	1.657527E+3	84.284945E+0	41.935484E-3
892	10.509208E+0	29.395577E+0	1.630971E+3	85.243983E+0	41.935484E-3
893	10.109224E+0	29.395577E+0	1.630971E+3	85.243983E+0	41.935484E-3
894	9.395577E+0	29.395577E+0	1.630971E+3	85.243983E+0	41.935484E-3
895	9.081929E+0	29.395577E+0	1.630971E+3	85.243983E+0	41.935484E-3
896	9.168282E+0	28.374996E+0	1.606635E+3	85.402005E+0	41.935484E-3
897	8.854650E+0	28.374996E+0	1.606635E+3	85.402005E+0	41.935484E-3
898	8.374996E+0	28.374996E+0	1.606635E+3	85.402005E+0	41.935484E-3
899	8.295342E+0	28.374996E+0	1.606635E+3	85.402005E+0	41.935484E-3
900	8.374996E+0	27.377632E+0	1.582851E+3	83.094223E+0	41.935484E-3
901	8.054666E+0	27.377632E+0	1.582851E+3	83.094223E+0	41.935484E-3
902	7.377632E+0	27.377632E+0	1.582851E+3	83.094223E+0	41.935484E-3
903	7.100502E+0	27.377632E+0	1.582851E+3	83.094223E+0	41.935484E-3
904	7.223372E+0	26.487137E+0	1.561616E+3	83.428500E+0	41.935484E-3
905	6.946241E+0	26.487137E+0	1.561616E+3	83.428500E+0	41.935484E-3
906	6.487137E+0	26.487137E+0	1.561616E+3	83.428500E+0	41.935484E-3
907	6.428049E+0	26.487137E+0	1.561616E+3	83.428500E+0	41.935484E-3
908	6.487137E+0	25.553738E+0	1.539358E+3	81.950978E+0	41.935484E-3
909	6.146225E+0	25.553738E+0	1.539358E+3	81.950978E+0	41.935484E-3
910	5.553738E+0	25.553738E+0	1.539358E+3	81.950978E+0	41.935484E-3
911	5.361235E+0	25.553738E+0	1.539358E+3	81.950978E+0	41.935484E-3
912	5.553738E+0	24.294142E+0	1.509322E+3	84.833534E+0	41.935484E-3
913	5.346209E+0	24.294142E+0	1.509322E+3	84.833534E+0	41.935484E-3
914	4.738713E+0	24.294142E+0	1.509322E+3	84.833534E+0	41.935484E-3
915	4.294142E+0	24.294142E+0	1.509322E+3	84.833534E+0	41.935484E-3
916	4.249555E+0	22.963072E+0	1.477581E+3	82.383810E+0	41.935484E-3
917	3.804985E+0	22.963072E+0	1.477581E+3	82.383810E+0	41.935484E-3
918	2.963072E+0	22.963072E+0	1.477581E+3	82.383810E+0	41.935484E-3
919	2.521175E+0	22.963072E+0	1.477581E+3	82.383810E+0	41.935484E-3
920	2.479295E+0	21.788723E+0	1.449577E+3	82.966232E+0	41.935484E-3
921	2.037446E+0	21.788723E+0	1.449577E+3	82.966232E+0	41.935484E-3
922	1.788723E+0	21.788723E+0	1.449577E+3	82.966232E+0	41.935484E-3
923	1.788723E+0	21.788723E+0	1.449577E+3	82.966232E+0	41.935484E-3
924	1.788723E+0	20.781151E+0	1.425551E+3	82.713214E+0	41.935484E-3
925	1.388723E+0	20.781151E+0	1.425551E+3	82.713214E+0	41.935484E-3
926	781.150950E-3	20.781151E+0	1.425551E+3	82.713214E+0	41.935484E-3
927	573.514930E-3	20.781151E+0	1.425551E+3	82.713214E+0	41.935484E-3
928	765.862911E-3	20.126927E+0	1.409950E+3	82.953355E+0	41.935484E-3
929	558.194892E-3	20.126927E+0	1.409950E+3	82.953355E+0	41.935484E-3
930	126.927477E-3	20.126927E+0	1.409950E+3	82.953355E+0	41.935484E-3
931	95.628062E-3	20.126927E+0	1.409950E+3	82.953355E+0	41.935484E-3
932	126.927477E-3	20.009432E+0	1.407148E+3	81.887163E+0	41.935484E-3
933	9.432121E-3	20.009432E+0	1.407148E+3	81.887163E+0	41.935484E-3
934	9.432121E-3	20.009432E+0	1.407148E+3	81.887163E+0	41.935484E-3
935	9.432121E-3	20.009432E+0	1.407148E+3	81.887163E+0	41.935484E-3
936	9.432121E-3	20.353136E+0	1.415344E+3	80.511641E+0	41.935484E-3
937	353.136127E-3	20.353136E+0	1.415344E+3	80.511641E+0	41.935484E-3
938	353.136127E-3	20.353136E+0	1.415344E+3	80.511641E+0	41.935484E-3
939	353.136127E-3	20.353136E+0	1.415344E+3	80.511641E+0	41.935484E-3
940	353.136127E-3	21.114274E+0	1.433494E+3	79.772277E+0	41.935484E-3
941	753.104128E-3	21.114274E+0	1.433494E+3	79.772277E+0	41.935484E-3
942	1.114274E+0	21.114274E+0	1.433494E+3	79.772277E+0	41.935484E-3
943	1.114274E+0	21.114274E+0	1.433494E+3	79.772277E+0	41.935484E-3
944	1.114274E+0	21.812428E+0	1.450143E+3	78.316763E+0	41.935484E-3
945	1.514290E+0	21.812428E+0	1.450143E+3	78.316763E+0	41.935484E-3
946	1.812428E+0	21.812428E+0	1.450143E+3	78.316763E+0	41.935484E-3
947	1.812428E+0	21.812428E+0	1.450143E+3	78.316763E+0	41.935484E-3
948	1.812428E+0	22.697664E+0	1.471252E+3	80.715303E+0	41.935484E-3
949	2.212444E+0	22.697664E+0	1.471252E+3	80.715303E+0	41.935484E-3
950	2.697664E+0	22.697664E+0	1.471252E+3	80.715303E+0	41.935484E-3
951	2.782996E+0	22.697664E+0	1.471252E+3	80.715303E+0	41.935484E-3
952	2.697664E+0	22.697664E+0	1.471252E+3	80.715303E+0	41.935484E-3
953	2.697664E+0	23.729670E+0	1.495861E+3	82.089387E+0	41.935484E-3
954	3.097664E+0	23.729670E+0	1.495861E+3	82.089387E+0	41.935484E-3
955	3.729670E+0	23.729670E+0	1.495861E+3	82.089387E+0	41.935484E-3
956	3.961661E+0	24.717217E+0	1.519411E+3	82.037433E+0	41.935484E-3
957	4.593635E+0	24.717217E+0	1.519411E+3	82.037433E+0	41.935484E-3
958	4.825610E+0	24.717217E+0	1.519411E+3	82.037433E+0	41.935484E-3
959	4.717217E+0	24.717217E+0	1.519411E+3	82.037433E+0	41.935484E-3
960	4.717217E+0	25.684283E+0	1.542471E+3	83.380597E+0	41.935484E-3
961	5.117265E+0	25.684283E+0	1.542471E+3	83.380597E+0	41.935484E-3
962	5.684283E+0	25.684283E+0	1.542471E+3	83.380597E+0	41.935484E-3
963	5.851316E+0	25.684283E+0	1.542471E+3	83.380597E+0	41.935484E-3
964	5.684283E+0	26.451248E+0	1.560761E+3	85.232903E+0	41.935484E-3
965	5.917265E+0	26.451248E+0	1.560761E+3	85.232903E+0	41.935484E-3
966	6.451248E+0	26.451248E+0	1.560761E+3	85.232903E+0	41.935484E-3
967	6.585231E+0	26.451248E+0	1.560761E+3	85.232903E+0	41.935484E-3
968	6.451248E+0	27.535077E+0	1.586606E+3	86.844920E+0	41.935484E-3
969	6.717281E+0	27.535077E+0	1.586606E+3	86.844920E+0	41.935484E-3
970	7.383345E+0	27.535077E+0	1.586606E+3	86.844920E+0	41.935484E-3
971	7.649442E+0	27.535077E+0	1.586606E+3	86.844920E+0	41.935484E-3
972	7.535077E+0	28.868831E+0	1.618411E+3	84.346763E+0	41.935484E-3
973	7.535077E+0	28.868831E+0	1.618411E+3	84.346763E+0	41.935484E-3
974	7.935157E+0	28.868831E+0	1.618411E+3	84.346763E+0	41.935484E-3
975	8.735157E+0	28.868831E+0	1.618411E+3	84.346763E+0	41.935484E-3
976	9.135157E+0	30.324505E+0	1.653123E+3	83.163137E+0	41.935484E-3
977	9.935157E+0	30.324505E+0	1.653123E+3	83.163137E+0	41.935484E-3
978	10.335157E+0	30.324505E+0	1.653123E+3	83.163137E+0	41.935484E-3
979	10.335141E+0	30.324505E+0	1.653123E+3	83.163137E+0	41.935484E-3
980	10.324505E+0	31.373517E+0	1.678138E+3	84.157066E+0	41.935484E-3
981	10.713837E+0	31.373517E+0	1.678138E+3	84.157066E+0	41.935484E-3
982	11.373517E+0	31.373517E+0	1.678138E+3	84.157066E+0	41.935484E-3
983	11.633197E+0	31.373517E+0	1.678138E+3	84.157066E+0	41.935484E-3
984	11.492862E+0	32.322797E+0	1.700774E+3	84.243309E+0	41.935484E-3
985	11.752606E+0	32.322797E+0	1.700774E+3	84.243309E+0	41.935484E-3
986	12.322797E+0	32.322797E+0	1.700774E+3	84.243309E+0	41.935484E-3
987	12.322797E+0	32.322797E+0	1.700774E+3	84.243309E+0	41.935484E-3
988	12.322797E+0	32.649762E+0	1.708571E+3	86.133822E+0	41.935484E-3
989	12.552622E+0	32.649762E+0	1.708571E+3	86.133822E+0	41.935484E-3
990	12.649762E+0	32.649762E+0	1.708571E+3	86.133822E+0	41.935484E-3
991	12.649762E+0	32.649762E+0	1.708571E+3	86.133822E+0	41.935484E-3
992	12.649762E+0	32.435019E+0	1.703450E+3	85.192857E+0	41.935484E-3
993	12.435019E+0	32.435019E+0	1.703450E+3	85.192857E+0	41.935484E-3
994	12.435019E+0	32.435019E+0	1.703450E+3	85.192857E+0	41.935484E-3
995	12.435019E+0	32.435019E+0	1.703450E+3	85.192857E+0	41.935484E-3
996	12.435019E+0	32.435019E+0	1.703450E+3	85.192857E+0	41.935484E-3
997	12.435019E+0	31.616454E+0	1.683931E+3	84.461129E+0	41.935484E-3
998	12.034955E+0	31.616454E+0	1.683931E+3	84.461129E+0	41.935484E-3
999	11.616454E+0	31.616454E+0	1.683931E+3	84.461129E+0	41.935484E-3
1000	11.597969E+0	31.616454E+0	1.683931E+3	84.461129E+0	41.935484E-3
