lundi 2 mars 2020	17:48:58	Sampling Period : 50  ms		B&B alpha1

t	I1	I2	Alpha1	Alpha2	x	y	dotx	doty
0	6.835566E+0	37.963136E+0	1.835275E+3	84.401120E+0	41.935484E-3
1	6.835566E+0	37.963136E+0	1.835275E+3	84.401120E+0	41.935484E-3
2	6.835566E+0	37.963136E+0	1.835275E+3	84.401120E+0	41.935484E-3
3	6.835566E+0	37.963136E+0	1.835275E+3	84.401120E+0	41.935484E-3
4	6.835566E+0	37.962470E+0	1.835259E+3	83.517817E+0	41.935484E-3
5	6.835566E+0	37.962470E+0	1.835259E+3	83.517817E+0	41.935484E-3
6	6.835566E+0	37.962470E+0	1.835259E+3	83.517817E+0	41.935484E-3
7	6.835566E+0	37.962470E+0	1.835259E+3	83.517817E+0	41.935484E-3
8	6.835566E+0	37.957207E+0	1.835133E+3	83.115064E+0	41.935484E-3
9	6.835566E+0	37.957207E+0	1.835133E+3	83.115064E+0	41.935484E-3
10	6.835566E+0	37.957207E+0	1.835133E+3	83.115064E+0	41.935484E-3
11	6.835566E+0	37.957207E+0	1.835133E+3	83.115064E+0	41.935484E-3
12	6.835566E+0	37.954281E+0	1.835064E+3	82.781466E+0	41.935484E-3
13	6.835566E+0	37.954281E+0	1.835064E+3	82.781466E+0	41.935484E-3
14	6.835566E+0	37.954281E+0	1.835064E+3	82.781466E+0	41.935484E-3
15	6.835566E+0	37.954281E+0	1.835064E+3	82.781466E+0	41.935484E-3
16	6.835566E+0	37.956222E+0	1.835110E+3	82.120223E+0	41.935484E-3
17	6.835566E+0	37.956222E+0	1.835110E+3	82.120223E+0	41.935484E-3
18	6.835566E+0	37.956222E+0	1.835110E+3	82.120223E+0	41.935484E-3
19	6.835566E+0	37.956222E+0	1.835110E+3	82.120223E+0	41.935484E-3
20	6.835566E+0	37.955069E+0	1.835082E+3	81.851758E+0	41.935484E-3
21	6.835566E+0	37.955069E+0	1.835082E+3	81.851758E+0	41.935484E-3
22	6.835566E+0	37.955069E+0	1.835082E+3	81.851758E+0	41.935484E-3
23	6.835566E+0	37.955069E+0	1.835082E+3	81.851758E+0	41.935484E-3
24	6.835566E+0	37.957810E+0	1.835148E+3	81.713554E+0	41.935484E-3
25	6.835566E+0	37.957810E+0	1.835148E+3	81.713554E+0	41.935484E-3
26	6.835566E+0	37.957810E+0	1.835148E+3	81.713554E+0	41.935484E-3
27	6.835566E+0	37.957810E+0	1.835148E+3	81.713554E+0	41.935484E-3
28	6.835566E+0	37.954667E+0	1.835073E+3	81.499855E+0	41.935484E-3
29	6.835566E+0	37.954667E+0	1.835073E+3	81.499855E+0	41.935484E-3
30	6.835566E+0	37.954667E+0	1.835073E+3	81.499855E+0	41.935484E-3
31	6.835566E+0	37.954667E+0	1.835073E+3	81.499855E+0	41.935484E-3
32	6.835566E+0	37.954804E+0	1.835076E+3	82.151881E+0	41.935484E-3
33	6.835566E+0	37.954804E+0	1.835076E+3	82.151881E+0	41.935484E-3
34	6.835566E+0	37.954804E+0	1.835076E+3	82.151881E+0	41.935484E-3
35	6.835566E+0	37.954804E+0	1.835076E+3	82.151881E+0	41.935484E-3
36	6.835566E+0	37.968529E+0	1.835403E+3	83.022701E+0	41.935484E-3
37	6.835566E+0	37.968529E+0	1.835403E+3	83.022701E+0	41.935484E-3
38	6.835566E+0	37.968529E+0	1.835403E+3	83.022701E+0	41.935484E-3
39	6.835566E+0	37.968529E+0	1.835403E+3	83.022701E+0	41.935484E-3
40	6.835566E+0	37.962236E+0	1.835253E+3	83.597582E+0	41.935484E-3
41	6.835566E+0	37.962236E+0	1.835253E+3	83.597582E+0	41.935484E-3
42	6.835566E+0	37.962236E+0	1.835253E+3	83.597582E+0	41.935484E-3
43	6.835566E+0	37.962236E+0	1.835253E+3	83.597582E+0	41.935484E-3
44	6.835566E+0	37.961519E+0	1.835236E+3	84.445364E+0	41.935484E-3
45	6.835566E+0	37.961519E+0	1.835236E+3	84.445364E+0	41.935484E-3
46	6.835566E+0	37.961519E+0	1.835236E+3	84.445364E+0	41.935484E-3
47	6.835566E+0	37.961519E+0	1.835236E+3	84.445364E+0	41.935484E-3
48	6.835566E+0	37.961463E+0	1.835235E+3	84.210526E+0	41.935484E-3
49	6.835566E+0	37.961463E+0	1.835235E+3	84.210526E+0	41.935484E-3
50	6.835566E+0	37.961463E+0	1.835235E+3	84.210526E+0	41.935484E-3
51	6.835566E+0	37.961463E+0	1.835235E+3	84.210526E+0	41.935484E-3
52	6.835566E+0	37.946258E+0	1.834872E+3	84.140821E+0	41.935484E-3
53	6.835566E+0	37.946258E+0	1.834872E+3	84.140821E+0	41.935484E-3
54	6.835566E+0	37.946258E+0	1.834872E+3	84.140821E+0	41.935484E-3
55	6.835566E+0	37.946258E+0	1.834872E+3	84.140821E+0	41.935484E-3
56	6.835566E+0	37.956819E+0	1.835124E+3	84.104184E+0	41.935484E-3
57	6.835566E+0	37.956819E+0	1.835124E+3	84.104184E+0	41.935484E-3
58	6.835566E+0	37.956819E+0	1.835124E+3	84.104184E+0	41.935484E-3
59	6.835566E+0	37.956819E+0	1.835124E+3	84.104184E+0	41.935484E-3
60	6.835566E+0	37.959441E+0	1.835187E+3	83.303292E+0	41.935484E-3
61	6.835566E+0	37.959441E+0	1.835187E+3	83.303292E+0	41.935484E-3
62	6.835566E+0	37.959441E+0	1.835187E+3	83.303292E+0	41.935484E-3
63	6.835566E+0	37.959441E+0	1.835187E+3	83.303292E+0	41.935484E-3
64	6.835566E+0	37.957581E+0	1.835142E+3	82.762642E+0	41.935484E-3
65	6.835566E+0	37.957581E+0	1.835142E+3	82.762642E+0	41.935484E-3
66	6.835566E+0	37.957581E+0	1.835142E+3	82.762642E+0	41.935484E-3
67	6.835566E+0	37.957581E+0	1.835142E+3	82.762642E+0	41.935484E-3
68	6.835566E+0	37.949734E+0	1.834955E+3	82.379879E+0	41.935484E-3
69	6.835566E+0	37.949734E+0	1.834955E+3	82.379879E+0	41.935484E-3
70	6.835566E+0	37.949734E+0	1.834955E+3	82.379879E+0	41.935484E-3
71	6.835566E+0	37.949734E+0	1.834955E+3	82.379879E+0	41.935484E-3
72	6.835566E+0	37.949185E+0	1.834942E+3	81.968541E+0	41.935484E-3
73	6.835566E+0	37.949185E+0	1.834942E+3	81.968541E+0	41.935484E-3
74	6.835566E+0	37.949185E+0	1.834942E+3	81.968541E+0	41.935484E-3
75	6.835566E+0	37.949185E+0	1.834942E+3	81.968541E+0	41.935484E-3
76	6.835566E+0	37.949770E+0	1.834956E+3	81.736842E+0	41.935484E-3
77	6.835566E+0	37.949770E+0	1.834956E+3	81.736842E+0	41.935484E-3
78	6.835566E+0	37.949770E+0	1.834956E+3	81.736842E+0	41.935484E-3
79	6.835566E+0	37.949770E+0	1.834956E+3	81.736842E+0	41.935484E-3
80	6.835566E+0	37.949692E+0	1.834954E+3	81.771485E+0	41.935484E-3
81	6.835566E+0	37.949692E+0	1.834954E+3	81.771485E+0	41.935484E-3
82	6.835566E+0	37.949692E+0	1.834954E+3	81.771485E+0	41.935484E-3
83	6.835566E+0	37.949692E+0	1.834954E+3	81.771485E+0	41.935484E-3
84	6.835566E+0	37.961562E+0	1.835237E+3	81.729398E+0	41.935484E-3
85	6.835566E+0	37.961562E+0	1.835237E+3	81.729398E+0	41.935484E-3
86	6.835566E+0	37.961562E+0	1.835237E+3	81.729398E+0	41.935484E-3
87	6.835566E+0	37.961562E+0	1.835237E+3	81.729398E+0	41.935484E-3
88	6.835566E+0	37.953474E+0	1.835044E+3	81.834870E+0	41.935484E-3
89	6.835566E+0	37.953474E+0	1.835044E+3	81.834870E+0	41.935484E-3
90	6.835566E+0	37.953474E+0	1.835044E+3	81.834870E+0	41.935484E-3
91	6.835566E+0	37.953474E+0	1.835044E+3	81.834870E+0	41.935484E-3
92	6.835566E+0	37.960695E+0	1.835217E+3	83.435743E+0	41.935484E-3
93	6.835566E+0	37.960695E+0	1.835217E+3	83.435743E+0	41.935484E-3
94	6.835566E+0	37.960695E+0	1.835217E+3	83.435743E+0	41.935484E-3
95	6.835566E+0	37.960695E+0	1.835217E+3	83.435743E+0	41.935484E-3
96	6.835566E+0	37.968280E+0	1.835397E+3	83.804461E+0	41.935484E-3
97	6.835566E+0	37.968280E+0	1.835397E+3	83.804461E+0	41.935484E-3
98	6.835566E+0	37.968280E+0	1.835397E+3	83.804461E+0	41.935484E-3
99	6.835566E+0	37.968280E+0	1.835397E+3	83.804461E+0	41.935484E-3
100	6.835566E+0	37.968280E+0	1.835397E+3	83.804461E+0	41.935484E-3
101	6.835566E+0	37.968198E+0	1.835395E+3	83.878181E+0	41.935484E-3
102	6.835566E+0	37.968198E+0	1.835395E+3	83.878181E+0	41.935484E-3
103	6.835566E+0	37.968198E+0	1.835395E+3	83.878181E+0	41.935484E-3
104	6.835566E+0	37.970962E+0	1.835461E+3	84.438507E+0	41.935484E-3
105	6.835566E+0	37.970962E+0	1.835461E+3	84.438507E+0	41.935484E-3
106	6.835566E+0	37.970962E+0	1.835461E+3	84.438507E+0	41.935484E-3
107	6.835566E+0	37.970962E+0	1.835461E+3	84.438507E+0	41.935484E-3
108	6.835566E+0	37.960199E+0	1.835205E+3	84.488022E+0	41.935484E-3
109	6.835566E+0	37.960199E+0	1.835205E+3	84.488022E+0	41.935484E-3
110	6.835566E+0	37.960199E+0	1.835205E+3	84.488022E+0	41.935484E-3
111	6.835566E+0	37.960199E+0	1.835205E+3	84.488022E+0	41.935484E-3
112	6.835566E+0	37.969599E+0	1.835429E+3	83.845632E+0	41.935484E-3
113	6.835566E+0	37.969599E+0	1.835429E+3	83.845632E+0	41.935484E-3
114	6.835566E+0	37.969599E+0	1.835429E+3	83.845632E+0	41.935484E-3
115	6.835566E+0	37.969599E+0	1.835429E+3	83.845632E+0	41.935484E-3
116	6.835566E+0	37.958536E+0	1.835165E+3	83.597507E+0	41.935484E-3
117	6.835566E+0	37.958536E+0	1.835165E+3	83.597507E+0	41.935484E-3
118	6.835566E+0	37.958536E+0	1.835165E+3	83.597507E+0	41.935484E-3
119	6.835566E+0	37.958536E+0	1.835165E+3	83.597507E+0	41.935484E-3
120	6.835566E+0	37.958536E+0	1.835165E+3	83.597507E+0	41.935484E-3
121	6.835566E+0	37.954780E+0	1.835076E+3	82.951314E+0	41.935484E-3
122	6.835566E+0	37.954780E+0	1.835076E+3	82.951314E+0	41.935484E-3
123	6.835566E+0	37.954780E+0	1.835076E+3	82.951314E+0	41.935484E-3
124	6.835566E+0	37.957132E+0	1.835132E+3	82.248545E+0	41.935484E-3
125	6.835566E+0	37.957132E+0	1.835132E+3	82.248545E+0	41.935484E-3
126	6.835566E+0	37.957132E+0	1.835132E+3	82.248545E+0	41.935484E-3
127	6.835566E+0	37.957132E+0	1.835132E+3	82.248545E+0	41.935484E-3
128	6.835566E+0	37.957132E+0	1.835132E+3	82.248545E+0	41.935484E-3
129	6.835566E+0	37.948794E+0	1.834933E+3	82.114523E+0	41.935484E-3
130	6.835566E+0	37.948794E+0	1.834933E+3	82.114523E+0	41.935484E-3
131	6.835566E+0	37.948794E+0	1.834933E+3	82.114523E+0	41.935484E-3
132	6.835566E+0	37.955623E+0	1.835096E+3	81.411666E+0	41.935484E-3
133	6.835566E+0	37.955623E+0	1.835096E+3	81.411666E+0	41.935484E-3
134	6.835566E+0	37.955623E+0	1.835096E+3	81.411666E+0	41.935484E-3
135	6.835566E+0	37.955623E+0	1.835096E+3	81.411666E+0	41.935484E-3
136	6.835566E+0	37.955623E+0	1.835096E+3	81.411666E+0	41.935484E-3
137	6.835566E+0	37.947127E+0	1.834893E+3	81.320350E+0	41.935484E-3
138	6.835566E+0	37.947127E+0	1.834893E+3	81.320350E+0	41.935484E-3
139	6.835566E+0	37.947127E+0	1.834893E+3	81.320350E+0	41.935484E-3
140	6.835566E+0	37.947127E+0	1.834893E+3	81.320350E+0	41.935484E-3
141	6.835566E+0	37.958127E+0	1.835155E+3	81.650876E+0	41.935484E-3
142	6.835566E+0	37.958127E+0	1.835155E+3	81.650876E+0	41.935484E-3
143	6.835566E+0	37.958127E+0	1.835155E+3	81.650876E+0	41.935484E-3
144	6.835566E+0	37.958750E+0	1.835170E+3	82.318983E+0	41.935484E-3
145	6.835566E+0	37.958750E+0	1.835170E+3	82.318983E+0	41.935484E-3
146	6.835566E+0	37.958750E+0	1.835170E+3	82.318983E+0	41.935484E-3
147	6.835566E+0	37.958750E+0	1.835170E+3	82.318983E+0	41.935484E-3
148	6.835566E+0	37.958750E+0	1.835170E+3	82.318983E+0	41.935484E-3
149	6.835566E+0	37.962033E+0	1.835248E+3	83.130321E+0	41.935484E-3
150	6.835566E+0	37.962033E+0	1.835248E+3	83.130321E+0	41.935484E-3
151	6.835566E+0	37.962033E+0	1.835248E+3	83.130321E+0	41.935484E-3
152	6.835566E+0	37.962033E+0	1.835248E+3	83.130321E+0	41.935484E-3
153	6.835566E+0	37.920209E+0	1.834251E+3	83.860952E+0	41.935484E-3
154	6.835566E+0	37.920209E+0	1.834251E+3	83.860952E+0	41.935484E-3
155	6.835566E+0	37.920209E+0	1.834251E+3	83.860952E+0	41.935484E-3
156	6.835566E+0	37.920209E+0	1.834251E+3	83.860952E+0	41.935484E-3
157	6.835566E+0	37.970119E+0	1.835441E+3	84.015670E+0	41.935484E-3
158	6.835566E+0	37.970119E+0	1.835441E+3	84.015670E+0	41.935484E-3
159	6.835566E+0	37.970119E+0	1.835441E+3	84.015670E+0	41.935484E-3
160	6.835566E+0	37.962667E+0	1.835264E+3	84.414813E+0	41.935484E-3
161	6.835566E+0	37.962667E+0	1.835264E+3	84.414813E+0	41.935484E-3
162	-40.000000E+0	37.962667E+0	1.835264E+3	84.414813E+0	41.935484E-3
163	-39.599968E+0	37.962667E+0	1.835264E+3	84.414813E+0	41.935484E-3
164	-38.799968E+0	37.962667E+0	1.835264E+3	84.414813E+0	41.935484E-3
165	-37.599984E+0	36.958129E+0	1.811309E+3	85.785213E+0	41.935484E-3
166	-36.000000E+0	36.958129E+0	1.811309E+3	85.785213E+0	41.935484E-3
167	-33.999904E+0	36.958129E+0	1.811309E+3	85.785213E+0	41.935484E-3
168	-31.599920E+0	36.958129E+0	1.811309E+3	85.785213E+0	41.935484E-3
169	-28.799936E+0	35.796391E+0	1.783606E+3	83.920712E+0	41.935484E-3
170	-25.599952E+0	35.796391E+0	1.783606E+3	83.920712E+0	41.935484E-3
171	-21.999968E+0	35.796391E+0	1.783606E+3	83.920712E+0	41.935484E-3
172	-17.999952E+0	35.796391E+0	1.783606E+3	83.920712E+0	41.935484E-3
173	-13.599936E+0	36.165187E+0	1.792401E+3	80.847546E+0	41.935484E-3
174	-8.799952E+0	36.165187E+0	1.792401E+3	80.847546E+0	41.935484E-3
175	-3.599984E+0	36.165187E+0	1.792401E+3	80.847546E+0	41.935484E-3
176	2.000000E+0	37.309252E+0	1.819682E+3	81.471753E+0	41.935484E-3
177	7.999984E+0	37.309252E+0	1.819682E+3	81.471753E+0	41.935484E-3
178	14.400080E+0	37.309252E+0	1.819682E+3	81.471753E+0	41.935484E-3
179	21.200064E+0	37.309252E+0	1.819682E+3	81.471753E+0	41.935484E-3
180	28.400048E+0	38.426093E+0	1.846315E+3	79.402277E+0	41.935484E-3
181	36.000032E+0	38.426093E+0	1.846315E+3	79.402277E+0	41.935484E-3
182	40.000000E+0	38.426093E+0	1.846315E+3	79.402277E+0	41.935484E-3
183	40.000000E+0	38.426093E+0	1.846315E+3	79.402277E+0	41.935484E-3
184	39.600032E+0	38.426093E+0	1.846315E+3	79.402277E+0	41.935484E-3
185	38.800032E+0	38.426093E+0	1.846315E+3	79.402277E+0	41.935484E-3
186	38.400000E+0	38.426093E+0	1.846315E+3	79.402277E+0	41.935484E-3
187	38.399968E+0	38.426093E+0	1.846315E+3	79.402277E+0	41.935484E-3
188	38.426093E+0	38.426093E+0	1.846315E+3	79.402277E+0	41.935484E-3
189	38.426093E+0	38.902151E+0	1.857667E+3	89.279279E+0	41.935484E-3
190	38.426093E+0	38.902151E+0	1.857667E+3	89.279279E+0	41.935484E-3
191	38.826173E+0	38.902151E+0	1.857667E+3	89.279279E+0	41.935484E-3
192	38.902151E+0	38.902151E+0	1.857667E+3	89.279279E+0	41.935484E-3
193	38.902151E+0	36.721803E+0	1.805674E+3	77.629055E+0	41.935484E-3
194	38.902151E+0	36.721803E+0	1.805674E+3	77.629055E+0	41.935484E-3
195	38.502151E+0	36.721803E+0	1.805674E+3	77.629055E+0	41.935484E-3
196	37.702151E+0	36.721803E+0	1.805674E+3	77.629055E+0	41.935484E-3
197	36.721803E+0	32.483968E+0	1.704618E+3	79.696457E+0	41.935484E-3
198	36.141456E+0	32.483968E+0	1.704618E+3	79.696457E+0	41.935484E-3
199	35.161109E+0	32.483968E+0	1.704618E+3	79.696457E+0	41.935484E-3
200	33.780762E+0	32.483968E+0	1.704618E+3	79.696457E+0	41.935484E-3
201	32.483968E+0	28.408253E+0	1.607428E+3	80.935367E+0	41.935484E-3
202	31.587318E+0	28.408253E+0	1.607428E+3	80.935367E+0	41.935484E-3
203	30.290780E+0	28.408253E+0	1.607428E+3	80.935367E+0	41.935484E-3
204	28.594274E+0	28.408253E+0	1.607428E+3	80.935367E+0	41.935484E-3
205	27.297768E+0	24.309262E+0	1.509682E+3	81.529023E+0	41.935484E-3
206	26.401278E+0	24.309262E+0	1.509682E+3	81.529023E+0	41.935484E-3
207	25.104820E+0	24.309262E+0	1.509682E+3	81.529023E+0	41.935484E-3
208	24.208394E+0	24.309262E+0	1.509682E+3	81.529023E+0	41.935484E-3
209	23.711952E+0	20.714149E+0	1.423953E+3	81.617905E+0	41.935484E-3
210	23.615510E+0	20.714149E+0	1.423953E+3	81.617905E+0	41.935484E-3
211	23.119068E+0	20.714149E+0	1.423953E+3	81.617905E+0	41.935484E-3
212	22.222594E+0	20.714149E+0	1.423953E+3	81.617905E+0	41.935484E-3
213	20.926120E+0	17.774798E+0	1.353861E+3	82.726353E+0	41.935484E-3
214	20.029614E+0	17.774798E+0	1.353861E+3	82.726353E+0	41.935484E-3
215	18.733028E+0	17.774798E+0	1.353861E+3	82.726353E+0	41.935484E-3
216	17.774798E+0	17.774798E+0	1.353861E+3	82.726353E+0	41.935484E-3
217	17.216569E+0	15.045826E+0	1.288785E+3	86.601586E+0	41.935484E-3
218	17.058339E+0	15.045826E+0	1.288785E+3	86.601586E+0	41.935484E-3
219	16.500125E+0	15.045826E+0	1.288785E+3	86.601586E+0	41.935484E-3
220	15.541895E+0	15.045826E+0	1.288785E+3	86.601586E+0	41.935484E-3
221	14.983665E+0	12.403881E+0	1.225785E+3	85.664459E+0	41.935484E-3
222	14.825467E+0	12.403881E+0	1.225785E+3	85.664459E+0	41.935484E-3
223	14.267253E+0	12.403881E+0	1.225785E+3	85.664459E+0	41.935484E-3
224	13.309088E+0	12.403881E+0	1.225785E+3	85.664459E+0	41.935484E-3
225	12.403881E+0	10.100424E+0	1.170856E+3	85.971027E+0	41.935484E-3
226	11.898754E+0	10.100424E+0	1.170856E+3	85.971027E+0	41.935484E-3
227	10.993707E+0	10.100424E+0	1.170856E+3	85.971027E+0	41.935484E-3
228	10.100424E+0	10.100424E+0	1.170856E+3	85.971027E+0	41.935484E-3
229	9.607140E+0	7.982648E+0	1.120355E+3	83.942601E+0	41.935484E-3
230	9.513856E+0	7.982648E+0	1.120355E+3	83.942601E+0	41.935484E-3
231	9.020557E+0	7.982648E+0	1.120355E+3	83.942601E+0	41.935484E-3
232	8.127241E+0	7.982648E+0	1.120355E+3	83.942601E+0	41.935484E-3
233	7.633926E+0	5.925336E+0	1.071296E+3	86.559469E+0	41.935484E-3
234	7.540578E+0	5.925336E+0	1.071296E+3	86.559469E+0	41.935484E-3
235	7.047230E+0	5.925336E+0	1.071296E+3	86.559469E+0	41.935484E-3
236	6.153883E+0	5.925336E+0	1.071296E+3	86.559469E+0	41.935484E-3
237	5.660535E+0	4.376887E+0	1.034372E+3	88.548769E+0	41.935484E-3
238	5.567187E+0	4.376887E+0	1.034372E+3	88.548769E+0	41.935484E-3
239	5.073744E+0	4.376887E+0	1.034372E+3	88.548769E+0	41.935484E-3
240	4.376887E+0	4.376887E+0	1.034372E+3	88.548769E+0	41.935484E-3
241	4.080031E+0	3.257798E+0	1.007686E+3	86.419838E+0	41.935484E-3
242	4.183190E+0	3.257798E+0	1.007686E+3	86.419838E+0	41.935484E-3
243	3.886333E+0	3.257798E+0	1.007686E+3	86.419838E+0	41.935484E-3
244	3.257798E+0	3.257798E+0	1.007686E+3	86.419838E+0	41.935484E-3
245	3.029262E+0	2.473201E+0	988.976324E+0	85.372595E+0	41.935484E-3
246	3.200727E+0	2.473201E+0	988.976324E+0	85.372595E+0	41.935484E-3
247	2.972175E+0	2.473201E+0	988.976324E+0	85.372595E+0	41.935484E-3
248	2.473201E+0	2.473201E+0	988.976324E+0	85.372595E+0	41.935484E-3
249	2.374226E+0	1.927590E+0	975.965610E+0	85.502392E+0	41.935484E-3
250	2.473201E+0	1.927590E+0	975.965610E+0	85.502392E+0	41.935484E-3
251	2.172239E+0	1.927590E+0	975.965610E+0	85.502392E+0	41.935484E-3
252	1.927590E+0	1.927590E+0	975.965610E+0	85.502392E+0	41.935484E-3
253	1.927590E+0	1.488568E+0	965.496624E+0	83.913444E+0	41.935484E-3
254	1.927590E+0	1.488568E+0	965.496624E+0	83.913444E+0	41.935484E-3
255	1.527574E+0	1.488568E+0	965.496624E+0	83.913444E+0	41.935484E-3
256	1.488568E+0	1.488568E+0	965.496624E+0	83.913444E+0	41.935484E-3
257	1.488568E+0	1.218756E+0	959.062634E+0	83.853346E+0	41.935484E-3
258	1.488568E+0	1.218756E+0	959.062634E+0	83.853346E+0	41.935484E-3
259	1.218756E+0	1.218756E+0	959.062634E+0	83.853346E+0	41.935484E-3
260	1.218756E+0	1.218756E+0	959.062634E+0	83.853346E+0	41.935484E-3
261	818.771605E-3	1.149370E+0	957.408053E+0	82.267428E+0	41.935484E-3
262	18.755605E-3	1.149370E+0	957.408053E+0	82.267428E+0	41.935484E-3
263	-1.181356E+0	1.149370E+0	957.408053E+0	82.267428E+0	41.935484E-3
264	-2.781340E+0	1.149370E+0	957.408053E+0	82.267428E+0	41.935484E-3
265	-4.781324E+0	1.375334E+0	962.796418E+0	80.334627E+0	41.935484E-3
266	-7.181308E+0	1.375334E+0	962.796418E+0	80.334627E+0	41.935484E-3
267	-9.981292E+0	1.375334E+0	962.796418E+0	80.334627E+0	41.935484E-3
268	-13.181292E+0	1.375334E+0	962.796418E+0	80.334627E+0	41.935484E-3
269	-20.781277E+0	1.880459E+0	974.841719E+0	79.872994E+0	41.935484E-3
270	-20.781277E+0	1.880459E+0	974.841719E+0	79.872994E+0	41.935484E-3
271	-24.381293E+0	1.880459E+0	974.841719E+0	79.872994E+0	41.935484E-3
272	-27.581277E+0	1.880459E+0	974.841719E+0	79.872994E+0	41.935484E-3
273	-30.381261E+0	3.052639E+0	1.002794E+3	80.084384E+0	41.935484E-3
274	-32.781181E+0	3.052639E+0	1.002794E+3	80.084384E+0	41.935484E-3
275	-34.781197E+0	3.052639E+0	1.002794E+3	80.084384E+0	41.935484E-3
276	-36.381197E+0	3.052639E+0	1.002794E+3	80.084384E+0	41.935484E-3
277	-37.581197E+0	5.678077E+0	1.065400E+3	79.260061E+0	41.935484E-3
278	-38.381213E+0	5.678077E+0	1.065400E+3	79.260061E+0	41.935484E-3
279	-38.781213E+0	5.678077E+0	1.065400E+3	79.260061E+0	41.935484E-3
280	-38.781229E+0	5.678077E+0	1.065400E+3	79.260061E+0	41.935484E-3
281	-38.381245E+0	9.418713E+0	1.154600E+3	80.458013E+0	41.935484E-3
282	-37.581213E+0	9.418713E+0	1.154600E+3	80.458013E+0	41.935484E-3
283	-36.381197E+0	9.418713E+0	1.154600E+3	80.458013E+0	41.935484E-3
284	-34.781197E+0	9.418713E+0	1.154600E+3	80.458013E+0	41.935484E-3
285	-32.781197E+0	13.205594E+0	1.244903E+3	81.704520E+0	41.935484E-3
286	-30.381197E+0	13.205594E+0	1.244903E+3	81.704520E+0	41.935484E-3
287	-27.581117E+0	13.205594E+0	1.244903E+3	81.704520E+0	41.935484E-3
288	-24.381133E+0	13.205594E+0	1.244903E+3	81.704520E+0	41.935484E-3
289	-20.781133E+0	17.167965E+0	1.339390E+3	80.399898E+0	41.935484E-3
290	-16.781149E+0	17.167965E+0	1.339390E+3	80.399898E+0	41.935484E-3
291	-12.381149E+0	17.167965E+0	1.339390E+3	80.399898E+0	41.935484E-3
292	-7.832035E+0	17.167965E+0	1.339390E+3	80.399898E+0	41.935484E-3
293	-3.682921E+0	21.060835E+0	1.432220E+3	81.417272E+0	41.935484E-3
294	66.240821E-3	21.060835E+0	1.432220E+3	81.417272E+0	41.935484E-3
295	3.415403E+0	21.060835E+0	1.432220E+3	81.417272E+0	41.935484E-3
296	6.364564E+0	21.060835E+0	1.432220E+3	81.417272E+0	41.935484E-3
297	8.913726E+0	24.662054E+0	1.518095E+3	83.795694E+0	41.935484E-3
298	11.062792E+0	24.662054E+0	1.518095E+3	83.795694E+0	41.935484E-3
299	12.811938E+0	24.662054E+0	1.518095E+3	83.795694E+0	41.935484E-3
300	14.161100E+0	24.662054E+0	1.518095E+3	83.795694E+0	41.935484E-3
301	15.110246E+0	27.407019E+0	1.583552E+3	82.677677E+0	41.935484E-3
302	15.659359E+0	27.407019E+0	1.583552E+3	82.677677E+0	41.935484E-3
303	15.808489E+0	27.407019E+0	1.583552E+3	82.677677E+0	41.935484E-3
304	15.557635E+0	27.407019E+0	1.583552E+3	82.677677E+0	41.935484E-3
305	14.906797E+0	29.010949E+0	1.621800E+3	81.644395E+0	41.935484E-3
306	13.855943E+0	29.010949E+0	1.621800E+3	81.644395E+0	41.935484E-3
307	12.405104E+0	29.010949E+0	1.621800E+3	81.644395E+0	41.935484E-3
308	10.554250E+0	29.010949E+0	1.621800E+3	81.644395E+0	41.935484E-3
309	8.303396E+0	29.673830E+0	1.637607E+3	80.404961E+0	41.935484E-3
310	5.652542E+0	29.673830E+0	1.637607E+3	80.404961E+0	41.935484E-3
311	3.401768E+0	29.673830E+0	1.637607E+3	80.404961E+0	41.935484E-3
312	1.550945E+0	29.673830E+0	1.637607E+3	80.404961E+0	41.935484E-3
313	100.107315E-3	29.642990E+0	1.636871E+3	83.043448E+0	41.935484E-3
314	-950.762866E-3	29.642990E+0	1.636871E+3	83.043448E+0	41.935484E-3
315	-1.601617E+0	29.642990E+0	1.636871E+3	83.043448E+0	41.935484E-3
316	-1.852471E+0	29.642990E+0	1.636871E+3	83.043448E+0	41.935484E-3
317	-1.703325E+0	29.162168E+0	1.625406E+3	82.239110E+0	41.935484E-3
318	-1.154180E+0	29.162168E+0	1.625406E+3	82.239110E+0	41.935484E-3
319	-205.049774E-3	29.162168E+0	1.625406E+3	82.239110E+0	41.935484E-3
320	1.144096E+0	29.162168E+0	1.625406E+3	82.239110E+0	41.935484E-3
321	2.893242E+0	29.338499E+0	1.629610E+3	81.905991E+0	41.935484E-3
322	5.042516E+0	29.338499E+0	1.629610E+3	81.905991E+0	41.935484E-3
323	7.591678E+0	29.338499E+0	1.629610E+3	81.905991E+0	41.935484E-3
324	10.540823E+0	29.338499E+0	1.629610E+3	81.905991E+0	41.935484E-3
325	13.889969E+0	29.338499E+0	1.629610E+3	81.905991E+0	41.935484E-3
326	17.639115E+0	30.468571E+0	1.656558E+3	83.444601E+0	41.935484E-3
327	21.788245E+0	30.468571E+0	1.656558E+3	83.444601E+0	41.935484E-3
328	26.337375E+0	30.468571E+0	1.656558E+3	83.444601E+0	41.935484E-3
329	30.486505E+0	32.378491E+0	1.702102E+3	83.728927E+0	41.935484E-3
330	34.235634E+0	32.378491E+0	1.702102E+3	83.728927E+0	41.935484E-3
331	37.584764E+0	32.378491E+0	1.702102E+3	83.728927E+0	41.935484E-3
332	40.000000E+0	32.378491E+0	1.702102E+3	83.728927E+0	41.935484E-3
333	40.000000E+0	33.745107E+0	1.734691E+3	83.597632E+0	41.935484E-3
334	39.600048E+0	33.745107E+0	1.734691E+3	83.597632E+0	41.935484E-3
335	38.800000E+0	33.745107E+0	1.734691E+3	83.597632E+0	41.935484E-3
336	37.600048E+0	33.745107E+0	1.734691E+3	83.597632E+0	41.935484E-3
337	36.000096E+0	33.745107E+0	1.734691E+3	83.597632E+0	41.935484E-3
338	34.000144E+0	32.568047E+0	1.706623E+3	85.020882E+0	41.935484E-3
339	32.400192E+0	32.568047E+0	1.706623E+3	85.020882E+0	41.935484E-3
340	31.200256E+0	32.568047E+0	1.706623E+3	85.020882E+0	41.935484E-3
341	30.400304E+0	29.087240E+0	1.623619E+3	83.695726E+0	41.935484E-3
342	30.000400E+0	29.087240E+0	1.623619E+3	83.695726E+0	41.935484E-3
343	29.200512E+0	29.087240E+0	1.623619E+3	83.695726E+0	41.935484E-3
344	28.800592E+0	29.087240E+0	1.623619E+3	83.695726E+0	41.935484E-3
345	28.800672E+0	25.281038E+0	1.532856E+3	85.076389E+0	41.935484E-3
346	29.087240E+0	25.281038E+0	1.532856E+3	85.076389E+0	41.935484E-3
347	28.973904E+0	25.281038E+0	1.532856E+3	85.076389E+0	41.935484E-3
348	28.460569E+0	25.281038E+0	1.532856E+3	85.076389E+0	41.935484E-3
349	27.547233E+0	21.649059E+0	1.446247E+3	85.115084E+0	41.935484E-3
350	26.233897E+0	21.649059E+0	1.446247E+3	85.115084E+0	41.935484E-3
351	24.520545E+0	21.649059E+0	1.446247E+3	85.115084E+0	41.935484E-3
352	22.407178E+0	21.649059E+0	1.446247E+3	85.115084E+0	41.935484E-3
353	20.693810E+0	21.649059E+0	1.446247E+3	85.115084E+0	41.935484E-3
354	19.380410E+0	18.334051E+0	1.367197E+3	84.719340E+0	41.935484E-3
355	18.467011E+0	18.334051E+0	1.367197E+3	84.719340E+0	41.935484E-3
356	17.953611E+0	18.334051E+0	1.367197E+3	84.719340E+0	41.935484E-3
357	17.840211E+0	18.334051E+0	1.367197E+3	84.719340E+0	41.935484E-3
358	18.126811E+0	15.329147E+0	1.295541E+3	82.678940E+0	41.935484E-3
359	18.334051E+0	15.329147E+0	1.295541E+3	82.678940E+0	41.935484E-3
360	18.141386E+0	15.329147E+0	1.295541E+3	82.678940E+0	41.935484E-3
361	17.548706E+0	15.329147E+0	1.295541E+3	82.678940E+0	41.935484E-3
362	16.556009E+0	12.658510E+0	1.231857E+3	77.403974E+0	41.935484E-3
363	15.329147E+0	12.658510E+0	1.231857E+3	77.403974E+0	41.935484E-3
364	13.702317E+0	12.658510E+0	1.231857E+3	77.403974E+0	41.935484E-3
365	12.475486E+0	10.336912E+0	1.176496E+3	77.243109E+0	41.935484E-3
366	11.648656E+0	10.336912E+0	1.176496E+3	77.243109E+0	41.935484E-3
367	10.421842E+0	10.336912E+0	1.176496E+3	77.243109E+0	41.935484E-3
368	9.595028E+0	10.336912E+0	1.176496E+3	77.243109E+0	41.935484E-3
369	9.168230E+0	10.336912E+0	1.176496E+3	77.243109E+0	41.935484E-3
370	9.141512E+0	8.223657E+0	1.126103E+3	78.129310E+0	41.935484E-3
371	9.514713E+0	8.223657E+0	1.126103E+3	78.129310E+0	41.935484E-3
372	9.487883E+0	8.223657E+0	1.126103E+3	78.129310E+0	41.935484E-3
373	9.061053E+0	8.223657E+0	1.126103E+3	78.129310E+0	41.935484E-3
374	8.234255E+0	6.119525E+0	1.075927E+3	81.486665E+0	41.935484E-3
375	7.807441E+0	6.119525E+0	1.075927E+3	81.486665E+0	41.935484E-3
376	6.980611E+0	6.119525E+0	1.075927E+3	81.486665E+0	41.935484E-3
377	6.119525E+0	6.119525E+0	1.075927E+3	81.486665E+0	41.935484E-3
378	5.658440E+0	4.290241E+0	1.032306E+3	81.982787E+0	41.935484E-3
379	5.597354E+0	4.290241E+0	1.032306E+3	81.982787E+0	41.935484E-3
380	5.136268E+0	4.290241E+0	1.032306E+3	81.982787E+0	41.935484E-3
381	4.290241E+0	4.290241E+0	1.032306E+3	81.982787E+0	41.935484E-3
382	3.844261E+0	2.815889E+0	997.148117E+0	78.900312E+0	41.935484E-3
383	3.798345E+0	2.815889E+0	997.148117E+0	78.900312E+0	41.935484E-3
384	3.352525E+0	2.815889E+0	997.148117E+0	78.900312E+0	41.935484E-3
385	2.815889E+0	2.815889E+0	997.148117E+0	78.900312E+0	41.935484E-3
386	2.679236E+0	1.772585E+0	972.269325E+0	81.106591E+0	41.935484E-3
387	2.815889E+0	1.772585E+0	972.269325E+0	81.106591E+0	41.935484E-3
388	2.552541E+0	1.772585E+0	972.269325E+0	81.106591E+0	41.935484E-3
389	1.889194E+0	1.143229E+0	957.261612E+0	79.977896E+0	41.935484E-3
390	1.625846E+0	1.143229E+0	957.261612E+0	79.977896E+0	41.935484E-3
391	1.762515E+0	1.143229E+0	957.261612E+0	79.977896E+0	41.935484E-3
392	1.499152E+0	1.143229E+0	957.261612E+0	79.977896E+0	41.935484E-3
393	1.143229E+0	1.143229E+0	957.261612E+0	79.977896E+0	41.935484E-3
394	1.143229E+0	736.988034E-3	947.574330E+0	79.164175E+0	41.935484E-3
395	1.143229E+0	736.988034E-3	947.574330E+0	79.164175E+0	41.935484E-3
396	743.228875E-3	736.988034E-3	947.574330E+0	79.164175E+0	41.935484E-3
397	736.988034E-3	736.988034E-3	947.574330E+0	79.164175E+0	41.935484E-3
398	736.988034E-3	598.997057E-3	944.283776E+0	78.377021E+0	41.935484E-3
399	736.988034E-3	598.997057E-3	944.283776E+0	78.377021E+0	41.935484E-3
400	598.997057E-3	598.997057E-3	944.283776E+0	78.377021E+0	41.935484E-3
401	598.997057E-3	598.997057E-3	944.283776E+0	78.377021E+0	41.935484E-3
402	598.997057E-3	854.288120E-3	950.371486E+0	78.906196E+0	41.935484E-3
403	598.997057E-3	854.288120E-3	950.371486E+0	78.906196E+0	41.935484E-3
404	854.288120E-3	854.288120E-3	950.371486E+0	78.906196E+0	41.935484E-3
405	854.288120E-3	854.288120E-3	950.371486E+0	78.906196E+0	41.935484E-3
406	854.288120E-3	1.331528E+0	961.751825E+0	79.983066E+0	41.935484E-3
407	1.254288E+0	1.331528E+0	961.751825E+0	79.983066E+0	41.935484E-3
408	1.331528E+0	1.331528E+0	961.751825E+0	79.983066E+0	41.935484E-3
409	1.331528E+0	1.331528E+0	961.751825E+0	79.983066E+0	41.935484E-3
410	1.331528E+0	2.066879E+0	979.287117E+0	80.265165E+0	41.935484E-3
411	1.331528E+0	2.066879E+0	979.287117E+0	80.265165E+0	41.935484E-3
412	1.731576E+0	2.066879E+0	979.287117E+0	80.265165E+0	41.935484E-3
413	2.066879E+0	2.066879E+0	979.287117E+0	80.265165E+0	41.935484E-3
414	2.066879E+0	3.160645E+0	1.005369E+3	81.010711E+0	41.935484E-3
415	2.066879E+0	3.160645E+0	1.005369E+3	81.010711E+0	41.935484E-3
416	2.466879E+0	3.160645E+0	1.005369E+3	81.010711E+0	41.935484E-3
417	3.160645E+0	3.160645E+0	1.005369E+3	81.010711E+0	41.935484E-3
418	3.454348E+0	4.449296E+0	1.036099E+3	83.843545E+0	41.935484E-3
419	3.348114E+0	4.449296E+0	1.036099E+3	83.843545E+0	41.935484E-3
420	3.641864E+0	4.449296E+0	1.036099E+3	83.843545E+0	41.935484E-3
421	4.335614E+0	4.449296E+0	1.036099E+3	83.843545E+0	41.935484E-3
422	4.629301E+0	5.627897E+0	1.064204E+3	80.511124E+0	41.935484E-3
423	4.523003E+0	5.627897E+0	1.064204E+3	80.511124E+0	41.935484E-3
424	4.816673E+0	5.627897E+0	1.064204E+3	80.511124E+0	41.935484E-3
425	5.510327E+0	5.627897E+0	1.064204E+3	80.511124E+0	41.935484E-3
426	5.803981E+0	6.840769E+0	1.093126E+3	82.279659E+0	41.935484E-3
427	5.697636E+0	6.840769E+0	1.093126E+3	82.279659E+0	41.935484E-3
428	5.991290E+0	6.840769E+0	1.093126E+3	82.279659E+0	41.935484E-3
429	6.684944E+0	6.840769E+0	1.093126E+3	82.279659E+0	41.935484E-3
430	6.978598E+0	7.867938E+0	1.117620E+3	79.468031E+0	41.935484E-3
431	6.872157E+0	7.867938E+0	1.117620E+3	79.468031E+0	41.935484E-3
432	7.165651E+0	7.867938E+0	1.117620E+3	79.468031E+0	41.935484E-3
433	7.859145E+0	7.867938E+0	1.117620E+3	79.468031E+0	41.935484E-3
434	8.152639E+0	8.622350E+0	1.135610E+3	78.334463E+0	41.935484E-3
435	8.046166E+0	8.622350E+0	1.135610E+3	78.334463E+0	41.935484E-3
436	8.339708E+0	8.622350E+0	1.135610E+3	78.334463E+0	41.935484E-3
437	8.622350E+0	8.622350E+0	1.135610E+3	78.334463E+0	41.935484E-3
438	8.622350E+0	9.098250E+0	1.146958E+3	79.946514E+0	41.935484E-3
439	8.622350E+0	9.098250E+0	1.146958E+3	79.946514E+0	41.935484E-3
440	9.022334E+0	9.098250E+0	1.146958E+3	79.946514E+0	41.935484E-3
441	9.098250E+0	9.098250E+0	1.146958E+3	79.946514E+0	41.935484E-3
442	9.098250E+0	8.756534E+0	1.138810E+3	83.974323E+0	41.935484E-3
443	9.098250E+0	8.756534E+0	1.138810E+3	83.974323E+0	41.935484E-3
444	8.756534E+0	8.756534E+0	1.138810E+3	83.974323E+0	41.935484E-3
445	8.756534E+0	8.756534E+0	1.138810E+3	83.974323E+0	41.935484E-3
446	8.756534E+0	8.137236E+0	1.124042E+3	83.969434E+0	41.935484E-3
447	8.756534E+0	8.137236E+0	1.124042E+3	83.969434E+0	41.935484E-3
448	8.356550E+0	8.137236E+0	1.124042E+3	83.969434E+0	41.935484E-3
449	8.137236E+0	8.137236E+0	1.124042E+3	83.969434E+0	41.935484E-3
450	8.137236E+0	7.398050E+0	1.106415E+3	84.329781E+0	41.935484E-3
451	8.137236E+0	7.398050E+0	1.106415E+3	84.329781E+0	41.935484E-3
452	7.737204E+0	7.398050E+0	1.106415E+3	84.329781E+0	41.935484E-3
453	7.398050E+0	7.398050E+0	1.106415E+3	84.329781E+0	41.935484E-3
454	7.398050E+0	6.429638E+0	1.083322E+3	83.434133E+0	41.935484E-3
455	7.398050E+0	6.429638E+0	1.083322E+3	83.434133E+0	41.935484E-3
456	6.998114E+0	6.429638E+0	1.083322E+3	83.434133E+0	41.935484E-3
457	6.429638E+0	6.429638E+0	1.083322E+3	83.434133E+0	41.935484E-3
458	6.261163E+0	5.458181E+0	1.060157E+3	82.008934E+0	41.935484E-3
459	6.429638E+0	5.458181E+0	1.060157E+3	82.008934E+0	41.935484E-3
460	6.198114E+0	5.458181E+0	1.060157E+3	82.008934E+0	41.935484E-3
461	5.566573E+0	5.458181E+0	1.060157E+3	82.008934E+0	41.935484E-3
462	5.335065E+0	4.690167E+0	1.041842E+3	85.355191E+0	41.935484E-3
463	4.703556E+0	4.690167E+0	1.041842E+3	85.355191E+0	41.935484E-3
464	4.472016E+0	4.690167E+0	1.041842E+3	85.355191E+0	41.935484E-3
465	4.640476E+0	4.690167E+0	1.041842E+3	85.355191E+0	41.935484E-3
466	4.690167E+0	4.093407E+0	1.027612E+3	82.571092E+0	41.935484E-3
467	4.690167E+0	4.093407E+0	1.027612E+3	82.571092E+0	41.935484E-3
468	4.290167E+0	4.093407E+0	1.027612E+3	82.571092E+0	41.935484E-3
469	4.093407E+0	4.093407E+0	1.027612E+3	82.571092E+0	41.935484E-3
470	4.093407E+0	3.335683E+0	1.009543E+3	79.289706E+0	41.935484E-3
471	4.093407E+0	3.335683E+0	1.009543E+3	79.289706E+0	41.935484E-3
472	3.693375E+0	3.335683E+0	1.009543E+3	79.289706E+0	41.935484E-3
473	3.335683E+0	3.335683E+0	1.009543E+3	79.289706E+0	41.935484E-3
474	3.335683E+0	2.926696E+0	999.790449E+0	81.788423E+0	41.935484E-3
475	3.335683E+0	2.926696E+0	999.790449E+0	81.788423E+0	41.935484E-3
476	2.935667E+0	2.926696E+0	999.790449E+0	81.788423E+0	41.935484E-3
477	2.926696E+0	2.926696E+0	999.790449E+0	81.788423E+0	41.935484E-3
478	2.926696E+0	2.815965E+0	997.149927E+0	82.871616E+0	41.935484E-3
479	2.926696E+0	2.815965E+0	997.149927E+0	82.871616E+0	41.935484E-3
480	2.526776E+0	2.815965E+0	997.149927E+0	82.871616E+0	41.935484E-3
481	1.726872E+0	2.815965E+0	997.149927E+0	82.871616E+0	41.935484E-3
482	526.936220E-3	2.692497E+0	994.205704E+0	83.070009E+0	41.935484E-3
483	-1.073016E+0	2.692497E+0	994.205704E+0	83.070009E+0	41.935484E-3
484	-3.072920E+0	2.692497E+0	994.205704E+0	83.070009E+0	41.935484E-3
485	-5.472840E+0	2.692497E+0	994.205704E+0	83.070009E+0	41.935484E-3
486	-8.272760E+0	2.596858E+0	991.925080E+0	79.230319E+0	41.935484E-3
487	-11.472664E+0	2.596858E+0	991.925080E+0	79.230319E+0	41.935484E-3
488	-15.072568E+0	2.596858E+0	991.925080E+0	79.230319E+0	41.935484E-3
489	-19.072472E+0	2.596858E+0	991.925080E+0	79.230319E+0	41.935484E-3
490	-22.672296E+0	3.003189E+0	1.001615E+3	82.037056E+0	41.935484E-3
491	-25.872200E+0	3.003189E+0	1.001615E+3	82.037056E+0	41.935484E-3
492	-28.672072E+0	3.003189E+0	1.001615E+3	82.037056E+0	41.935484E-3
493	-31.071928E+0	3.003189E+0	1.001615E+3	82.037056E+0	41.935484E-3
494	-33.071832E+0	4.715874E+0	1.042455E+3	82.342974E+0	41.935484E-3
495	-34.671736E+0	4.715874E+0	1.042455E+3	82.342974E+0	41.935484E-3
496	-35.871640E+0	4.715874E+0	1.042455E+3	82.342974E+0	41.935484E-3
497	-36.671544E+0	4.715874E+0	1.042455E+3	82.342974E+0	41.935484E-3
498	-37.071448E+0	7.610026E+0	1.111470E+3	81.861861E+0	41.935484E-3
499	-37.071352E+0	7.610026E+0	1.111470E+3	81.861861E+0	41.935484E-3
500	-36.671256E+0	7.610026E+0	1.111470E+3	81.861861E+0	41.935484E-3
501	-35.871128E+0	7.610026E+0	1.111470E+3	81.861861E+0	41.935484E-3
502	-34.671000E+0	11.244479E+0	1.198138E+3	84.672564E+0	41.935484E-3
503	-33.070776E+0	11.244479E+0	1.198138E+3	84.672564E+0	41.935484E-3
504	-31.070680E+0	11.244479E+0	1.198138E+3	84.672564E+0	41.935484E-3
505	-28.670584E+0	11.244479E+0	1.198138E+3	84.672564E+0	41.935484E-3
506	-25.870472E+0	15.187321E+0	1.292159E+3	84.545661E+0	41.935484E-3
507	-22.670360E+0	15.187321E+0	1.292159E+3	84.545661E+0	41.935484E-3
508	-19.070248E+0	15.187321E+0	1.292159E+3	84.545661E+0	41.935484E-3
509	-15.070136E+0	15.187321E+0	1.292159E+3	84.545661E+0	41.935484E-3
510	-10.670024E+0	18.866929E+0	1.379904E+3	81.728599E+0	41.935484E-3
511	-6.669896E+0	18.866929E+0	1.379904E+3	81.728599E+0	41.935484E-3
512	-3.069800E+0	18.866929E+0	1.379904E+3	81.728599E+0	41.935484E-3
513	130.280421E-3	18.866929E+0	1.379904E+3	81.728599E+0	41.935484E-3
514	2.930328E+0	22.541663E+0	1.467532E+3	79.653637E+0	41.935484E-3
515	5.330440E+0	22.541663E+0	1.467532E+3	79.653637E+0	41.935484E-3
516	7.330568E+0	22.541663E+0	1.467532E+3	79.653637E+0	41.935484E-3
517	8.930696E+0	22.541663E+0	1.467532E+3	79.653637E+0	41.935484E-3
518	10.130825E+0	25.712639E+0	1.543148E+3	78.672997E+0	41.935484E-3
519	10.930953E+0	25.712639E+0	1.543148E+3	78.672997E+0	41.935484E-3
520	11.331081E+0	25.712639E+0	1.543148E+3	78.672997E+0	41.935484E-3
521	11.331193E+0	25.712639E+0	1.543148E+3	78.672997E+0	41.935484E-3
522	10.931273E+0	27.913980E+0	1.595641E+3	81.555119E+0	41.935484E-3
523	10.131353E+0	27.913980E+0	1.595641E+3	81.555119E+0	41.935484E-3
524	8.931481E+0	27.913980E+0	1.595641E+3	81.555119E+0	41.935484E-3
525	7.331593E+0	27.913980E+0	1.595641E+3	81.555119E+0	41.935484E-3
526	5.331721E+0	29.185797E+0	1.625969E+3	82.308611E+0	41.935484E-3
527	2.931753E+0	29.185797E+0	1.625969E+3	82.308611E+0	41.935484E-3
528	931.704643E-3	29.185797E+0	1.625969E+3	82.308611E+0	41.935484E-3
529	-668.359345E-3	29.185797E+0	1.625969E+3	82.308611E+0	41.935484E-3
530	-1.868407E+0	29.819316E+0	1.641076E+3	81.404336E+0	41.935484E-3
531	-2.668471E+0	29.819316E+0	1.641076E+3	81.404336E+0	41.935484E-3
532	-3.068503E+0	29.819316E+0	1.641076E+3	81.404336E+0	41.935484E-3
533	-3.068535E+0	29.819316E+0	1.641076E+3	81.404336E+0	41.935484E-3
534	-2.668583E+0	30.081954E+0	1.647339E+3	82.437044E+0	41.935484E-3
535	-1.868647E+0	30.081954E+0	1.647339E+3	82.437044E+0	41.935484E-3
536	-668.695256E-3	30.081954E+0	1.647339E+3	82.437044E+0	41.935484E-3
537	931.240757E-3	30.081954E+0	1.647339E+3	82.437044E+0	41.935484E-3
538	2.931257E+0	31.187415E+0	1.673700E+3	85.204567E+0	41.935484E-3
539	5.081954E+0	31.187415E+0	1.673700E+3	85.204567E+0	41.935484E-3
540	6.832667E+0	31.187415E+0	1.673700E+3	85.204567E+0	41.935484E-3
541	8.183380E+0	31.187415E+0	1.673700E+3	85.204567E+0	41.935484E-3
542	9.134046E+0	32.905441E+0	1.714668E+3	86.126566E+0	41.935484E-3
543	9.684711E+0	32.905441E+0	1.714668E+3	86.126566E+0	41.935484E-3
544	9.835408E+0	32.905441E+0	1.714668E+3	86.126566E+0	41.935484E-3
545	9.586105E+0	32.905441E+0	1.714668E+3	86.126566E+0	41.935484E-3
546	8.936803E+0	34.862932E+0	1.761347E+3	86.607670E+0	41.935484E-3
547	7.905441E+0	34.862932E+0	1.761347E+3	86.607670E+0	41.935484E-3
548	7.274079E+0	34.862932E+0	1.761347E+3	86.607670E+0	41.935484E-3
549	7.042717E+0	34.862932E+0	1.761347E+3	86.607670E+0	41.935484E-3
550	7.211371E+0	35.768100E+0	1.782932E+3	87.069599E+0	41.935484E-3
551	7.780090E+0	35.768100E+0	1.782932E+3	87.069599E+0	41.935484E-3
552	8.748776E+0	35.768100E+0	1.782932E+3	87.069599E+0	41.935484E-3
553	10.117462E+0	35.768100E+0	1.782932E+3	87.069599E+0	41.935484E-3
554	11.086180E+0	35.768100E+0	1.782932E+3	87.069599E+0	41.935484E-3
555	11.654915E+0	36.091648E+0	1.790647E+3	84.949988E+0	41.935484E-3
556	11.823633E+0	36.091648E+0	1.790647E+3	84.949988E+0	41.935484E-3
557	11.592367E+0	36.091648E+0	1.790647E+3	84.949988E+0	41.935484E-3
558	11.091648E+0	35.675069E+0	1.780713E+3	84.603198E+0	41.935484E-3
559	10.990913E+0	35.675069E+0	1.780713E+3	84.603198E+0	41.935484E-3
560	10.675069E+0	35.675069E+0	1.780713E+3	84.603198E+0	41.935484E-3
561	10.675069E+0	35.675069E+0	1.780713E+3	84.603198E+0	41.935484E-3
562	10.675069E+0	35.064146E+0	1.766145E+3	84.663842E+0	41.935484E-3
563	10.675069E+0	35.064146E+0	1.766145E+3	84.663842E+0	41.935484E-3
564	10.275117E+0	35.064146E+0	1.766145E+3	84.663842E+0	41.935484E-3
565	10.064146E+0	35.064146E+0	1.766145E+3	84.663842E+0	41.935484E-3
566	10.064146E+0	34.088353E+0	1.742876E+3	84.736360E+0	41.935484E-3
567	10.064146E+0	34.088353E+0	1.742876E+3	84.736360E+0	41.935484E-3
568	9.664162E+0	34.088353E+0	1.742876E+3	84.736360E+0	41.935484E-3
569	9.088353E+0	34.088353E+0	1.742876E+3	84.736360E+0	41.935484E-3
570	8.912561E+0	34.088353E+0	1.742876E+3	84.736360E+0	41.935484E-3
571	9.088353E+0	32.952881E+0	1.715799E+3	83.217731E+0	41.935484E-3
572	9.088353E+0	32.952881E+0	1.715799E+3	83.217731E+0	41.935484E-3
573	8.688337E+0	32.952881E+0	1.715799E+3	83.217731E+0	41.935484E-3
574	7.952881E+0	31.768755E+0	1.687563E+3	84.428571E+0	41.935484E-3
575	7.617520E+0	31.768755E+0	1.687563E+3	84.428571E+0	41.935484E-3
576	6.882256E+0	31.768755E+0	1.687563E+3	84.428571E+0	41.935484E-3
577	6.546991E+0	31.768755E+0	1.687563E+3	84.428571E+0	41.935484E-3
578	6.611742E+0	31.768755E+0	1.687563E+3	84.428571E+0	41.935484E-3
579	6.768755E+0	30.755779E+0	1.663407E+3	83.587955E+0	41.935484E-3
580	6.768755E+0	30.755779E+0	1.663407E+3	83.587955E+0	41.935484E-3
581	6.368739E+0	30.755779E+0	1.663407E+3	83.587955E+0	41.935484E-3
582	5.755779E+0	29.785425E+0	1.640268E+3	84.367824E+0	41.935484E-3
583	5.542819E+0	29.785425E+0	1.640268E+3	84.367824E+0	41.935484E-3
584	4.929891E+0	29.785425E+0	1.640268E+3	84.367824E+0	41.935484E-3
585	4.716963E+0	29.785425E+0	1.640268E+3	84.367824E+0	41.935484E-3
586	4.785425E+0	29.785425E+0	1.640268E+3	84.367824E+0	41.935484E-3
587	4.785425E+0	28.961861E+0	1.620629E+3	81.630629E+0	41.935484E-3
588	4.785425E+0	28.961861E+0	1.620629E+3	81.630629E+0	41.935484E-3
589	4.385409E+0	28.961861E+0	1.620629E+3	81.630629E+0	41.935484E-3
590	3.961861E+0	28.961861E+0	1.620629E+3	81.630629E+0	41.935484E-3
591	3.938313E+0	28.315548E+0	1.605217E+3	80.934664E+0	41.935484E-3
592	3.961861E+0	28.315548E+0	1.605217E+3	80.934664E+0	41.935484E-3
593	3.585425E+0	28.315548E+0	1.605217E+3	80.934664E+0	41.935484E-3
594	3.315548E+0	28.315548E+0	1.605217E+3	80.934664E+0	41.935484E-3
595	3.315548E+0	27.809816E+0	1.593157E+3	82.811420E+0	41.935484E-3
596	3.315548E+0	27.809816E+0	1.593157E+3	82.811420E+0	41.935484E-3
597	2.915548E+0	27.809816E+0	1.593157E+3	82.811420E+0	41.935484E-3
598	2.809816E+0	27.809816E+0	1.593157E+3	82.811420E+0	41.935484E-3
599	2.809816E+0	27.374016E+0	1.582765E+3	83.908171E+0	41.935484E-3
600	2.809816E+0	27.374016E+0	1.582765E+3	83.908171E+0	41.935484E-3
601	2.409816E+0	27.374016E+0	1.582765E+3	83.908171E+0	41.935484E-3
602	2.374016E+0	27.320204E+0	1.581482E+3	84.128718E+0	41.935484E-3
603	2.374016E+0	27.320204E+0	1.581482E+3	84.128718E+0	41.935484E-3
604	2.320204E+0	27.320204E+0	1.581482E+3	84.128718E+0	41.935484E-3
605	2.320204E+0	27.320204E+0	1.581482E+3	84.128718E+0	41.935484E-3
606	2.320204E+0	27.320204E+0	1.581482E+3	84.128718E+0	41.935484E-3
607	2.320204E+0	27.620423E+0	1.588641E+3	83.673274E+0	41.935484E-3
608	2.320204E+0	27.620423E+0	1.588641E+3	83.673274E+0	41.935484E-3
609	2.620423E+0	27.620423E+0	1.588641E+3	83.673274E+0	41.935484E-3
610	2.620423E+0	27.802073E+0	1.592973E+3	83.759242E+0	41.935484E-3
611	2.620423E+0	27.802073E+0	1.592973E+3	83.759242E+0	41.935484E-3
612	2.802073E+0	27.802073E+0	1.592973E+3	83.759242E+0	41.935484E-3
613	2.802073E+0	27.802073E+0	1.592973E+3	83.759242E+0	41.935484E-3
614	2.802073E+0	28.735099E+0	1.615222E+3	84.565237E+0	41.935484E-3
615	2.802073E+0	28.735099E+0	1.615222E+3	84.565237E+0	41.935484E-3
616	3.201929E+0	28.735099E+0	1.615222E+3	84.565237E+0	41.935484E-3
617	3.735099E+0	28.735099E+0	1.615222E+3	84.565237E+0	41.935484E-3
618	3.868269E+0	28.735099E+0	1.615222E+3	84.565237E+0	41.935484E-3
619	3.735099E+0	29.621800E+0	1.636366E+3	86.269813E+0	41.935484E-3
620	3.735099E+0	29.621800E+0	1.636366E+3	86.269813E+0	41.935484E-3
621	4.135099E+0	29.621800E+0	1.636366E+3	86.269813E+0	41.935484E-3
622	4.621800E+0	29.621800E+0	1.636366E+3	86.269813E+0	41.935484E-3
623	4.708421E+0	30.647162E+0	1.660817E+3	84.337479E+0	41.935484E-3
624	4.621800E+0	30.647162E+0	1.660817E+3	84.337479E+0	41.935484E-3
625	4.935163E+0	30.647162E+0	1.660817E+3	84.337479E+0	41.935484E-3
626	5.647162E+0	30.647162E+0	1.660817E+3	84.337479E+0	41.935484E-3
627	5.959146E+0	31.616547E+0	1.683933E+3	83.677479E+0	41.935484E-3
628	5.871129E+0	31.616547E+0	1.683933E+3	83.677479E+0	41.935484E-3
629	6.183113E+0	31.616547E+0	1.683933E+3	83.677479E+0	41.935484E-3
630	6.616547E+0	31.616547E+0	1.683933E+3	83.677479E+0	41.935484E-3
631	6.649965E+0	32.522194E+0	1.705529E+3	82.953395E+0	41.935484E-3
632	6.616547E+0	32.522194E+0	1.705529E+3	82.953395E+0	41.935484E-3
633	6.983129E+0	32.522194E+0	1.705529E+3	82.953395E+0	41.935484E-3
634	7.522194E+0	32.522194E+0	1.705529E+3	82.953395E+0	41.935484E-3
635	7.661339E+0	33.306585E+0	1.724234E+3	83.834644E+0	41.935484E-3
636	7.522194E+0	33.306585E+0	1.724234E+3	83.834644E+0	41.935484E-3
637	7.783049E+0	33.306585E+0	1.724234E+3	83.834644E+0	41.935484E-3
638	8.306585E+0	33.306585E+0	1.724234E+3	83.834644E+0	41.935484E-3
639	8.430121E+0	34.036654E+0	1.741643E+3	84.741150E+0	41.935484E-3
640	8.306585E+0	34.036654E+0	1.741643E+3	84.741150E+0	41.935484E-3
641	8.583049E+0	34.036654E+0	1.741643E+3	84.741150E+0	41.935484E-3
642	9.259561E+0	34.036654E+0	1.741643E+3	84.741150E+0	41.935484E-3
643	10.336057E+0	34.485671E+0	1.752351E+3	84.456669E+0	41.935484E-3
644	11.812521E+0	34.485671E+0	1.752351E+3	84.456669E+0	41.935484E-3
645	13.689001E+0	34.485671E+0	1.752351E+3	84.456669E+0	41.935484E-3
646	15.965465E+0	34.485671E+0	1.752351E+3	84.456669E+0	41.935484E-3
647	18.642025E+0	34.796323E+0	1.759758E+3	85.003531E+0	41.935484E-3
648	21.718505E+0	34.796323E+0	1.759758E+3	85.003531E+0	41.935484E-3
649	25.194985E+0	34.796323E+0	1.759758E+3	85.003531E+0	41.935484E-3
650	29.071464E+0	34.796323E+0	1.759758E+3	85.003531E+0	41.935484E-3
651	33.347944E+0	35.203895E+0	1.769477E+3	84.115393E+0	41.935484E-3
652	37.224392E+0	35.203895E+0	1.769477E+3	84.115393E+0	41.935484E-3
653	40.000000E+0	35.203895E+0	1.769477E+3	84.115393E+0	41.935484E-3
654	40.000000E+0	34.846561E+0	1.760956E+3	85.107768E+0	41.935484E-3
655	39.600016E+0	34.846561E+0	1.760956E+3	85.107768E+0	41.935484E-3
656	38.800032E+0	34.846561E+0	1.760956E+3	85.107768E+0	41.935484E-3
657	37.600048E+0	34.846561E+0	1.760956E+3	85.107768E+0	41.935484E-3
658	35.999968E+0	34.846561E+0	1.760956E+3	85.107768E+0	41.935484E-3
659	34.799792E+0	32.425880E+0	1.703233E+3	85.217419E+0	41.935484E-3
660	33.999632E+0	32.425880E+0	1.703233E+3	85.217419E+0	41.935484E-3
661	32.799472E+0	32.425880E+0	1.703233E+3	85.217419E+0	41.935484E-3
662	31.999344E+0	32.425880E+0	1.703233E+3	85.217419E+0	41.935484E-3
663	31.599216E+0	28.482034E+0	1.609187E+3	84.253033E+0	41.935484E-3
664	31.599040E+0	28.482034E+0	1.609187E+3	84.253033E+0	41.935484E-3
665	31.198848E+0	28.482034E+0	1.609187E+3	84.253033E+0	41.935484E-3
666	30.398656E+0	28.482034E+0	1.609187E+3	84.253033E+0	41.935484E-3
667	29.198480E+0	24.581979E+0	1.516186E+3	87.303943E+0	41.935484E-3
668	28.398320E+0	24.581979E+0	1.516186E+3	87.303943E+0	41.935484E-3
669	27.198176E+0	24.581979E+0	1.516186E+3	87.303943E+0	41.935484E-3
670	25.598016E+0	24.581979E+0	1.516186E+3	87.303943E+0	41.935484E-3
671	24.397968E+0	20.874335E+0	1.427773E+3	87.353982E+0	41.935484E-3
672	23.597840E+0	20.874335E+0	1.427773E+3	87.353982E+0	41.935484E-3
673	22.397712E+0	20.874335E+0	1.427773E+3	87.353982E+0	41.935484E-3
674	20.874335E+0	20.874335E+0	1.427773E+3	87.353982E+0	41.935484E-3
675	19.750959E+0	17.662017E+0	1.351171E+3	86.095011E+0	41.935484E-3
676	19.027582E+0	17.662017E+0	1.351171E+3	86.095011E+0	41.935484E-3
677	17.904222E+0	17.662017E+0	1.351171E+3	86.095011E+0	41.935484E-3
678	17.180861E+0	17.662017E+0	1.351171E+3	86.095011E+0	41.935484E-3
679	16.857517E+0	14.804517E+0	1.283031E+3	85.786288E+0	41.935484E-3
680	16.934172E+0	14.804517E+0	1.283031E+3	85.786288E+0	41.935484E-3
681	16.610844E+0	14.804517E+0	1.283031E+3	85.786288E+0	41.935484E-3
682	15.887387E+0	14.804517E+0	1.283031E+3	85.786288E+0	41.935484E-3
683	14.804517E+0	12.153204E+0	1.219807E+3	85.508623E+0	41.935484E-3
684	14.121616E+0	12.153204E+0	1.219807E+3	85.508623E+0	41.935484E-3
685	13.038714E+0	12.153204E+0	1.219807E+3	85.508623E+0	41.935484E-3
686	12.153204E+0	12.153204E+0	1.219807E+3	85.508623E+0	41.935484E-3
687	11.667711E+0	9.883251E+0	1.165678E+3	83.611517E+0	41.935484E-3
688	11.582201E+0	9.883251E+0	1.165678E+3	83.611517E+0	41.935484E-3
689	11.096676E+0	9.883251E+0	1.165678E+3	83.611517E+0	41.935484E-3
690	10.211166E+0	9.883251E+0	1.165678E+3	83.611517E+0	41.935484E-3
691	9.725657E+0	7.977157E+0	1.120225E+3	83.147766E+0	41.935484E-3
692	9.640179E+0	7.977157E+0	1.120225E+3	83.147766E+0	41.935484E-3
693	9.154686E+0	7.977157E+0	1.120225E+3	83.147766E+0	41.935484E-3
694	8.269224E+0	7.977157E+0	1.120225E+3	83.147766E+0	41.935484E-3
695	7.783842E+0	6.141302E+0	1.076446E+3	83.861057E+0	41.935484E-3
696	7.698365E+0	6.141302E+0	1.076446E+3	83.861057E+0	41.935484E-3
697	7.212887E+0	6.141302E+0	1.076446E+3	83.861057E+0	41.935484E-3
698	6.327394E+0	6.141302E+0	1.076446E+3	83.861057E+0	41.935484E-3
699	5.841916E+0	4.370808E+0	1.034227E+3	81.919470E+0	41.935484E-3
700	5.756407E+0	4.370808E+0	1.034227E+3	81.919470E+0	41.935484E-3
701	5.270897E+0	4.370808E+0	1.034227E+3	81.919470E+0	41.935484E-3
702	4.385356E+0	4.370808E+0	1.034227E+3	81.919470E+0	41.935484E-3
703	3.899814E+0	3.108972E+0	1.004137E+3	80.514821E+0	41.935484E-3
704	3.814241E+0	3.108972E+0	1.004137E+3	80.514821E+0	41.935484E-3
705	3.328683E+0	3.108972E+0	1.004137E+3	80.514821E+0	41.935484E-3
706	3.108972E+0	3.108972E+0	1.004137E+3	80.514821E+0	41.935484E-3
707	3.108972E+0	2.184856E+0	982.100418E+0	79.786332E+0	41.935484E-3
708	3.108972E+0	2.184856E+0	982.100418E+0	79.786332E+0	41.935484E-3
709	2.708972E+0	2.184856E+0	982.100418E+0	79.786332E+0	41.935484E-3
710	2.184856E+0	2.184856E+0	982.100418E+0	79.786332E+0	41.935484E-3
711	2.060757E+0	1.536600E+0	966.641999E+0	79.712929E+0	41.935484E-3
712	2.184856E+0	1.536600E+0	966.641999E+0	79.712929E+0	41.935484E-3
713	1.908940E+0	1.536600E+0	966.641999E+0	79.712929E+0	41.935484E-3
714	1.536600E+0	1.536600E+0	966.641999E+0	79.712929E+0	41.935484E-3
715	1.536600E+0	1.074001E+0	955.610795E+0	82.942045E+0	41.935484E-3
716	1.536600E+0	1.074001E+0	955.610795E+0	82.942045E+0	41.935484E-3
717	1.136600E+0	1.074001E+0	955.610795E+0	82.942045E+0	41.935484E-3
718	1.074001E+0	1.074001E+0	955.610795E+0	82.942045E+0	41.935484E-3
719	1.074001E+0	726.278039E-3	947.318938E+0	83.416107E+0	41.935484E-3
720	1.074001E+0	726.278039E-3	947.318938E+0	83.416107E+0	41.935484E-3
721	726.278039E-3	726.278039E-3	947.318938E+0	83.416107E+0	41.935484E-3
722	726.278039E-3	726.278039E-3	947.318938E+0	83.416107E+0	41.935484E-3
723	726.278039E-3	636.422528E-3	945.176230E+0	82.226874E+0	41.935484E-3
724	726.278039E-3	636.422528E-3	945.176230E+0	82.226874E+0	41.935484E-3
725	636.422528E-3	636.422528E-3	945.176230E+0	82.226874E+0	41.935484E-3
726	636.422528E-3	1.078795E+0	955.725123E+0	80.005480E+0	41.935484E-3
727	636.422528E-3	1.078795E+0	955.725123E+0	80.005480E+0	41.935484E-3
728	636.422528E-3	1.078795E+0	955.725123E+0	80.005480E+0	41.935484E-3
729	1.036423E+0	1.078795E+0	955.725123E+0	80.005480E+0	41.935484E-3
730	1.078795E+0	1.078795E+0	955.725123E+0	80.005480E+0	41.935484E-3
731	1.078795E+0	1.736871E+0	971.417697E+0	81.087079E+0	41.935484E-3
732	1.078795E+0	1.736871E+0	971.417697E+0	81.087079E+0	41.935484E-3
733	1.478795E+0	1.736871E+0	971.417697E+0	81.087079E+0	41.935484E-3
734	1.736871E+0	1.736871E+0	971.417697E+0	81.087079E+0	41.935484E-3
735	1.736871E+0	2.636735E+0	992.875983E+0	82.250655E+0	41.935484E-3
736	1.736871E+0	2.636735E+0	992.875983E+0	82.250655E+0	41.935484E-3
737	2.136871E+0	2.636735E+0	992.875983E+0	82.250655E+0	41.935484E-3
738	2.636735E+0	2.636735E+0	992.875983E+0	82.250655E+0	41.935484E-3
739	2.736598E+0	3.791178E+0	1.020405E+3	80.569421E+0	41.935484E-3
740	2.636735E+0	3.791178E+0	1.020405E+3	80.569421E+0	41.935484E-3
741	2.936887E+0	3.791178E+0	1.020405E+3	80.569421E+0	41.935484E-3
742	3.637072E+0	3.791178E+0	1.020405E+3	80.569421E+0	41.935484E-3
743	3.937176E+0	4.830749E+0	1.045195E+3	81.343890E+0	41.935484E-3
744	3.837408E+0	4.830749E+0	1.045195E+3	81.343890E+0	41.935484E-3
745	4.137641E+0	4.830749E+0	1.045195E+3	81.343890E+0	41.935484E-3
746	4.830749E+0	4.830749E+0	1.045195E+3	81.343890E+0	41.935484E-3
747	5.123858E+0	5.952171E+0	1.071936E+3	82.405437E+0	41.935484E-3
748	5.016982E+0	5.952171E+0	1.071936E+3	82.405437E+0	41.935484E-3
749	5.310106E+0	5.952171E+0	1.071936E+3	82.405437E+0	41.935484E-3
750	5.952171E+0	5.952171E+0	1.071936E+3	82.405437E+0	41.935484E-3
751	6.194235E+0	7.029594E+0	1.097629E+3	83.421662E+0	41.935484E-3
752	6.036267E+0	7.029594E+0	1.097629E+3	83.421662E+0	41.935484E-3
753	6.278300E+0	7.029594E+0	1.097629E+3	83.421662E+0	41.935484E-3
754	6.920380E+0	7.029594E+0	1.097629E+3	83.421662E+0	41.935484E-3
755	7.162541E+0	7.925437E+0	1.118991E+3	81.546604E+0	41.935484E-3
756	7.029594E+0	7.925437E+0	1.118991E+3	81.546604E+0	41.935484E-3
757	7.296632E+0	7.925437E+0	1.118991E+3	81.546604E+0	41.935484E-3
758	7.925437E+0	7.925437E+0	1.118991E+3	81.546604E+0	41.935484E-3
759	8.154257E+0	8.689622E+0	1.137214E+3	81.592767E+0	41.935484E-3
760	7.983062E+0	8.689622E+0	1.137214E+3	81.592767E+0	41.935484E-3
761	8.211851E+0	8.689622E+0	1.137214E+3	81.592767E+0	41.935484E-3
762	8.689622E+0	8.689622E+0	1.137214E+3	81.592767E+0	41.935484E-3
763	8.767392E+0	9.051179E+0	1.145836E+3	80.185273E+0	41.935484E-3
764	8.689622E+0	9.051179E+0	1.145836E+3	80.185273E+0	41.935484E-3
765	9.011835E+0	9.051179E+0	1.145836E+3	80.185273E+0	41.935484E-3
766	9.051179E+0	9.051179E+0	1.145836E+3	80.185273E+0	41.935484E-3
767	9.051179E+0	8.741622E+0	1.138454E+3	81.194517E+0	41.935484E-3
768	9.051179E+0	8.741622E+0	1.138454E+3	81.194517E+0	41.935484E-3
769	8.741622E+0	8.741622E+0	1.138454E+3	81.194517E+0	41.935484E-3
770	8.741622E+0	8.741622E+0	1.138454E+3	81.194517E+0	41.935484E-3
771	8.741622E+0	8.046412E+0	1.121876E+3	80.139502E+0	41.935484E-3
772	8.741622E+0	8.046412E+0	1.121876E+3	80.139502E+0	41.935484E-3
773	8.341622E+0	8.046412E+0	1.121876E+3	80.139502E+0	41.935484E-3
774	8.046412E+0	8.046412E+0	1.121876E+3	80.139502E+0	41.935484E-3
775	8.046412E+0	7.243467E+0	1.102729E+3	81.416265E+0	41.935484E-3
776	8.046412E+0	7.243467E+0	1.102729E+3	81.416265E+0	41.935484E-3
777	7.646412E+0	7.243467E+0	1.102729E+3	81.416265E+0	41.935484E-3
778	7.243467E+0	7.243467E+0	1.102729E+3	81.416265E+0	41.935484E-3
779	7.240442E+0	6.390552E+0	1.082390E+3	81.446556E+0	41.935484E-3
780	7.243467E+0	6.390552E+0	1.082390E+3	81.446556E+0	41.935484E-3
781	6.846492E+0	6.390552E+0	1.082390E+3	81.446556E+0	41.935484E-3
782	6.390552E+0	6.390552E+0	1.082390E+3	81.446556E+0	41.935484E-3
783	6.334596E+0	5.609997E+0	1.063777E+3	81.550151E+0	41.935484E-3
784	6.390552E+0	5.609997E+0	1.063777E+3	81.550151E+0	41.935484E-3
785	6.046524E+0	5.609997E+0	1.063777E+3	81.550151E+0	41.935484E-3
786	5.609997E+0	5.609997E+0	1.063777E+3	81.550151E+0	41.935484E-3
787	5.573455E+0	4.818282E+0	1.044897E+3	81.906393E+0	41.935484E-3
788	5.609997E+0	4.818282E+0	1.044897E+3	81.906393E+0	41.935484E-3
789	5.246508E+0	4.818282E+0	1.044897E+3	81.906393E+0	41.935484E-3
790	4.818282E+0	4.818282E+0	1.044897E+3	81.906393E+0	41.935484E-3
791	4.790152E+0	4.672227E+0	1.041415E+3	83.093404E+0	41.935484E-3
792	4.818282E+0	4.672227E+0	1.041415E+3	83.093404E+0	41.935484E-3
793	4.672227E+0	4.672227E+0	1.041415E+3	83.093404E+0	41.935484E-3
794	4.672227E+0	4.672227E+0	1.041415E+3	83.093404E+0	41.935484E-3
795	4.672227E+0	4.672227E+0	1.041415E+3	83.093404E+0	41.935484E-3
796	4.672227E+0	5.140471E+0	1.052580E+3	82.248391E+0	41.935484E-3
797	4.672227E+0	5.140471E+0	1.052580E+3	82.248391E+0	41.935484E-3
798	5.072227E+0	5.140471E+0	1.052580E+3	82.248391E+0	41.935484E-3
799	5.140471E+0	5.484312E+0	1.060780E+3	82.016689E+0	41.935484E-3
800	4.808716E+0	5.484312E+0	1.060780E+3	82.016689E+0	41.935484E-3
801	4.076961E+0	5.484312E+0	1.060780E+3	82.016689E+0	41.935484E-3
802	2.945094E+0	5.484312E+0	1.060780E+3	82.016689E+0	41.935484E-3
803	1.413307E+0	5.484192E+0	1.060777E+3	83.602732E+0	41.935484E-3
804	-518.464533E-3	5.484192E+0	1.060777E+3	83.602732E+0	41.935484E-3
805	-2.850220E+0	5.484192E+0	1.060777E+3	83.602732E+0	41.935484E-3
806	-5.581991E+0	5.484192E+0	1.060777E+3	83.602732E+0	41.935484E-3
807	-8.713762E+0	5.290651E+0	1.056162E+3	81.767837E+0	41.935484E-3
808	-12.245517E+0	5.290651E+0	1.056162E+3	81.767837E+0	41.935484E-3
809	-16.177273E+0	5.290651E+0	1.056162E+3	81.767837E+0	41.935484E-3
810	-19.709349E+0	5.290651E+0	1.056162E+3	81.767837E+0	41.935484E-3
811	-22.841425E+0	5.347205E+0	1.057510E+3	80.498363E+0	41.935484E-3
812	-25.573470E+0	5.347205E+0	1.057510E+3	80.498363E+0	41.935484E-3
813	-27.905514E+0	5.347205E+0	1.057510E+3	80.498363E+0	41.935484E-3
814	-29.837494E+0	5.347205E+0	1.057510E+3	80.498363E+0	41.935484E-3
815	-31.369571E+0	5.347205E+0	1.057510E+3	80.498363E+0	41.935484E-3
816	-32.501631E+0	6.528689E+0	1.085684E+3	79.834449E+0	41.935484E-3
817	-33.233708E+0	6.528689E+0	1.085684E+3	79.834449E+0	41.935484E-3
818	-33.565784E+0	6.528689E+0	1.085684E+3	79.834449E+0	41.935484E-3
819	-33.497860E+0	6.528689E+0	1.085684E+3	79.834449E+0	41.935484E-3
820	-33.029937E+0	9.271364E+0	1.151086E+3	78.575466E+0	41.935484E-3
821	-32.162013E+0	9.271364E+0	1.151086E+3	78.575466E+0	41.935484E-3
822	-30.894058E+0	9.271364E+0	1.151086E+3	78.575466E+0	41.935484E-3
823	-29.226102E+0	9.271364E+0	1.151086E+3	78.575466E+0	41.935484E-3
824	-27.158178E+0	12.746911E+0	1.233965E+3	79.192441E+0	41.935484E-3
825	-24.690255E+0	12.746911E+0	1.233965E+3	79.192441E+0	41.935484E-3
826	-21.822251E+0	12.746911E+0	1.233965E+3	79.192441E+0	41.935484E-3
827	-18.554327E+0	12.746911E+0	1.233965E+3	79.192441E+0	41.935484E-3
828	-14.886404E+0	16.357909E+0	1.320073E+3	80.210673E+0	41.935484E-3
829	-11.618512E+0	16.357909E+0	1.320073E+3	80.210673E+0	41.935484E-3
830	-8.642091E+0	16.357909E+0	1.320073E+3	80.210673E+0	41.935484E-3
831	-6.065623E+0	16.357909E+0	1.320073E+3	80.210673E+0	41.935484E-3
832	-3.889202E+0	19.911839E+0	1.404821E+3	85.662568E+0	41.935484E-3
833	-2.112781E+0	19.911839E+0	1.404821E+3	85.662568E+0	41.935484E-3
834	-736.312392E-3	19.911839E+0	1.404821E+3	85.662568E+0	41.935484E-3
835	240.140362E-3	19.911839E+0	1.404821E+3	85.662568E+0	41.935484E-3
836	816.593115E-3	23.191664E+0	1.483032E+3	91.652626E+0	41.935484E-3
837	993.045868E-3	23.191664E+0	1.483032E+3	91.652626E+0	41.935484E-3
838	769.498622E-3	23.191664E+0	1.483032E+3	91.652626E+0	41.935484E-3
839	145.855369E-3	23.191664E+0	1.483032E+3	91.652626E+0	41.935484E-3
840	-877.691889E-3	25.581086E+0	1.540011E+3	91.757953E+0	41.935484E-3
841	-1.808336E+0	25.581086E+0	1.540011E+3	91.757953E+0	41.935484E-3
842	-2.338949E+0	25.581086E+0	1.540011E+3	91.757953E+0	41.935484E-3
843	-2.469577E+0	25.581086E+0	1.540011E+3	91.757953E+0	41.935484E-3
844	-2.200221E+0	27.390570E+0	1.583160E+3	89.118672E+0	41.935484E-3
845	-1.530866E+0	27.390570E+0	1.583160E+3	89.118672E+0	41.935484E-3
846	-461.510165E-3	27.390570E+0	1.583160E+3	89.118672E+0	41.935484E-3
847	1.007877E+0	29.258649E+0	1.627706E+3	88.389787E+0	41.935484E-3
848	2.390570E+0	29.258649E+0	1.627706E+3	88.389787E+0	41.935484E-3
849	4.173246E+0	29.258649E+0	1.627706E+3	88.389787E+0	41.935484E-3
850	5.555939E+0	29.258649E+0	1.627706E+3	88.389787E+0	41.935484E-3
851	6.538551E+0	29.258649E+0	1.627706E+3	88.389787E+0	41.935484E-3
852	7.121211E+0	31.151425E+0	1.672842E+3	89.479417E+0	41.935484E-3
853	7.303872E+0	31.151425E+0	1.672842E+3	89.479417E+0	41.935484E-3
854	7.086564E+0	31.151425E+0	1.672842E+3	89.479417E+0	41.935484E-3
855	6.469256E+0	31.151425E+0	1.672842E+3	89.479417E+0	41.935484E-3
856	6.151425E+0	33.061285E+0	1.718384E+3	89.040885E+0	41.935484E-3
857	6.151425E+0	33.061285E+0	1.718384E+3	89.040885E+0	41.935484E-3
858	6.551425E+0	33.061285E+0	1.718384E+3	89.040885E+0	41.935484E-3
859	7.351425E+0	33.061285E+0	1.718384E+3	89.040885E+0	41.935484E-3
860	8.061285E+0	34.316985E+0	1.748328E+3	86.305030E+0	41.935484E-3
861	9.171145E+0	34.316985E+0	1.748328E+3	86.305030E+0	41.935484E-3
862	9.880973E+0	34.316985E+0	1.748328E+3	86.305030E+0	41.935484E-3
863	10.190721E+0	34.316985E+0	1.748328E+3	86.305030E+0	41.935484E-3
864	10.100580E+0	35.109810E+0	1.767234E+3	85.079152E+0	41.935484E-3
865	9.610440E+0	35.109810E+0	1.767234E+3	85.079152E+0	41.935484E-3
866	9.520300E+0	35.109810E+0	1.767234E+3	85.079152E+0	41.935484E-3
867	9.830160E+0	35.109810E+0	1.767234E+3	85.079152E+0	41.935484E-3
868	10.109810E+0	35.602641E+0	1.778986E+3	84.532136E+0	41.935484E-3
869	10.109810E+0	35.602641E+0	1.778986E+3	84.532136E+0	41.935484E-3
870	10.509810E+0	35.602641E+0	1.778986E+3	84.532136E+0	41.935484E-3
871	10.602641E+0	35.025770E+0	1.765230E+3	85.057000E+0	41.935484E-3
872	10.602641E+0	35.025770E+0	1.765230E+3	85.057000E+0	41.935484E-3
873	10.202641E+0	35.025770E+0	1.765230E+3	85.057000E+0	41.935484E-3
874	10.025770E+0	35.025770E+0	1.765230E+3	85.057000E+0	41.935484E-3
875	10.025770E+0	35.025770E+0	1.765230E+3	85.057000E+0	41.935484E-3
876	10.025770E+0	34.318682E+0	1.748369E+3	85.289641E+0	41.935484E-3
877	10.025770E+0	34.318682E+0	1.748369E+3	85.289641E+0	41.935484E-3
878	9.625770E+0	34.318682E+0	1.748369E+3	85.289641E+0	41.935484E-3
879	9.318682E+0	34.318682E+0	1.748369E+3	85.289641E+0	41.935484E-3
880	9.318682E+0	33.255746E+0	1.723022E+3	86.375479E+0	41.935484E-3
881	9.318682E+0	33.255746E+0	1.723022E+3	86.375479E+0	41.935484E-3
882	8.918650E+0	33.255746E+0	1.723022E+3	86.375479E+0	41.935484E-3
883	8.255746E+0	33.255746E+0	1.723022E+3	86.375479E+0	41.935484E-3
884	7.992810E+0	32.386311E+0	1.702289E+3	84.094180E+0	41.935484E-3
885	8.129858E+0	32.386311E+0	1.702289E+3	84.094180E+0	41.935484E-3
886	7.866906E+0	32.386311E+0	1.702289E+3	84.094180E+0	41.935484E-3
887	7.386311E+0	32.386311E+0	1.702289E+3	84.094180E+0	41.935484E-3
888	7.305620E+0	31.332917E+0	1.677170E+3	84.317394E+0	41.935484E-3
889	7.386311E+0	31.332917E+0	1.677170E+3	84.317394E+0	41.935484E-3
890	7.067018E+0	31.332917E+0	1.677170E+3	84.317394E+0	41.935484E-3
891	6.347710E+0	31.332917E+0	1.677170E+3	84.317394E+0	41.935484E-3
892	6.028417E+0	30.397204E+0	1.654856E+3	86.401166E+0	41.935484E-3
893	6.109140E+0	30.397204E+0	1.654856E+3	86.401166E+0	41.935484E-3
894	5.789911E+0	30.397204E+0	1.654856E+3	86.401166E+0	41.935484E-3
895	5.397204E+0	30.397204E+0	1.654856E+3	86.401166E+0	41.935484E-3
896	5.397204E+0	29.521264E+0	1.633969E+3	85.100442E+0	41.935484E-3
897	5.397204E+0	29.521264E+0	1.633969E+3	85.100442E+0	41.935484E-3
898	4.997124E+0	29.521264E+0	1.633969E+3	85.100442E+0	41.935484E-3
899	4.521264E+0	29.521264E+0	1.633969E+3	85.100442E+0	41.935484E-3
900	4.445404E+0	28.795302E+0	1.616657E+3	84.582151E+0	41.935484E-3
901	4.521264E+0	28.795302E+0	1.616657E+3	84.582151E+0	41.935484E-3
902	4.197092E+0	28.795302E+0	1.616657E+3	84.582151E+0	41.935484E-3
903	3.795302E+0	28.795302E+0	1.616657E+3	84.582151E+0	41.935484E-3
904	3.793464E+0	28.211924E+0	1.602746E+3	83.284920E+0	41.935484E-3
905	3.795302E+0	28.211924E+0	1.602746E+3	83.284920E+0	41.935484E-3
906	3.397140E+0	28.211924E+0	1.602746E+3	83.284920E+0	41.935484E-3
907	3.211924E+0	28.211924E+0	1.602746E+3	83.284920E+0	41.935484E-3
908	3.211924E+0	28.026191E+0	1.598317E+3	82.536766E+0	41.935484E-3
909	3.211924E+0	28.026191E+0	1.598317E+3	82.536766E+0	41.935484E-3
910	3.026191E+0	28.026191E+0	1.598317E+3	82.536766E+0	41.935484E-3
911	3.026191E+0	28.026191E+0	1.598317E+3	82.536766E+0	41.935484E-3
912	3.026191E+0	28.355669E+0	1.606174E+3	82.637651E+0	41.935484E-3
913	3.026191E+0	28.355669E+0	1.606174E+3	82.637651E+0	41.935484E-3
914	3.355669E+0	28.355669E+0	1.606174E+3	82.637651E+0	41.935484E-3
915	3.355669E+0	28.355669E+0	1.606174E+3	82.637651E+0	41.935484E-3
916	3.355669E+0	28.931284E+0	1.619900E+3	83.260005E+0	41.935484E-3
917	3.355669E+0	28.931284E+0	1.619900E+3	83.260005E+0	41.935484E-3
918	3.755669E+0	28.931284E+0	1.619900E+3	83.260005E+0	41.935484E-3
919	3.931284E+0	28.931284E+0	1.619900E+3	83.260005E+0	41.935484E-3
920	3.931284E+0	29.473480E+0	1.632829E+3	81.713468E+0	41.935484E-3
921	3.931284E+0	29.473480E+0	1.632829E+3	81.713468E+0	41.935484E-3
922	4.331396E+0	29.473480E+0	1.632829E+3	81.713468E+0	41.935484E-3
923	4.473480E+0	29.473480E+0	1.632829E+3	81.713468E+0	41.935484E-3
924	4.473480E+0	30.093391E+0	1.647612E+3	81.627891E+0	41.935484E-3
925	4.473480E+0	30.093391E+0	1.647612E+3	81.627891E+0	41.935484E-3
926	4.873496E+0	30.093391E+0	1.647612E+3	81.627891E+0	41.935484E-3
927	5.093391E+0	30.093391E+0	1.647612E+3	81.627891E+0	41.935484E-3
928	5.093391E+0	30.773498E+0	1.663830E+3	84.200046E+0	41.935484E-3
929	5.093391E+0	30.773498E+0	1.663830E+3	84.200046E+0	41.935484E-3
930	5.493375E+0	30.773498E+0	1.663830E+3	84.200046E+0	41.935484E-3
931	5.773498E+0	30.773498E+0	1.663830E+3	84.200046E+0	41.935484E-3
932	5.773498E+0	30.982785E+0	1.668820E+3	85.804078E+0	41.935484E-3
933	5.773498E+0	30.982785E+0	1.668820E+3	85.804078E+0	41.935484E-3
934	5.982785E+0	30.982785E+0	1.668820E+3	85.804078E+0	41.935484E-3
935	5.982785E+0	30.982785E+0	1.668820E+3	85.804078E+0	41.935484E-3
936	5.982785E+0	30.272269E+0	1.651877E+3	83.694915E+0	41.935484E-3
937	5.982785E+0	30.272269E+0	1.651877E+3	83.694915E+0	41.935484E-3
938	5.582801E+0	30.272269E+0	1.651877E+3	83.694915E+0	41.935484E-3
939	5.272269E+0	30.272269E+0	1.651877E+3	83.694915E+0	41.935484E-3
940	5.272269E+0	30.018216E+0	1.645819E+3	82.411501E+0	41.935484E-3
941	5.272269E+0	30.018216E+0	1.645819E+3	82.411501E+0	41.935484E-3
942	5.018216E+0	30.018216E+0	1.645819E+3	82.411501E+0	41.935484E-3
943	5.018216E+0	30.018216E+0	1.645819E+3	82.411501E+0	41.935484E-3
944	5.018216E+0	29.885856E+0	1.642663E+3	83.977468E+0	41.935484E-3
945	5.018216E+0	29.885856E+0	1.642663E+3	83.977468E+0	41.935484E-3
946	4.885856E+0	29.885856E+0	1.642663E+3	83.977468E+0	41.935484E-3
947	4.885856E+0	29.885856E+0	1.642663E+3	83.977468E+0	41.935484E-3
948	4.885856E+0	30.055652E+0	1.646712E+3	85.186165E+0	41.935484E-3
949	4.885856E+0	30.055652E+0	1.646712E+3	85.186165E+0	41.935484E-3
950	5.055652E+0	30.055652E+0	1.646712E+3	85.186165E+0	41.935484E-3
951	5.055652E+0	30.055652E+0	1.646712E+3	85.186165E+0	41.935484E-3
952	5.055652E+0	30.294700E+0	1.652412E+3	84.940302E+0	41.935484E-3
953	5.055652E+0	30.294700E+0	1.652412E+3	84.940302E+0	41.935484E-3
954	5.294700E+0	30.294700E+0	1.652412E+3	84.940302E+0	41.935484E-3
955	5.294700E+0	30.294700E+0	1.652412E+3	84.940302E+0	41.935484E-3
956	5.294700E+0	30.728952E+0	1.662767E+3	84.115314E+0	41.935484E-3
957	5.294700E+0	30.728952E+0	1.662767E+3	84.115314E+0	41.935484E-3
958	5.694716E+0	30.728952E+0	1.662767E+3	84.115314E+0	41.935484E-3
959	5.728952E+0	30.728952E+0	1.662767E+3	84.115314E+0	41.935484E-3
960	5.728952E+0	30.690579E+0	1.661852E+3	84.610000E+0	41.935484E-3
961	6.128968E+0	30.690579E+0	1.661852E+3	84.610000E+0	41.935484E-3
962	6.929016E+0	30.690579E+0	1.661852E+3	84.610000E+0	41.935484E-3
963	8.129048E+0	30.690579E+0	1.661852E+3	84.610000E+0	41.935484E-3
964	9.729080E+0	30.403071E+0	1.654996E+3	84.949481E+0	41.935484E-3
965	11.729096E+0	30.403071E+0	1.654996E+3	84.949481E+0	41.935484E-3
966	14.129096E+0	30.403071E+0	1.654996E+3	84.949481E+0	41.935484E-3
967	16.929112E+0	30.403071E+0	1.654996E+3	84.949481E+0	41.935484E-3
968	20.129112E+0	30.334131E+0	1.653352E+3	84.577445E+0	41.935484E-3
969	23.729128E+0	30.334131E+0	1.653352E+3	84.577445E+0	41.935484E-3
970	27.729224E+0	30.334131E+0	1.653352E+3	84.577445E+0	41.935484E-3
971	31.329416E+0	30.334131E+0	1.653352E+3	84.577445E+0	41.935484E-3
972	34.529576E+0	30.689630E+0	1.661830E+3	83.633326E+0	41.935484E-3
973	37.329736E+0	30.689630E+0	1.661830E+3	83.633326E+0	41.935484E-3
974	39.729912E+0	30.689630E+0	1.661830E+3	83.633326E+0	41.935484E-3
975	40.000000E+0	30.689630E+0	1.661830E+3	83.633326E+0	41.935484E-3
976	39.870104E+0	30.339585E+0	1.653482E+3	81.432598E+0	41.935484E-3
977	39.340209E+0	30.339585E+0	1.653482E+3	81.432598E+0	41.935484E-3
978	38.410313E+0	30.339585E+0	1.653482E+3	81.432598E+0	41.935484E-3
979	37.080401E+0	30.339585E+0	1.653482E+3	81.432598E+0	41.935484E-3
980	35.350506E+0	28.015066E+0	1.598052E+3	84.371708E+0	41.935484E-3
981	33.220610E+0	28.015066E+0	1.598052E+3	84.371708E+0	41.935484E-3
982	30.690666E+0	28.015066E+0	1.598052E+3	84.371708E+0	41.935484E-3
983	28.015066E+0	28.015066E+0	1.598052E+3	84.371708E+0	41.935484E-3
984	25.739402E+0	24.225982E+0	1.507696E+3	84.934281E+0	41.935484E-3
985	23.863690E+0	24.225982E+0	1.507696E+3	84.934281E+0	41.935484E-3
986	22.387978E+0	24.225982E+0	1.507696E+3	84.934281E+0	41.935484E-3
987	21.312265E+0	24.225982E+0	1.507696E+3	84.934281E+0	41.935484E-3
988	20.636553E+0	20.537178E+0	1.419733E+3	84.295524E+0	41.935484E-3
989	20.360841E+0	20.537178E+0	1.419733E+3	84.295524E+0	41.935484E-3
990	20.485129E+0	20.537178E+0	1.419733E+3	84.295524E+0	41.935484E-3
991	20.537178E+0	20.537178E+0	1.419733E+3	84.295524E+0	41.935484E-3
992	20.537178E+0	17.477532E+0	1.346772E+3	82.909408E+0	41.935484E-3
993	20.537178E+0	17.477532E+0	1.346772E+3	82.909408E+0	41.935484E-3
994	20.137114E+0	17.477532E+0	1.346772E+3	82.909408E+0	41.935484E-3
995	19.337146E+0	17.477532E+0	1.346772E+3	82.909408E+0	41.935484E-3
996	18.137178E+0	17.477532E+0	1.346772E+3	82.909408E+0	41.935484E-3
997	17.337210E+0	14.819424E+0	1.283386E+3	84.940310E+0	41.935484E-3
998	16.937242E+0	14.819424E+0	1.283386E+3	84.940310E+0	41.935484E-3
999	16.137274E+0	14.819424E+0	1.283386E+3	84.940310E+0	41.935484E-3
1000	14.937306E+0	12.068783E+0	1.217794E+3	85.986215E+0	41.935484E-3
