mercredi 19 février 2020	17:13:57	Sampling Period : 50  ms		OL alpha1

t	I1	I2	Alpha1	Alpha2	x	y	dotx	doty
0	0.000000E+0	35.928315E+0	1.786752E+3	81.490617E+0	41.935484E-3
1	0.000000E+0	35.928315E+0	1.786752E+3	81.490617E+0	41.935484E-3
2	0.000000E+0	35.924273E+0	1.786656E+3	81.521085E+0	41.935484E-3
3	0.000000E+0	35.924273E+0	1.786656E+3	81.521085E+0	41.935484E-3
4	0.000000E+0	35.924273E+0	1.786656E+3	81.521085E+0	41.935484E-3
5	0.000000E+0	35.931224E+0	1.786821E+3	81.780325E+0	41.935484E-3
6	0.000000E+0	35.931224E+0	1.786821E+3	81.780325E+0	41.935484E-3
7	0.000000E+0	35.931224E+0	1.786821E+3	81.780325E+0	41.935484E-3
8	0.000000E+0	35.931224E+0	1.786821E+3	81.780325E+0	41.935484E-3
9	0.000000E+0	35.931224E+0	1.786821E+3	81.780325E+0	41.935484E-3
10	0.000000E+0	35.935848E+0	1.786932E+3	82.332262E+0	41.935484E-3
11	0.000000E+0	35.935848E+0	1.786932E+3	82.332262E+0	41.935484E-3
12	0.000000E+0	35.935848E+0	1.786932E+3	82.332262E+0	41.935484E-3
13	35.000000E+0	35.935848E+0	1.786932E+3	82.332262E+0	41.935484E-3
14	35.000000E+0	35.936730E+0	1.786953E+3	82.926500E+0	41.935484E-3
15	35.000000E+0	35.936730E+0	1.786953E+3	82.926500E+0	41.935484E-3
16	35.000000E+0	35.936730E+0	1.786953E+3	82.926500E+0	41.935484E-3
17	35.000000E+0	35.936730E+0	1.786953E+3	82.926500E+0	41.935484E-3
18	35.000000E+0	36.265034E+0	1.794782E+3	83.013818E+0	41.935484E-3
19	35.000000E+0	36.265034E+0	1.794782E+3	83.013818E+0	41.935484E-3
20	35.000000E+0	36.265034E+0	1.794782E+3	83.013818E+0	41.935484E-3
21	35.000000E+0	36.265034E+0	1.794782E+3	83.013818E+0	41.935484E-3
22	35.000000E+0	37.784401E+0	1.831013E+3	84.813677E+0	41.935484E-3
23	35.000000E+0	37.784401E+0	1.831013E+3	84.813677E+0	41.935484E-3
24	35.000000E+0	37.784401E+0	1.831013E+3	84.813677E+0	41.935484E-3
25	35.000000E+0	37.784401E+0	1.831013E+3	84.813677E+0	41.935484E-3
26	35.000000E+0	35.150282E+0	1.768199E+3	83.582284E+0	41.935484E-3
27	35.000000E+0	35.150282E+0	1.768199E+3	83.582284E+0	41.935484E-3
28	35.000000E+0	35.150282E+0	1.768199E+3	83.582284E+0	41.935484E-3
29	35.000000E+0	35.150282E+0	1.768199E+3	83.582284E+0	41.935484E-3
30	35.000000E+0	31.431586E+0	1.679522E+3	82.953762E+0	41.935484E-3
31	35.000000E+0	31.431586E+0	1.679522E+3	82.953762E+0	41.935484E-3
32	35.000000E+0	31.431586E+0	1.679522E+3	82.953762E+0	41.935484E-3
33	35.000000E+0	31.431586E+0	1.679522E+3	82.953762E+0	41.935484E-3
34	35.000000E+0	27.476725E+0	1.585214E+3	80.328194E+0	41.935484E-3
35	35.000000E+0	27.476725E+0	1.585214E+3	80.328194E+0	41.935484E-3
36	35.000000E+0	27.476725E+0	1.585214E+3	80.328194E+0	41.935484E-3
37	35.000000E+0	27.476725E+0	1.585214E+3	80.328194E+0	41.935484E-3
38	35.000000E+0	23.620869E+0	1.493267E+3	78.626471E+0	41.935484E-3
39	35.000000E+0	23.620869E+0	1.493267E+3	78.626471E+0	41.935484E-3
40	35.000000E+0	23.620869E+0	1.493267E+3	78.626471E+0	41.935484E-3
41	35.000000E+0	23.620869E+0	1.493267E+3	78.626471E+0	41.935484E-3
42	35.000000E+0	19.814123E+0	1.402491E+3	78.262487E+0	41.935484E-3
43	35.000000E+0	19.814123E+0	1.402491E+3	78.262487E+0	41.935484E-3
44	35.000000E+0	19.814123E+0	1.402491E+3	78.262487E+0	41.935484E-3
45	35.000000E+0	19.814123E+0	1.402491E+3	78.262487E+0	41.935484E-3
46	35.000000E+0	16.275728E+0	1.318114E+3	76.028571E+0	41.935484E-3
47	35.000000E+0	16.275728E+0	1.318114E+3	76.028571E+0	41.935484E-3
48	35.000000E+0	16.275728E+0	1.318114E+3	76.028571E+0	41.935484E-3
49	35.000000E+0	12.870226E+0	1.236905E+3	76.593386E+0	41.935484E-3
50	35.000000E+0	12.870226E+0	1.236905E+3	76.593386E+0	41.935484E-3
51	35.000000E+0	12.870226E+0	1.236905E+3	76.593386E+0	41.935484E-3
52	35.000000E+0	12.870226E+0	1.236905E+3	76.593386E+0	41.935484E-3
53	35.000000E+0	12.870226E+0	1.236905E+3	76.593386E+0	41.935484E-3
54	35.000000E+0	9.446511E+0	1.155263E+3	78.835660E+0	41.935484E-3
55	35.000000E+0	9.446511E+0	1.155263E+3	78.835660E+0	41.935484E-3
56	35.000000E+0	9.446511E+0	1.155263E+3	78.835660E+0	41.935484E-3
57	35.000000E+0	9.446511E+0	1.155263E+3	78.835660E+0	41.935484E-3
58	35.000000E+0	6.091901E+0	1.075268E+3	81.219313E+0	41.935484E-3
59	35.000000E+0	6.091901E+0	1.075268E+3	81.219313E+0	41.935484E-3
60	35.000000E+0	6.091901E+0	1.075268E+3	81.219313E+0	41.935484E-3
61	35.000000E+0	6.091901E+0	1.075268E+3	81.219313E+0	41.935484E-3
62	35.000000E+0	2.602067E+0	992.049290E+0	83.859928E+0	41.935484E-3
63	35.000000E+0	2.602067E+0	992.049290E+0	83.859928E+0	41.935484E-3
64	35.000000E+0	2.602067E+0	992.049290E+0	83.859928E+0	41.935484E-3
65	35.000000E+0	2.602067E+0	992.049290E+0	83.859928E+0	41.935484E-3
66	35.000000E+0	-862.972429E-3	909.421427E+0	86.387997E+0	41.935484E-3
67	35.000000E+0	-862.972429E-3	909.421427E+0	86.387997E+0	41.935484E-3
68	35.000000E+0	-862.972429E-3	909.421427E+0	86.387997E+0	41.935484E-3
69	35.000000E+0	-862.972429E-3	909.421427E+0	86.387997E+0	41.935484E-3
70	35.000000E+0	-4.222320E+0	829.313904E+0	85.482715E+0	41.935484E-3
71	35.000000E+0	-4.222320E+0	829.313904E+0	85.482715E+0	41.935484E-3
72	35.000000E+0	-4.222320E+0	829.313904E+0	85.482715E+0	41.935484E-3
73	35.000000E+0	-4.222320E+0	829.313904E+0	85.482715E+0	41.935484E-3
74	35.000000E+0	-7.644193E+0	747.715389E+0	84.689398E+0	41.935484E-3
75	35.000000E+0	-7.644193E+0	747.715389E+0	84.689398E+0	41.935484E-3
76	35.000000E+0	-7.644193E+0	747.715389E+0	84.689398E+0	41.935484E-3
77	35.000000E+0	-7.644193E+0	747.715389E+0	84.689398E+0	41.935484E-3
78	35.000000E+0	-10.866215E+0	670.882565E+0	81.624517E+0	41.935484E-3
79	35.000000E+0	-10.866215E+0	670.882565E+0	81.624517E+0	41.935484E-3
80	35.000000E+0	-10.866215E+0	670.882565E+0	81.624517E+0	41.935484E-3
81	35.000000E+0	-10.866215E+0	670.882565E+0	81.624517E+0	41.935484E-3
82	35.000000E+0	-14.072303E+0	594.429692E+0	77.823837E+0	41.935484E-3
83	35.000000E+0	-14.072303E+0	594.429692E+0	77.823837E+0	41.935484E-3
84	35.000000E+0	-14.072303E+0	594.429692E+0	77.823837E+0	41.935484E-3
85	35.000000E+0	-14.072303E+0	594.429692E+0	77.823837E+0	41.935484E-3
86	35.000000E+0	-17.260058E+0	518.414005E+0	74.224436E+0	41.935484E-3
87	35.000000E+0	-17.260058E+0	518.414005E+0	74.224436E+0	41.935484E-3
88	35.000000E+0	-17.260058E+0	518.414005E+0	74.224436E+0	41.935484E-3
89	35.000000E+0	-17.260058E+0	518.414005E+0	74.224436E+0	41.935484E-3
90	35.000000E+0	-20.386913E+0	443.850539E+0	73.118874E+0	41.935484E-3
91	35.000000E+0	-20.386913E+0	443.850539E+0	73.118874E+0	41.935484E-3
92	35.000000E+0	-20.386913E+0	443.850539E+0	73.118874E+0	41.935484E-3
93	35.000000E+0	-20.386913E+0	443.850539E+0	73.118874E+0	41.935484E-3
94	35.000000E+0	-23.541482E+0	368.626194E+0	74.091959E+0	41.935484E-3
95	35.000000E+0	-23.541482E+0	368.626194E+0	74.091959E+0	41.935484E-3
96	35.000000E+0	-23.541482E+0	368.626194E+0	74.091959E+0	41.935484E-3
97	35.000000E+0	-23.541482E+0	368.626194E+0	74.091959E+0	41.935484E-3
98	35.000000E+0	-26.724489E+0	292.723716E+0	78.934474E+0	41.935484E-3
99	35.000000E+0	-26.724489E+0	292.723716E+0	78.934474E+0	41.935484E-3
100	35.000000E+0	-26.724489E+0	292.723716E+0	78.934474E+0	41.935484E-3
101	35.000000E+0	-26.724489E+0	292.723716E+0	78.934474E+0	41.935484E-3
102	35.000000E+0	-29.857757E+0	218.007338E+0	83.281521E+0	41.935484E-3
103	35.000000E+0	-29.857757E+0	218.007338E+0	83.281521E+0	41.935484E-3
104	35.000000E+0	-29.857757E+0	218.007338E+0	83.281521E+0	41.935484E-3
105	35.000000E+0	-29.857757E+0	218.007338E+0	83.281521E+0	41.935484E-3
106	35.000000E+0	-32.970473E+0	143.781034E+0	82.551724E+0	41.935484E-3
107	35.000000E+0	-32.970473E+0	143.781034E+0	82.551724E+0	41.935484E-3
108	35.000000E+0	-32.970473E+0	143.781034E+0	82.551724E+0	41.935484E-3
109	35.000000E+0	-32.970473E+0	143.781034E+0	82.551724E+0	41.935484E-3
110	35.000000E+0	-32.960153E+0	144.027113E+0	78.457735E+0	41.935484E-3
111	35.000000E+0	-32.960153E+0	144.027113E+0	78.457735E+0	41.935484E-3
112	35.000000E+0	-32.960153E+0	144.027113E+0	78.457735E+0	41.935484E-3
113	35.000000E+0	-32.960153E+0	144.027113E+0	78.457735E+0	41.935484E-3
114	35.000000E+0	-32.942774E+0	144.441538E+0	75.596923E+0	41.935484E-3
115	35.000000E+0	-32.942774E+0	144.441538E+0	75.596923E+0	41.935484E-3
116	35.000000E+0	-32.942774E+0	144.441538E+0	75.596923E+0	41.935484E-3
117	35.000000E+0	-32.942774E+0	144.441538E+0	75.596923E+0	41.935484E-3
118	35.000000E+0	-33.002840E+0	143.009202E+0	72.687117E+0	41.935484E-3
119	35.000000E+0	-33.002840E+0	143.009202E+0	72.687117E+0	41.935484E-3
120	35.000000E+0	-33.002840E+0	143.009202E+0	72.687117E+0	41.935484E-3
121	35.000000E+0	-33.002840E+0	143.009202E+0	72.687117E+0	41.935484E-3
122	35.000000E+0	-32.977518E+0	143.613035E+0	70.694501E+0	41.935484E-3
123	35.000000E+0	-32.977518E+0	143.613035E+0	70.694501E+0	41.935484E-3
124	35.000000E+0	-32.977518E+0	143.613035E+0	70.694501E+0	41.935484E-3
125	35.000000E+0	-32.977518E+0	143.613035E+0	70.694501E+0	41.935484E-3
126	35.000000E+0	-33.053112E+0	141.810417E+0	67.535417E+0	41.935484E-3
127	35.000000E+0	-33.053112E+0	141.810417E+0	67.535417E+0	41.935484E-3
128	35.000000E+0	-33.053112E+0	141.810417E+0	67.535417E+0	41.935484E-3
129	35.000000E+0	-33.053112E+0	141.810417E+0	67.535417E+0	41.935484E-3
130	35.000000E+0	-32.975480E+0	143.661631E+0	67.416918E+0	41.935484E-3
131	35.000000E+0	-32.975480E+0	143.661631E+0	67.416918E+0	41.935484E-3
132	35.000000E+0	-32.975480E+0	143.661631E+0	67.416918E+0	41.935484E-3
133	-35.000000E+0	-32.975480E+0	143.661631E+0	67.416918E+0	41.935484E-3
134	-35.000000E+0	-32.998151E+0	143.121019E+0	70.611465E+0	41.935484E-3
135	-35.000000E+0	-32.998151E+0	143.121019E+0	70.611465E+0	41.935484E-3
136	-35.000000E+0	-32.998151E+0	143.121019E+0	70.611465E+0	41.935484E-3
137	-35.000000E+0	-32.998151E+0	143.121019E+0	70.611465E+0	41.935484E-3
138	-35.000000E+0	-33.854256E+0	122.706215E+0	83.225989E+0	41.935484E-3
139	-35.000000E+0	-33.854256E+0	122.706215E+0	83.225989E+0	41.935484E-3
140	-35.000000E+0	-33.854256E+0	122.706215E+0	83.225989E+0	41.935484E-3
141	-35.000000E+0	-33.854256E+0	122.706215E+0	83.225989E+0	41.935484E-3
142	-35.000000E+0	-37.112466E+0	45.010417E+0	86.002315E+0	41.935484E-3
143	-35.000000E+0	-37.112466E+0	45.010417E+0	86.002315E+0	41.935484E-3
144	-35.000000E+0	-37.112466E+0	45.010417E+0	86.002315E+0	41.935484E-3
145	-35.000000E+0	-37.112466E+0	45.010417E+0	86.002315E+0	41.935484E-3
146	-35.000000E+0	-36.175513E+0	67.353156E+0	86.544373E+0	41.935484E-3
147	-35.000000E+0	-36.175513E+0	67.353156E+0	86.544373E+0	41.935484E-3
148	-35.000000E+0	-36.175513E+0	67.353156E+0	86.544373E+0	41.935484E-3
149	-35.000000E+0	-36.175513E+0	67.353156E+0	86.544373E+0	41.935484E-3
150	-35.000000E+0	-31.623537E+0	175.900275E+0	87.441322E+0	41.935484E-3
151	-35.000000E+0	-31.623537E+0	175.900275E+0	87.441322E+0	41.935484E-3
152	-35.000000E+0	-31.623537E+0	175.900275E+0	87.441322E+0	41.935484E-3
153	-35.000000E+0	-31.623537E+0	175.900275E+0	87.441322E+0	41.935484E-3
154	-35.000000E+0	-26.748098E+0	292.160744E+0	79.078379E+0	41.935484E-3
155	-35.000000E+0	-26.748098E+0	292.160744E+0	79.078379E+0	41.935484E-3
156	-35.000000E+0	-26.748098E+0	292.160744E+0	79.078379E+0	41.935484E-3
157	-35.000000E+0	-26.748098E+0	292.160744E+0	79.078379E+0	41.935484E-3
158	-35.000000E+0	-21.864145E+0	408.624225E+0	70.162777E+0	41.935484E-3
159	-35.000000E+0	-21.864145E+0	408.624225E+0	70.162777E+0	41.935484E-3
160	-35.000000E+0	-21.864145E+0	408.624225E+0	70.162777E+0	41.935484E-3
161	-35.000000E+0	-21.864145E+0	408.624225E+0	70.162777E+0	41.935484E-3
162	-35.000000E+0	-17.384491E+0	515.446753E+0	68.312843E+0	41.935484E-3
163	-35.000000E+0	-17.384491E+0	515.446753E+0	68.312843E+0	41.935484E-3
164	-35.000000E+0	-17.384491E+0	515.446753E+0	68.312843E+0	41.935484E-3
165	-35.000000E+0	-17.384491E+0	515.446753E+0	68.312843E+0	41.935484E-3
166	-35.000000E+0	-13.542921E+0	607.053431E+0	70.220472E+0	41.935484E-3
167	-35.000000E+0	-13.542921E+0	607.053431E+0	70.220472E+0	41.935484E-3
168	-35.000000E+0	-13.542921E+0	607.053431E+0	70.220472E+0	41.935484E-3
169	-35.000000E+0	-13.542921E+0	607.053431E+0	70.220472E+0	41.935484E-3
170	-35.000000E+0	-9.520853E+0	702.964276E+0	81.244927E+0	41.935484E-3
171	-35.000000E+0	-9.520853E+0	702.964276E+0	81.244927E+0	41.935484E-3
172	-35.000000E+0	-9.520853E+0	702.964276E+0	81.244927E+0	41.935484E-3
173	-35.000000E+0	-9.520853E+0	702.964276E+0	81.244927E+0	41.935484E-3
174	-35.000000E+0	-5.323700E+0	803.050222E+0	92.886854E+0	41.935484E-3
175	-35.000000E+0	-5.323700E+0	803.050222E+0	92.886854E+0	41.935484E-3
176	-35.000000E+0	-5.323700E+0	803.050222E+0	92.886854E+0	41.935484E-3
177	-35.000000E+0	-5.323700E+0	803.050222E+0	92.886854E+0	41.935484E-3
178	-35.000000E+0	-1.396003E+0	896.710695E+0	90.315605E+0	41.935484E-3
179	-35.000000E+0	-1.396003E+0	896.710695E+0	90.315605E+0	41.935484E-3
180	-35.000000E+0	-1.396003E+0	896.710695E+0	90.315605E+0	41.935484E-3
181	-35.000000E+0	-1.396003E+0	896.710695E+0	90.315605E+0	41.935484E-3
182	-35.000000E+0	2.730189E+0	995.104499E+0	89.051379E+0	41.935484E-3
183	-35.000000E+0	2.730189E+0	995.104499E+0	89.051379E+0	41.935484E-3
184	-35.000000E+0	2.730189E+0	995.104499E+0	89.051379E+0	41.935484E-3
185	-35.000000E+0	2.730189E+0	995.104499E+0	89.051379E+0	41.935484E-3
186	-35.000000E+0	6.372835E+0	1.081968E+3	78.996549E+0	41.935484E-3
187	-35.000000E+0	6.372835E+0	1.081968E+3	78.996549E+0	41.935484E-3
188	-35.000000E+0	6.372835E+0	1.081968E+3	78.996549E+0	41.935484E-3
189	-35.000000E+0	6.372835E+0	1.081968E+3	78.996549E+0	41.935484E-3
190	-35.000000E+0	9.889159E+0	1.165818E+3	71.884729E+0	41.935484E-3
191	-35.000000E+0	9.889159E+0	1.165818E+3	71.884729E+0	41.935484E-3
192	-35.000000E+0	9.889159E+0	1.165818E+3	71.884729E+0	41.935484E-3
193	-35.000000E+0	9.889159E+0	1.165818E+3	71.884729E+0	41.935484E-3
194	-35.000000E+0	13.335713E+0	1.248005E+3	70.502586E+0	41.935484E-3
195	-35.000000E+0	13.335713E+0	1.248005E+3	70.502586E+0	41.935484E-3
196	-35.000000E+0	13.335713E+0	1.248005E+3	70.502586E+0	41.935484E-3
197	-35.000000E+0	13.335713E+0	1.248005E+3	70.502586E+0	41.935484E-3
198	-35.000000E+0	16.551755E+0	1.324696E+3	73.420053E+0	41.935484E-3
199	-35.000000E+0	16.551755E+0	1.324696E+3	73.420053E+0	41.935484E-3
200	-35.000000E+0	16.551755E+0	1.324696E+3	73.420053E+0	41.935484E-3
201	-35.000000E+0	16.551755E+0	1.324696E+3	73.420053E+0	41.935484E-3
202	-35.000000E+0	16.551755E+0	1.324696E+3	73.420053E+0	41.935484E-3
203	-35.000000E+0	19.912160E+0	1.404828E+3	84.606175E+0	41.935484E-3
204	-35.000000E+0	19.912160E+0	1.404828E+3	84.606175E+0	41.935484E-3
205	-35.000000E+0	19.912160E+0	1.404828E+3	84.606175E+0	41.935484E-3
206	-35.000000E+0	23.241014E+0	1.484209E+3	90.946515E+0	41.935484E-3
207	-35.000000E+0	23.241014E+0	1.484209E+3	90.946515E+0	41.935484E-3
208	-35.000000E+0	23.241014E+0	1.484209E+3	90.946515E+0	41.935484E-3
209	-35.000000E+0	23.241014E+0	1.484209E+3	90.946515E+0	41.935484E-3
210	-35.000000E+0	23.241014E+0	1.484209E+3	90.946515E+0	41.935484E-3
211	-35.000000E+0	26.392308E+0	1.559355E+3	92.221303E+0	41.935484E-3
212	-35.000000E+0	26.392308E+0	1.559355E+3	92.221303E+0	41.935484E-3
213	-35.000000E+0	26.392308E+0	1.559355E+3	92.221303E+0	41.935484E-3
214	-35.000000E+0	29.483000E+0	1.633056E+3	86.589449E+0	41.935484E-3
215	-35.000000E+0	29.483000E+0	1.633056E+3	86.589449E+0	41.935484E-3
216	-35.000000E+0	29.483000E+0	1.633056E+3	86.589449E+0	41.935484E-3
217	-35.000000E+0	29.483000E+0	1.633056E+3	86.589449E+0	41.935484E-3
218	-35.000000E+0	29.483000E+0	1.633056E+3	86.589449E+0	41.935484E-3
219	-35.000000E+0	32.763661E+0	1.711287E+3	85.873638E+0	41.935484E-3
220	-35.000000E+0	32.763661E+0	1.711287E+3	85.873638E+0	41.935484E-3
221	-35.000000E+0	32.763661E+0	1.711287E+3	85.873638E+0	41.935484E-3
222	-35.000000E+0	32.773691E+0	1.711526E+3	85.001323E+0	41.935484E-3
223	-35.000000E+0	32.773691E+0	1.711526E+3	85.001323E+0	41.935484E-3
224	-35.000000E+0	32.773691E+0	1.711526E+3	85.001323E+0	41.935484E-3
225	-35.000000E+0	32.773691E+0	1.711526E+3	85.001323E+0	41.935484E-3
226	-35.000000E+0	32.773691E+0	1.711526E+3	85.001323E+0	41.935484E-3
227	-35.000000E+0	33.028174E+0	1.717595E+3	83.700491E+0	41.935484E-3
228	-35.000000E+0	33.028174E+0	1.717595E+3	83.700491E+0	41.935484E-3
229	-35.000000E+0	33.028174E+0	1.717595E+3	83.700491E+0	41.935484E-3
230	-35.000000E+0	33.225360E+0	1.722297E+3	81.311129E+0	41.935484E-3
231	-35.000000E+0	33.225360E+0	1.722297E+3	81.311129E+0	41.935484E-3
232	-35.000000E+0	33.225360E+0	1.722297E+3	81.311129E+0	41.935484E-3
233	-35.000000E+0	33.225360E+0	1.722297E+3	81.311129E+0	41.935484E-3
234	-35.000000E+0	33.225360E+0	1.722297E+3	81.311129E+0	41.935484E-3
235	-35.000000E+0	33.264813E+0	1.723238E+3	79.852181E+0	41.935484E-3
236	-35.000000E+0	33.264813E+0	1.723238E+3	79.852181E+0	41.935484E-3
237	-35.000000E+0	33.264813E+0	1.723238E+3	79.852181E+0	41.935484E-3
238	-35.000000E+0	33.264813E+0	1.723238E+3	79.852181E+0	41.935484E-3
239	-35.000000E+0	33.257266E+0	1.723058E+3	80.105929E+0	41.935484E-3
240	-35.000000E+0	33.257266E+0	1.723058E+3	80.105929E+0	41.935484E-3
241	-35.000000E+0	33.257266E+0	1.723058E+3	80.105929E+0	41.935484E-3
242	-35.000000E+0	33.257266E+0	1.723058E+3	80.105929E+0	41.935484E-3
243	-35.000000E+0	33.265427E+0	1.723252E+3	81.065532E+0	41.935484E-3
244	-35.000000E+0	33.265427E+0	1.723252E+3	81.065532E+0	41.935484E-3
245	-35.000000E+0	33.265427E+0	1.723252E+3	81.065532E+0	41.935484E-3
246	-35.000000E+0	33.307107E+0	1.724246E+3	81.434438E+0	41.935484E-3
247	-35.000000E+0	33.307107E+0	1.724246E+3	81.434438E+0	41.935484E-3
248	-35.000000E+0	33.307107E+0	1.724246E+3	81.434438E+0	41.935484E-3
249	-35.000000E+0	33.307107E+0	1.724246E+3	81.434438E+0	41.935484E-3
250	-35.000000E+0	33.307107E+0	1.724246E+3	81.434438E+0	41.935484E-3
251	-35.000000E+0	33.334370E+0	1.724897E+3	82.335595E+0	41.935484E-3
252	-35.000000E+0	33.334370E+0	1.724897E+3	82.335595E+0	41.935484E-3
253	-35.000000E+0	33.334370E+0	1.724897E+3	82.335595E+0	41.935484E-3
254	35.000000E+0	33.334370E+0	1.724897E+3	82.335595E+0	41.935484E-3
255	35.000000E+0	33.342373E+0	1.725087E+3	83.169597E+0	41.935484E-3
256	35.000000E+0	33.342373E+0	1.725087E+3	83.169597E+0	41.935484E-3
257	35.000000E+0	33.342373E+0	1.725087E+3	83.169597E+0	41.935484E-3
258	35.000000E+0	33.342373E+0	1.725087E+3	83.169597E+0	41.935484E-3
259	35.000000E+0	34.503580E+0	1.752778E+3	81.425716E+0	41.935484E-3
260	35.000000E+0	34.503580E+0	1.752778E+3	81.425716E+0	41.935484E-3
261	35.000000E+0	34.503580E+0	1.752778E+3	81.425716E+0	41.935484E-3
262	35.000000E+0	34.503580E+0	1.752778E+3	81.425716E+0	41.935484E-3
263	35.000000E+0	37.781527E+0	1.830944E+3	83.960892E+0	41.935484E-3
264	35.000000E+0	37.781527E+0	1.830944E+3	83.960892E+0	41.935484E-3
265	35.000000E+0	37.781527E+0	1.830944E+3	83.960892E+0	41.935484E-3
266	35.000000E+0	37.073276E+0	1.814055E+3	88.455090E+0	41.935484E-3
267	35.000000E+0	37.073276E+0	1.814055E+3	88.455090E+0	41.935484E-3
268	35.000000E+0	37.073276E+0	1.814055E+3	88.455090E+0	41.935484E-3
269	35.000000E+0	37.073276E+0	1.814055E+3	88.455090E+0	41.935484E-3
270	35.000000E+0	37.073276E+0	1.814055E+3	88.455090E+0	41.935484E-3
271	35.000000E+0	33.795138E+0	1.735884E+3	84.138148E+0	41.935484E-3
272	35.000000E+0	33.795138E+0	1.735884E+3	84.138148E+0	41.935484E-3
273	35.000000E+0	33.795138E+0	1.735884E+3	84.138148E+0	41.935484E-3
274	35.000000E+0	33.795138E+0	1.735884E+3	84.138148E+0	41.935484E-3
275	35.000000E+0	30.042897E+0	1.646408E+3	82.201474E+0	41.935484E-3
276	35.000000E+0	30.042897E+0	1.646408E+3	82.201474E+0	41.935484E-3
277	35.000000E+0	30.042897E+0	1.646408E+3	82.201474E+0	41.935484E-3
278	35.000000E+0	30.042897E+0	1.646408E+3	82.201474E+0	41.935484E-3
279	35.000000E+0	26.321489E+0	1.557666E+3	83.237354E+0	41.935484E-3
280	35.000000E+0	26.321489E+0	1.557666E+3	83.237354E+0	41.935484E-3
281	35.000000E+0	26.321489E+0	1.557666E+3	83.237354E+0	41.935484E-3
282	35.000000E+0	26.321489E+0	1.557666E+3	83.237354E+0	41.935484E-3
283	35.000000E+0	22.585920E+0	1.468587E+3	82.309513E+0	41.935484E-3
284	35.000000E+0	22.585920E+0	1.468587E+3	82.309513E+0	41.935484E-3
285	35.000000E+0	22.585920E+0	1.468587E+3	82.309513E+0	41.935484E-3
286	35.000000E+0	18.853484E+0	1.379583E+3	83.969243E+0	41.935484E-3
287	35.000000E+0	18.853484E+0	1.379583E+3	83.969243E+0	41.935484E-3
288	35.000000E+0	18.853484E+0	1.379583E+3	83.969243E+0	41.935484E-3
289	35.000000E+0	18.853484E+0	1.379583E+3	83.969243E+0	41.935484E-3
290	35.000000E+0	18.853484E+0	1.379583E+3	83.969243E+0	41.935484E-3
291	35.000000E+0	15.156814E+0	1.291432E+3	82.348596E+0	41.935484E-3
292	35.000000E+0	15.156814E+0	1.291432E+3	82.348596E+0	41.935484E-3
293	35.000000E+0	15.156814E+0	1.291432E+3	82.348596E+0	41.935484E-3
294	35.000000E+0	11.553203E+0	1.205499E+3	83.405813E+0	41.935484E-3
295	35.000000E+0	11.553203E+0	1.205499E+3	83.405813E+0	41.935484E-3
296	35.000000E+0	11.553203E+0	1.205499E+3	83.405813E+0	41.935484E-3
297	35.000000E+0	11.553203E+0	1.205499E+3	83.405813E+0	41.935484E-3
298	35.000000E+0	11.553203E+0	1.205499E+3	83.405813E+0	41.935484E-3
299	35.000000E+0	8.015772E+0	1.121145E+3	84.648778E+0	41.935484E-3
300	35.000000E+0	8.015772E+0	1.121145E+3	84.648778E+0	41.935484E-3
301	35.000000E+0	8.015772E+0	1.121145E+3	84.648778E+0	41.935484E-3
302	35.000000E+0	8.015772E+0	1.121145E+3	84.648778E+0	41.935484E-3
303	35.000000E+0	4.424419E+0	1.035505E+3	85.859407E+0	41.935484E-3
304	35.000000E+0	4.424419E+0	1.035505E+3	85.859407E+0	41.935484E-3
305	35.000000E+0	4.424419E+0	1.035505E+3	85.859407E+0	41.935484E-3
306	35.000000E+0	4.424419E+0	1.035505E+3	85.859407E+0	41.935484E-3
307	35.000000E+0	892.904065E-3	951.292328E+0	86.591417E+0	41.935484E-3
308	35.000000E+0	892.904065E-3	951.292328E+0	86.591417E+0	41.935484E-3
309	35.000000E+0	892.904065E-3	951.292328E+0	86.591417E+0	41.935484E-3
310	35.000000E+0	892.904065E-3	951.292328E+0	86.591417E+0	41.935484E-3
311	35.000000E+0	-2.545821E+0	869.291973E+0	83.989111E+0	41.935484E-3
312	35.000000E+0	-2.545821E+0	869.291973E+0	83.989111E+0	41.935484E-3
313	35.000000E+0	-2.545821E+0	869.291973E+0	83.989111E+0	41.935484E-3
314	35.000000E+0	-2.545821E+0	869.291973E+0	83.989111E+0	41.935484E-3
315	35.000000E+0	-5.782623E+0	792.106673E+0	80.830563E+0	41.935484E-3
316	35.000000E+0	-5.782623E+0	792.106673E+0	80.830563E+0	41.935484E-3
317	35.000000E+0	-5.782623E+0	792.106673E+0	80.830563E+0	41.935484E-3
318	35.000000E+0	-5.782623E+0	792.106673E+0	80.830563E+0	41.935484E-3
319	35.000000E+0	-8.922186E+0	717.240177E+0	78.442780E+0	41.935484E-3
320	35.000000E+0	-8.922186E+0	717.240177E+0	78.442780E+0	41.935484E-3
321	35.000000E+0	-8.922186E+0	717.240177E+0	78.442780E+0	41.935484E-3
322	35.000000E+0	-8.922186E+0	717.240177E+0	78.442780E+0	41.935484E-3
323	35.000000E+0	-12.131451E+0	640.711544E+0	73.885354E+0	41.935484E-3
324	35.000000E+0	-12.131451E+0	640.711544E+0	73.885354E+0	41.935484E-3
325	35.000000E+0	-12.131451E+0	640.711544E+0	73.885354E+0	41.935484E-3
326	35.000000E+0	-12.131451E+0	640.711544E+0	73.885354E+0	41.935484E-3
327	35.000000E+0	-15.348263E+0	564.002954E+0	74.092762E+0	41.935484E-3
328	35.000000E+0	-15.348263E+0	564.002954E+0	74.092762E+0	41.935484E-3
329	35.000000E+0	-15.348263E+0	564.002954E+0	74.092762E+0	41.935484E-3
330	35.000000E+0	-15.348263E+0	564.002954E+0	74.092762E+0	41.935484E-3
331	35.000000E+0	-18.529194E+0	488.150000E+0	73.069935E+0	41.935484E-3
332	35.000000E+0	-18.529194E+0	488.150000E+0	73.069935E+0	41.935484E-3
333	35.000000E+0	-18.529194E+0	488.150000E+0	73.069935E+0	41.935484E-3
334	35.000000E+0	-18.529194E+0	488.150000E+0	73.069935E+0	41.935484E-3
335	35.000000E+0	-21.617360E+0	414.509115E+0	75.501013E+0	41.935484E-3
336	35.000000E+0	-21.617360E+0	414.509115E+0	75.501013E+0	41.935484E-3
337	35.000000E+0	-21.617360E+0	414.509115E+0	75.501013E+0	41.935484E-3
338	35.000000E+0	-21.617360E+0	414.509115E+0	75.501013E+0	41.935484E-3
339	35.000000E+0	-24.756910E+0	339.642920E+0	80.426106E+0	41.935484E-3
340	35.000000E+0	-24.756910E+0	339.642920E+0	80.426106E+0	41.935484E-3
341	35.000000E+0	-24.756910E+0	339.642920E+0	80.426106E+0	41.935484E-3
342	35.000000E+0	-24.756910E+0	339.642920E+0	80.426106E+0	41.935484E-3
343	35.000000E+0	-27.932054E+0	263.927952E+0	80.973316E+0	41.935484E-3
344	35.000000E+0	-27.932054E+0	263.927952E+0	80.973316E+0	41.935484E-3
345	35.000000E+0	-27.932054E+0	263.927952E+0	80.973316E+0	41.935484E-3
346	35.000000E+0	-27.932054E+0	263.927952E+0	80.973316E+0	41.935484E-3
347	35.000000E+0	-31.123010E+0	187.835920E+0	81.049889E+0	41.935484E-3
348	35.000000E+0	-31.123010E+0	187.835920E+0	81.049889E+0	41.935484E-3
349	35.000000E+0	-31.123010E+0	187.835920E+0	81.049889E+0	41.935484E-3
350	35.000000E+0	-31.123010E+0	187.835920E+0	81.049889E+0	41.935484E-3
351	35.000000E+0	-32.475543E+0	155.583215E+0	78.426743E+0	41.935484E-3
352	35.000000E+0	-32.475543E+0	155.583215E+0	78.426743E+0	41.935484E-3
353	35.000000E+0	-32.475543E+0	155.583215E+0	78.426743E+0	41.935484E-3
354	35.000000E+0	-32.475543E+0	155.583215E+0	78.426743E+0	41.935484E-3
355	35.000000E+0	-32.859025E+0	146.438628E+0	75.081227E+0	41.935484E-3
356	35.000000E+0	-32.859025E+0	146.438628E+0	75.081227E+0	41.935484E-3
357	35.000000E+0	-32.859025E+0	146.438628E+0	75.081227E+0	41.935484E-3
358	35.000000E+0	-32.859025E+0	146.438628E+0	75.081227E+0	41.935484E-3
359	35.000000E+0	-32.874589E+0	146.067496E+0	72.682060E+0	41.935484E-3
360	35.000000E+0	-32.874589E+0	146.067496E+0	72.682060E+0	41.935484E-3
361	35.000000E+0	-32.874589E+0	146.067496E+0	72.682060E+0	41.935484E-3
362	35.000000E+0	-32.874589E+0	146.067496E+0	72.682060E+0	41.935484E-3
363	35.000000E+0	-32.838410E+0	146.930233E+0	68.901809E+0	41.935484E-3
364	35.000000E+0	-32.838410E+0	146.930233E+0	68.901809E+0	41.935484E-3
365	35.000000E+0	-32.838410E+0	146.930233E+0	68.901809E+0	41.935484E-3
366	35.000000E+0	-32.838410E+0	146.930233E+0	68.901809E+0	41.935484E-3
367	35.000000E+0	-32.910725E+0	145.205797E+0	67.608696E+0	41.935484E-3
368	35.000000E+0	-32.910725E+0	145.205797E+0	67.608696E+0	41.935484E-3
369	35.000000E+0	-32.910725E+0	145.205797E+0	67.608696E+0	41.935484E-3
370	35.000000E+0	-32.910725E+0	145.205797E+0	67.608696E+0	41.935484E-3
371	35.000000E+0	-32.874364E+0	146.072848E+0	69.596026E+0	41.935484E-3
372	35.000000E+0	-32.874364E+0	146.072848E+0	69.596026E+0	41.935484E-3
373	35.000000E+0	-32.874364E+0	146.072848E+0	69.596026E+0	41.935484E-3
374	-35.000000E+0	-32.874364E+0	146.072848E+0	69.596026E+0	41.935484E-3
375	-35.000000E+0	-33.087097E+0	141.000000E+0	82.688889E+0	41.935484E-3
376	-35.000000E+0	-33.087097E+0	141.000000E+0	82.688889E+0	41.935484E-3
377	-35.000000E+0	-33.087097E+0	141.000000E+0	82.688889E+0	41.935484E-3
378	-35.000000E+0	-33.087097E+0	141.000000E+0	82.688889E+0	41.935484E-3
379	-35.000000E+0	-34.676195E+0	103.106122E+0	89.130612E+0	41.935484E-3
380	-35.000000E+0	-34.676195E+0	103.106122E+0	89.130612E+0	41.935484E-3
381	-35.000000E+0	-34.676195E+0	103.106122E+0	89.130612E+0	41.935484E-3
382	-35.000000E+0	-34.676195E+0	103.106122E+0	89.130612E+0	41.935484E-3
383	-35.000000E+0	-37.562858E+0	34.270314E+0	84.243765E+0	41.935484E-3
384	-35.000000E+0	-37.562858E+0	34.270314E+0	84.243765E+0	41.935484E-3
385	-35.000000E+0	-37.562858E+0	34.270314E+0	84.243765E+0	41.935484E-3
386	-35.000000E+0	-37.562858E+0	34.270314E+0	84.243765E+0	41.935484E-3
387	-35.000000E+0	-34.964587E+0	96.229091E+0	82.174545E+0	41.935484E-3
388	-35.000000E+0	-34.964587E+0	96.229091E+0	82.174545E+0	41.935484E-3
389	-35.000000E+0	-34.964587E+0	96.229091E+0	82.174545E+0	41.935484E-3
390	-35.000000E+0	-34.964587E+0	96.229091E+0	82.174545E+0	41.935484E-3
391	-35.000000E+0	-30.042371E+0	213.605000E+0	82.241364E+0	41.935484E-3
392	-35.000000E+0	-30.042371E+0	213.605000E+0	82.241364E+0	41.935484E-3
393	-35.000000E+0	-30.042371E+0	213.605000E+0	82.241364E+0	41.935484E-3
394	-35.000000E+0	-30.042371E+0	213.605000E+0	82.241364E+0	41.935484E-3
395	-35.000000E+0	-24.888776E+0	336.498418E+0	84.244304E+0	41.935484E-3
396	-35.000000E+0	-24.888776E+0	336.498418E+0	84.244304E+0	41.935484E-3
397	-35.000000E+0	-24.888776E+0	336.498418E+0	84.244304E+0	41.935484E-3
398	-35.000000E+0	-24.888776E+0	336.498418E+0	84.244304E+0	41.935484E-3
399	-35.000000E+0	-19.810929E+0	457.585538E+0	83.218695E+0	41.935484E-3
400	-35.000000E+0	-19.810929E+0	457.585538E+0	83.218695E+0	41.935484E-3
