mercredi 19 février 2020	17:27:52	Sampling Period : 50  ms		B&B alpha1

t	I1	I2	Alpha1	Alpha2	x	y	dotx	doty
0	0.000000E+0	36.080476E+0	1.790381E+3	83.432728E+0	41.935484E-3
1	0.000000E+0	36.080476E+0	1.790381E+3	83.432728E+0	41.935484E-3
2	0.000000E+0	36.080476E+0	1.790381E+3	83.432728E+0	41.935484E-3
3	0.000000E+0	36.080476E+0	1.790381E+3	83.432728E+0	41.935484E-3
4	0.000000E+0	36.092792E+0	1.790674E+3	83.035623E+0	41.935484E-3
5	0.000000E+0	36.092792E+0	1.790674E+3	83.035623E+0	41.935484E-3
6	0.000000E+0	36.092792E+0	1.790674E+3	83.035623E+0	41.935484E-3
7	0.000000E+0	36.090148E+0	1.790611E+3	82.644492E+0	41.935484E-3
8	0.000000E+0	36.090148E+0	1.790611E+3	82.644492E+0	41.935484E-3
9	0.000000E+0	36.090148E+0	1.790611E+3	82.644492E+0	41.935484E-3
10	0.000000E+0	36.090148E+0	1.790611E+3	82.644492E+0	41.935484E-3
11	0.000000E+0	36.090148E+0	1.790611E+3	82.644492E+0	41.935484E-3
12	0.000000E+0	36.089408E+0	1.790594E+3	82.768490E+0	41.935484E-3
13	0.000000E+0	36.089408E+0	1.790594E+3	82.768490E+0	41.935484E-3
14	0.000000E+0	36.089408E+0	1.790594E+3	82.768490E+0	41.935484E-3
15	16.100004E+0	36.084982E+0	1.790488E+3	82.993837E+0	41.935484E-3
16	16.200004E+0	36.084982E+0	1.790488E+3	82.993837E+0	41.935484E-3
17	16.300000E+0	36.084982E+0	1.790488E+3	82.993837E+0	41.935484E-3
18	16.400002E+0	36.084982E+0	1.790488E+3	82.993837E+0	41.935484E-3
19	16.499998E+0	36.084982E+0	1.790488E+3	82.993837E+0	41.935484E-3
20	16.600010E+0	36.664685E+0	1.804312E+3	82.120559E+0	41.935484E-3
21	16.699998E+0	36.664685E+0	1.804312E+3	82.120559E+0	41.935484E-3
22	16.799998E+0	36.664685E+0	1.804312E+3	82.120559E+0	41.935484E-3
23	16.900006E+0	36.846475E+0	1.808647E+3	84.429990E+0	41.935484E-3
24	17.000004E+0	36.846475E+0	1.808647E+3	84.429990E+0	41.935484E-3
25	17.100004E+0	36.846475E+0	1.808647E+3	84.429990E+0	41.935484E-3
26	17.200000E+0	36.846475E+0	1.808647E+3	84.429990E+0	41.935484E-3
27	17.300000E+0	36.846475E+0	1.808647E+3	84.429990E+0	41.935484E-3
28	17.400000E+0	35.629465E+0	1.779626E+3	84.554393E+0	41.935484E-3
29	17.499998E+0	35.629465E+0	1.779626E+3	84.554393E+0	41.935484E-3
30	17.600010E+0	35.629465E+0	1.779626E+3	84.554393E+0	41.935484E-3
31	17.700002E+0	35.629465E+0	1.779626E+3	84.554393E+0	41.935484E-3
32	17.800000E+0	33.911343E+0	1.738655E+3	84.370153E+0	41.935484E-3
33	17.900002E+0	33.911343E+0	1.738655E+3	84.370153E+0	41.935484E-3
34	18.000000E+0	33.911343E+0	1.738655E+3	84.370153E+0	41.935484E-3
35	18.099998E+0	33.911343E+0	1.738655E+3	84.370153E+0	41.935484E-3
36	18.200004E+0	32.122112E+0	1.695989E+3	83.634374E+0	41.935484E-3
37	18.300006E+0	32.122112E+0	1.695989E+3	83.634374E+0	41.935484E-3
38	18.400000E+0	32.122112E+0	1.695989E+3	83.634374E+0	41.935484E-3
39	18.500000E+0	32.122112E+0	1.695989E+3	83.634374E+0	41.935484E-3
40	18.600014E+0	30.233973E+0	1.650964E+3	84.294256E+0	41.935484E-3
41	18.700002E+0	30.233973E+0	1.650964E+3	84.294256E+0	41.935484E-3
42	18.800002E+0	30.233973E+0	1.650964E+3	84.294256E+0	41.935484E-3
43	18.900004E+0	30.233973E+0	1.650964E+3	84.294256E+0	41.935484E-3
44	19.000004E+0	28.094950E+0	1.599956E+3	83.153770E+0	41.935484E-3
45	19.100000E+0	28.094950E+0	1.599956E+3	83.153770E+0	41.935484E-3
46	19.200000E+0	28.094950E+0	1.599956E+3	83.153770E+0	41.935484E-3
47	19.300000E+0	28.094950E+0	1.599956E+3	83.153770E+0	41.935484E-3
48	19.400000E+0	25.956327E+0	1.548959E+3	81.904893E+0	41.935484E-3
49	19.500010E+0	25.956327E+0	1.548959E+3	81.904893E+0	41.935484E-3
50	19.600000E+0	25.956327E+0	1.548959E+3	81.904893E+0	41.935484E-3
51	19.700004E+0	25.956327E+0	1.548959E+3	81.904893E+0	41.935484E-3
52	19.799998E+0	23.962841E+0	1.501422E+3	82.273865E+0	41.935484E-3
53	19.900008E+0	23.962841E+0	1.501422E+3	82.273865E+0	41.935484E-3
54	20.000002E+0	23.962841E+0	1.501422E+3	82.273865E+0	41.935484E-3
55	20.100000E+0	22.085264E+0	1.456649E+3	80.280074E+0	41.935484E-3
56	20.199998E+0	22.085264E+0	1.456649E+3	80.280074E+0	41.935484E-3
57	20.299998E+0	22.085264E+0	1.456649E+3	80.280074E+0	41.935484E-3
58	20.400002E+0	22.085264E+0	1.456649E+3	80.280074E+0	41.935484E-3
59	20.500014E+0	22.085264E+0	1.456649E+3	80.280074E+0	41.935484E-3
60	20.600004E+0	20.091436E+0	1.409103E+3	79.825793E+0	41.935484E-3
61	20.700002E+0	20.091436E+0	1.409103E+3	79.825793E+0	41.935484E-3
62	20.800002E+0	20.091436E+0	1.409103E+3	79.825793E+0	41.935484E-3
63	20.900008E+0	17.928281E+0	1.357521E+3	81.205404E+0	41.935484E-3
64	21.000000E+0	17.928281E+0	1.357521E+3	81.205404E+0	41.935484E-3
65	21.099998E+0	17.928281E+0	1.357521E+3	81.205404E+0	41.935484E-3
66	21.200004E+0	17.928281E+0	1.357521E+3	81.205404E+0	41.935484E-3
67	21.299998E+0	17.928281E+0	1.357521E+3	81.205404E+0	41.935484E-3
68	21.400010E+0	15.825174E+0	1.307370E+3	85.047347E+0	41.935484E-3
69	21.500004E+0	15.825174E+0	1.307370E+3	85.047347E+0	41.935484E-3
70	21.600000E+0	15.825174E+0	1.307370E+3	85.047347E+0	41.935484E-3
71	21.699998E+0	15.825174E+0	1.307370E+3	85.047347E+0	41.935484E-3
72	21.799998E+0	13.874801E+0	1.260861E+3	86.612974E+0	41.935484E-3
73	21.900008E+0	13.874801E+0	1.260861E+3	86.612974E+0	41.935484E-3
74	22.000004E+0	13.874801E+0	1.260861E+3	86.612974E+0	41.935484E-3
75	22.100002E+0	13.874801E+0	1.260861E+3	86.612974E+0	41.935484E-3
76	22.200002E+0	11.925445E+0	1.214376E+3	82.491405E+0	41.935484E-3
77	22.300004E+0	11.925445E+0	1.214376E+3	82.491405E+0	41.935484E-3
78	22.400010E+0	11.925445E+0	1.214376E+3	82.491405E+0	41.935484E-3
79	22.500002E+0	11.925445E+0	1.214376E+3	82.491405E+0	41.935484E-3
80	22.600000E+0	9.689735E+0	1.161063E+3	84.077439E+0	41.935484E-3
81	22.699998E+0	9.689735E+0	1.161063E+3	84.077439E+0	41.935484E-3
82	22.800000E+0	9.689735E+0	1.161063E+3	84.077439E+0	41.935484E-3
83	22.900008E+0	9.689735E+0	1.161063E+3	84.077439E+0	41.935484E-3
84	23.000002E+0	7.373984E+0	1.105841E+3	84.879835E+0	41.935484E-3
85	23.100002E+0	7.373984E+0	1.105841E+3	84.879835E+0	41.935484E-3
86	23.200006E+0	7.373984E+0	1.105841E+3	84.879835E+0	41.935484E-3
87	23.300002E+0	7.373984E+0	1.105841E+3	84.879835E+0	41.935484E-3
88	23.400014E+0	5.075027E+0	1.051020E+3	84.256245E+0	41.935484E-3
89	23.500002E+0	5.075027E+0	1.051020E+3	84.256245E+0	41.935484E-3
90	23.600004E+0	5.075027E+0	1.051020E+3	84.256245E+0	41.935484E-3
91	23.700000E+0	5.075027E+0	1.051020E+3	84.256245E+0	41.935484E-3
92	23.800006E+0	2.884685E+0	998.788653E+0	82.362194E+0	41.935484E-3
93	23.900004E+0	2.884685E+0	998.788653E+0	82.362194E+0	41.935484E-3
94	24.000000E+0	2.884685E+0	998.788653E+0	82.362194E+0	41.935484E-3
95	24.099998E+0	2.884685E+0	998.788653E+0	82.362194E+0	41.935484E-3
96	24.200000E+0	462.739497E-3	941.034557E+0	81.241631E+0	41.935484E-3
97	24.300008E+0	462.739497E-3	941.034557E+0	81.241631E+0	41.935484E-3
98	24.400002E+0	462.739497E-3	941.034557E+0	81.241631E+0	41.935484E-3
99	24.500004E+0	462.739497E-3	941.034557E+0	81.241631E+0	41.935484E-3
100	24.599998E+0	-1.947005E+0	883.571429E+0	82.836198E+0	41.935484E-3
101	24.700002E+0	-1.947005E+0	883.571429E+0	82.836198E+0	41.935484E-3
102	24.800002E+0	-1.947005E+0	883.571429E+0	82.836198E+0	41.935484E-3
103	24.900004E+0	-1.947005E+0	883.571429E+0	82.836198E+0	41.935484E-3
104	25.000000E+0	-4.213019E+0	829.535694E+0	79.114448E+0	41.935484E-3
105	25.100002E+0	-4.213019E+0	829.535694E+0	79.114448E+0	41.935484E-3
106	25.200002E+0	-4.213019E+0	829.535694E+0	79.114448E+0	41.935484E-3
107	25.300014E+0	-4.213019E+0	829.535694E+0	79.114448E+0	41.935484E-3
108	25.400006E+0	-6.563949E+0	773.475068E+0	77.301626E+0	41.935484E-3
109	25.499998E+0	-6.563949E+0	773.475068E+0	77.301626E+0	41.935484E-3
110	25.600000E+0	-6.563949E+0	773.475068E+0	77.301626E+0	41.935484E-3
111	25.700004E+0	-6.563949E+0	773.475068E+0	77.301626E+0	41.935484E-3
112	25.799998E+0	-9.162144E+0	711.518113E+0	76.594735E+0	41.935484E-3
113	25.900006E+0	-9.162144E+0	711.518113E+0	76.594735E+0	41.935484E-3
114	26.000002E+0	-9.162144E+0	711.518113E+0	76.594735E+0	41.935484E-3
115	26.100000E+0	-9.162144E+0	711.518113E+0	76.594735E+0	41.935484E-3
116	26.200012E+0	-11.709157E+0	650.781642E+0	77.616722E+0	41.935484E-3
117	26.300002E+0	-11.709157E+0	650.781642E+0	77.616722E+0	41.935484E-3
118	26.400000E+0	-11.709157E+0	650.781642E+0	77.616722E+0	41.935484E-3
119	26.500000E+0	-11.709157E+0	650.781642E+0	77.616722E+0	41.935484E-3
120	26.600002E+0	-14.089807E+0	594.012306E+0	77.141518E+0	41.935484E-3
121	26.700004E+0	-14.089807E+0	594.012306E+0	77.141518E+0	41.935484E-3
122	26.800000E+0	-14.089807E+0	594.012306E+0	77.141518E+0	41.935484E-3
123	26.900004E+0	-14.089807E+0	594.012306E+0	77.141518E+0	41.935484E-3
124	27.000000E+0	-16.496951E+0	536.611160E+0	78.182004E+0	41.935484E-3
125	27.099998E+0	-16.496951E+0	536.611160E+0	78.182004E+0	41.935484E-3
126	27.200008E+0	-16.496951E+0	536.611160E+0	78.182004E+0	41.935484E-3
127	27.300000E+0	-16.496951E+0	536.611160E+0	78.182004E+0	41.935484E-3
128	27.399998E+0	-19.151029E+0	473.321611E+0	80.798593E+0	41.935484E-3
129	27.500000E+0	-19.151029E+0	473.321611E+0	80.798593E+0	41.935484E-3
130	27.599998E+0	-19.151029E+0	473.321611E+0	80.798593E+0	41.935484E-3
131	27.700000E+0	-19.151029E+0	473.321611E+0	80.798593E+0	41.935484E-3
132	27.800002E+0	-21.777521E+0	410.689878E+0	76.289663E+0	41.935484E-3
133	27.900004E+0	-21.777521E+0	410.689878E+0	76.289663E+0	41.935484E-3
134	28.000002E+0	-21.777521E+0	410.689878E+0	76.289663E+0	41.935484E-3
135	-4.099994E+0	-21.777521E+0	410.689878E+0	76.289663E+0	41.935484E-3
136	-4.200004E+0	-24.311141E+0	350.272790E+0	77.690541E+0	41.935484E-3
137	-4.299994E+0	-24.311141E+0	350.272790E+0	77.690541E+0	41.935484E-3
138	-4.399996E+0	-24.311141E+0	350.272790E+0	77.690541E+0	41.935484E-3
139	-4.499996E+0	-24.311141E+0	350.272790E+0	77.690541E+0	41.935484E-3
140	-4.599994E+0	-27.703031E+0	269.389267E+0	75.431857E+0	41.935484E-3
141	-4.699998E+0	-27.703031E+0	269.389267E+0	75.431857E+0	41.935484E-3
142	-4.799994E+0	-27.703031E+0	269.389267E+0	75.431857E+0	41.935484E-3
143	-4.900000E+0	-27.703031E+0	269.389267E+0	75.431857E+0	41.935484E-3
144	-4.999998E+0	-30.419567E+0	204.610314E+0	82.649477E+0	41.935484E-3
145	-5.100008E+0	-30.419567E+0	204.610314E+0	82.649477E+0	41.935484E-3
146	-5.199996E+0	-30.419567E+0	204.610314E+0	82.649477E+0	41.935484E-3
147	-5.299994E+0	-30.419567E+0	204.610314E+0	82.649477E+0	41.935484E-3
148	-5.399996E+0	-30.271459E+0	208.142122E+0	83.522565E+0	41.935484E-3
149	-5.499994E+0	-30.271459E+0	208.142122E+0	83.522565E+0	41.935484E-3
150	-5.599996E+0	-30.271459E+0	208.142122E+0	83.522565E+0	41.935484E-3
151	-5.699996E+0	-30.271459E+0	208.142122E+0	83.522565E+0	41.935484E-3
152	-5.799994E+0	-28.954279E+0	239.551804E+0	82.604191E+0	41.935484E-3
153	-5.900000E+0	-28.954279E+0	239.551804E+0	82.604191E+0	41.935484E-3
154	-5.999998E+0	-28.954279E+0	239.551804E+0	82.604191E+0	41.935484E-3
155	-6.100004E+0	-28.954279E+0	239.551804E+0	82.604191E+0	41.935484E-3
156	-6.199994E+0	-27.125900E+0	283.151603E+0	77.418205E+0	41.935484E-3
157	-6.299996E+0	-27.125900E+0	283.151603E+0	77.418205E+0	41.935484E-3
158	-6.399994E+0	-27.125900E+0	283.151603E+0	77.418205E+0	41.935484E-3
159	-6.499996E+0	-27.125900E+0	283.151603E+0	77.418205E+0	41.935484E-3
160	-6.599996E+0	-24.944035E+0	335.180705E+0	77.678017E+0	41.935484E-3
161	-6.699996E+0	-24.944035E+0	335.180705E+0	77.678017E+0	41.935484E-3
162	-6.799996E+0	-24.944035E+0	335.180705E+0	77.678017E+0	41.935484E-3
163	-6.899998E+0	-24.944035E+0	335.180705E+0	77.678017E+0	41.935484E-3
164	-7.000006E+0	-24.944035E+0	335.180705E+0	77.678017E+0	41.935484E-3
165	-7.099994E+0	-22.624663E+0	390.488799E+0	79.640012E+0	41.935484E-3
166	-7.199998E+0	-22.624663E+0	390.488799E+0	79.640012E+0	41.935484E-3
167	-7.299996E+0	-22.624663E+0	390.488799E+0	79.640012E+0	41.935484E-3
168	-7.399994E+0	-19.989446E+0	453.328594E+0	80.446059E+0	41.935484E-3
169	-7.499996E+0	-19.989446E+0	453.328594E+0	80.446059E+0	41.935484E-3
170	-7.599996E+0	-19.989446E+0	453.328594E+0	80.446059E+0	41.935484E-3
171	-7.699996E+0	-19.989446E+0	453.328594E+0	80.446059E+0	41.935484E-3
172	-7.799994E+0	-17.518633E+0	512.247978E+0	82.960767E+0	41.935484E-3
173	-7.900000E+0	-17.518633E+0	512.247978E+0	82.960767E+0	41.935484E-3
174	-8.000006E+0	-17.518633E+0	512.247978E+0	82.960767E+0	41.935484E-3
175	-8.099994E+0	-17.518633E+0	512.247978E+0	82.960767E+0	41.935484E-3
176	-8.199996E+0	-15.172556E+0	568.192889E+0	81.843785E+0	41.935484E-3
177	-8.299998E+0	-15.172556E+0	568.192889E+0	81.843785E+0	41.935484E-3
178	-8.399996E+0	-15.172556E+0	568.192889E+0	81.843785E+0	41.935484E-3
179	-8.499998E+0	-15.172556E+0	568.192889E+0	81.843785E+0	41.935484E-3
180	-8.600000E+0	-12.821162E+0	624.264589E+0	79.578470E+0	41.935484E-3
181	-8.699996E+0	-12.821162E+0	624.264589E+0	79.578470E+0	41.935484E-3
182	-8.799994E+0	-12.821162E+0	624.264589E+0	79.578470E+0	41.935484E-3
183	-8.899998E+0	-12.821162E+0	624.264589E+0	79.578470E+0	41.935484E-3
184	-9.000006E+0	-10.291574E+0	684.585535E+0	79.807789E+0	41.935484E-3
185	-9.099996E+0	-10.291574E+0	684.585535E+0	79.807789E+0	41.935484E-3
186	-9.199996E+0	-10.291574E+0	684.585535E+0	79.807789E+0	41.935484E-3
187	-9.299998E+0	-10.291574E+0	684.585535E+0	79.807789E+0	41.935484E-3
188	-9.399996E+0	-10.291574E+0	684.585535E+0	79.807789E+0	41.935484E-3
189	-9.499994E+0	-7.779918E+0	744.478869E+0	81.463476E+0	41.935484E-3
190	-9.599998E+0	-7.779918E+0	744.478869E+0	81.463476E+0	41.935484E-3
191	-9.699996E+0	-7.779918E+0	744.478869E+0	81.463476E+0	41.935484E-3
192	-9.799998E+0	-5.412008E+0	800.944429E+0	81.205757E+0	41.935484E-3
193	-9.900014E+0	-5.412008E+0	800.944429E+0	81.205757E+0	41.935484E-3
194	-9.999996E+0	-5.412008E+0	800.944429E+0	81.205757E+0	41.935484E-3
195	-10.100000E+0	-5.412008E+0	800.944429E+0	81.205757E+0	41.935484E-3
196	-10.199994E+0	-3.047356E+0	857.332276E+0	78.230170E+0	41.935484E-3
197	-10.299998E+0	-3.047356E+0	857.332276E+0	78.230170E+0	41.935484E-3
198	-10.399994E+0	-3.047356E+0	857.332276E+0	78.230170E+0	41.935484E-3
199	-10.499996E+0	-3.047356E+0	857.332276E+0	78.230170E+0	41.935484E-3
200	-10.599994E+0	-434.192304E-3	919.646184E+0	80.313034E+0	41.935484E-3
201	-10.699998E+0	-434.192304E-3	919.646184E+0	80.313034E+0	41.935484E-3
202	-10.799996E+0	-434.192304E-3	919.646184E+0	80.313034E+0	41.935484E-3
203	-10.900010E+0	-434.192304E-3	919.646184E+0	80.313034E+0	41.935484E-3
204	-10.999996E+0	2.045452E+0	978.776165E+0	82.394920E+0	41.935484E-3
205	-11.100000E+0	2.045452E+0	978.776165E+0	82.394920E+0	41.935484E-3
206	-11.199996E+0	2.045452E+0	978.776165E+0	82.394920E+0	41.935484E-3
207	-11.299994E+0	2.045452E+0	978.776165E+0	82.394920E+0	41.935484E-3
208	-11.399994E+0	4.506038E+0	1.037452E+3	82.297708E+0	41.935484E-3
209	-11.499994E+0	4.506038E+0	1.037452E+3	82.297708E+0	41.935484E-3
210	-11.599998E+0	4.506038E+0	1.037452E+3	82.297708E+0	41.935484E-3
211	-11.699994E+0	4.506038E+0	1.037452E+3	82.297708E+0	41.935484E-3
212	-11.799996E+0	7.006849E+0	1.097086E+3	80.732249E+0	41.935484E-3
213	-11.900014E+0	7.006849E+0	1.097086E+3	80.732249E+0	41.935484E-3
214	-11.999996E+0	7.006849E+0	1.097086E+3	80.732249E+0	41.935484E-3
215	-12.099994E+0	7.006849E+0	1.097086E+3	80.732249E+0	41.935484E-3
216	-12.199996E+0	7.006849E+0	1.097086E+3	80.732249E+0	41.935484E-3
217	-12.299996E+0	9.598790E+0	1.158894E+3	79.513635E+0	41.935484E-3
218	-12.399996E+0	9.598790E+0	1.158894E+3	79.513635E+0	41.935484E-3
219	-12.499994E+0	9.598790E+0	1.158894E+3	79.513635E+0	41.935484E-3
220	-12.599994E+0	9.598790E+0	1.158894E+3	79.513635E+0	41.935484E-3
221	-12.699994E+0	12.016552E+0	1.216549E+3	80.278798E+0	41.935484E-3
222	-12.800012E+0	12.016552E+0	1.216549E+3	80.278798E+0	41.935484E-3
223	-12.900002E+0	12.016552E+0	1.216549E+3	80.278798E+0	41.935484E-3
224	-12.999998E+0	14.467887E+0	1.275003E+3	81.053906E+0	41.935484E-3
225	-13.099996E+0	14.467887E+0	1.275003E+3	81.053906E+0	41.935484E-3
226	-13.199994E+0	14.467887E+0	1.275003E+3	81.053906E+0	41.935484E-3
227	-13.299996E+0	14.467887E+0	1.275003E+3	81.053906E+0	41.935484E-3
228	-13.399998E+0	14.467887E+0	1.275003E+3	81.053906E+0	41.935484E-3
229	-13.499994E+0	17.116486E+0	1.338162E+3	84.007143E+0	41.935484E-3
230	-13.599996E+0	17.116486E+0	1.338162E+3	84.007143E+0	41.935484E-3
231	-13.699996E+0	17.116486E+0	1.338162E+3	84.007143E+0	41.935484E-3
232	-13.800006E+0	19.632839E+0	1.398168E+3	85.762389E+0	41.935484E-3
233	-13.899998E+0	19.632839E+0	1.398168E+3	85.762389E+0	41.935484E-3
234	-14.000000E+0	19.632839E+0	1.398168E+3	85.762389E+0	41.935484E-3
235	-14.099998E+0	19.632839E+0	1.398168E+3	85.762389E+0	41.935484E-3
236	-14.199998E+0	22.091008E+0	1.456786E+3	87.008977E+0	41.935484E-3
237	-14.299998E+0	22.091008E+0	1.456786E+3	87.008977E+0	41.935484E-3
238	-14.399998E+0	22.091008E+0	1.456786E+3	87.008977E+0	41.935484E-3
239	-14.499996E+0	22.091008E+0	1.456786E+3	87.008977E+0	41.935484E-3
240	-14.600000E+0	24.600161E+0	1.516619E+3	84.570577E+0	41.935484E-3
241	-14.700008E+0	24.600161E+0	1.516619E+3	84.570577E+0	41.935484E-3
242	-14.799998E+0	24.600161E+0	1.516619E+3	84.570577E+0	41.935484E-3
243	-14.900000E+0	24.600161E+0	1.516619E+3	84.570577E+0	41.935484E-3
244	-14.999996E+0	27.214548E+0	1.578962E+3	84.969514E+0	41.935484E-3
245	-15.099994E+0	27.214548E+0	1.578962E+3	84.969514E+0	41.935484E-3
246	-15.199994E+0	27.214548E+0	1.578962E+3	84.969514E+0	41.935484E-3
247	-15.299994E+0	27.214548E+0	1.578962E+3	84.969514E+0	41.935484E-3
248	-15.399994E+0	29.704917E+0	1.638348E+3	83.710262E+0	41.935484E-3
249	-15.499998E+0	29.704917E+0	1.638348E+3	83.710262E+0	41.935484E-3
250	-15.599994E+0	29.704917E+0	1.638348E+3	83.710262E+0	41.935484E-3
251	-15.700008E+0	29.704917E+0	1.638348E+3	83.710262E+0	41.935484E-3
252	-15.800000E+0	29.704917E+0	1.638348E+3	83.710262E+0	41.935484E-3
253	-15.900002E+0	32.237096E+0	1.698731E+3	82.552000E+0	41.935484E-3
254	-15.999998E+0	32.237096E+0	1.698731E+3	82.552000E+0	41.935484E-3
255	16.099998E+0	32.237096E+0	1.698731E+3	82.552000E+0	41.935484E-3
256	16.200000E+0	32.237096E+0	1.698731E+3	82.552000E+0	41.935484E-3
257	16.299998E+0	34.848872E+0	1.761012E+3	81.398214E+0	41.935484E-3
258	16.400000E+0	34.848872E+0	1.761012E+3	81.398214E+0	41.935484E-3
259	16.500002E+0	34.848872E+0	1.761012E+3	81.398214E+0	41.935484E-3
260	16.599998E+0	35.560002E+0	1.777969E+3	81.054348E+0	41.935484E-3
261	16.700016E+0	35.560002E+0	1.777969E+3	81.054348E+0	41.935484E-3
262	16.800004E+0	35.560002E+0	1.777969E+3	81.054348E+0	41.935484E-3
263	16.900008E+0	35.560002E+0	1.777969E+3	81.054348E+0	41.935484E-3
264	17.000000E+0	35.560002E+0	1.777969E+3	81.054348E+0	41.935484E-3
265	17.100000E+0	36.006354E+0	1.788613E+3	83.418466E+0	41.935484E-3
266	17.199998E+0	36.006354E+0	1.788613E+3	83.418466E+0	41.935484E-3
267	17.299998E+0	36.006354E+0	1.788613E+3	83.418466E+0	41.935484E-3
268	17.400004E+0	36.006354E+0	1.788613E+3	83.418466E+0	41.935484E-3
269	17.500006E+0	35.236893E+0	1.770264E+3	89.136439E+0	41.935484E-3
270	17.600010E+0	35.236893E+0	1.770264E+3	89.136439E+0	41.935484E-3
271	17.699998E+0	35.236893E+0	1.770264E+3	89.136439E+0	41.935484E-3
272	17.800004E+0	35.236893E+0	1.770264E+3	89.136439E+0	41.935484E-3
273	17.900004E+0	33.865182E+0	1.737554E+3	88.832396E+0	41.935484E-3
274	18.000004E+0	33.865182E+0	1.737554E+3	88.832396E+0	41.935484E-3
275	18.100000E+0	33.865182E+0	1.737554E+3	88.832396E+0	41.935484E-3
276	18.199998E+0	33.865182E+0	1.737554E+3	88.832396E+0	41.935484E-3
277	18.299998E+0	32.324048E+0	1.700804E+3	84.835333E+0	41.935484E-3
278	18.399998E+0	32.324048E+0	1.700804E+3	84.835333E+0	41.935484E-3
279	18.500004E+0	32.324048E+0	1.700804E+3	84.835333E+0	41.935484E-3
280	18.600010E+0	32.324048E+0	1.700804E+3	84.835333E+0	41.935484E-3
281	18.700004E+0	30.748125E+0	1.663225E+3	80.078812E+0	41.935484E-3
282	18.800004E+0	30.748125E+0	1.663225E+3	80.078812E+0	41.935484E-3
283	18.900008E+0	30.748125E+0	1.663225E+3	80.078812E+0	41.935484E-3
284	19.000006E+0	30.748125E+0	1.663225E+3	80.078812E+0	41.935484E-3
285	19.100006E+0	28.907841E+0	1.619341E+3	80.339649E+0	41.935484E-3
286	19.199998E+0	28.907841E+0	1.619341E+3	80.339649E+0	41.935484E-3
287	19.300002E+0	28.907841E+0	1.619341E+3	80.339649E+0	41.935484E-3
288	19.399998E+0	26.860678E+0	1.570524E+3	81.868421E+0	41.935484E-3
289	19.500014E+0	26.860678E+0	1.570524E+3	81.868421E+0	41.935484E-3
290	19.600000E+0	26.860678E+0	1.570524E+3	81.868421E+0	41.935484E-3
291	19.700002E+0	26.860678E+0	1.570524E+3	81.868421E+0	41.935484E-3
292	19.800004E+0	26.860678E+0	1.570524E+3	81.868421E+0	41.935484E-3
293	19.900008E+0	24.994638E+0	1.526026E+3	79.217210E+0	41.935484E-3
294	20.000002E+0	24.994638E+0	1.526026E+3	79.217210E+0	41.935484E-3
295	20.100006E+0	24.994638E+0	1.526026E+3	79.217210E+0	41.935484E-3
296	20.200000E+0	24.994638E+0	1.526026E+3	79.217210E+0	41.935484E-3
297	20.300002E+0	23.169499E+0	1.482503E+3	77.550573E+0	41.935484E-3
298	20.400000E+0	23.169499E+0	1.482503E+3	77.550573E+0	41.935484E-3
299	20.500014E+0	23.169499E+0	1.482503E+3	77.550573E+0	41.935484E-3
300	20.600000E+0	23.169499E+0	1.482503E+3	77.550573E+0	41.935484E-3
301	20.700000E+0	21.360336E+0	1.439362E+3	79.616533E+0	41.935484E-3
302	20.800000E+0	21.360336E+0	1.439362E+3	79.616533E+0	41.935484E-3
303	20.900006E+0	21.360336E+0	1.439362E+3	79.616533E+0	41.935484E-3
304	21.000002E+0	21.360336E+0	1.439362E+3	79.616533E+0	41.935484E-3
305	21.099998E+0	19.205902E+0	1.387987E+3	81.846356E+0	41.935484E-3
306	21.199998E+0	19.205902E+0	1.387987E+3	81.846356E+0	41.935484E-3
307	21.300002E+0	19.205902E+0	1.387987E+3	81.846356E+0	41.935484E-3
308	21.400002E+0	19.205902E+0	1.387987E+3	81.846356E+0	41.935484E-3
309	21.500016E+0	16.998848E+0	1.335357E+3	80.346238E+0	41.935484E-3
310	21.600004E+0	16.998848E+0	1.335357E+3	80.346238E+0	41.935484E-3
311	21.700004E+0	16.998848E+0	1.335357E+3	80.346238E+0	41.935484E-3
312	21.799998E+0	16.998848E+0	1.335357E+3	80.346238E+0	41.935484E-3
313	21.900004E+0	14.855428E+0	1.284245E+3	81.417450E+0	41.935484E-3
314	22.000002E+0	14.855428E+0	1.284245E+3	81.417450E+0	41.935484E-3
315	22.100004E+0	14.855428E+0	1.284245E+3	81.417450E+0	41.935484E-3
316	22.200002E+0	14.855428E+0	1.284245E+3	81.417450E+0	41.935484E-3
317	22.300000E+0	12.789901E+0	1.234990E+3	81.469832E+0	41.935484E-3
318	22.400016E+0	12.789901E+0	1.234990E+3	81.469832E+0	41.935484E-3
319	22.500000E+0	12.789901E+0	1.234990E+3	81.469832E+0	41.935484E-3
320	22.600004E+0	12.789901E+0	1.234990E+3	81.469832E+0	41.935484E-3
321	22.700002E+0	10.708528E+0	1.185357E+3	78.302281E+0	41.935484E-3
322	22.800000E+0	10.708528E+0	1.185357E+3	78.302281E+0	41.935484E-3
323	22.900006E+0	10.708528E+0	1.185357E+3	78.302281E+0	41.935484E-3
324	23.000000E+0	10.708528E+0	1.185357E+3	78.302281E+0	41.935484E-3
325	23.100034E+0	8.176058E+0	1.124968E+3	78.012140E+0	41.935484E-3
326	23.200000E+0	8.176058E+0	1.124968E+3	78.012140E+0	41.935484E-3
327	23.300004E+0	8.176058E+0	1.124968E+3	78.012140E+0	41.935484E-3
328	23.400010E+0	8.176058E+0	1.124968E+3	78.012140E+0	41.935484E-3
329	23.500004E+0	5.886699E+0	1.070375E+3	79.144723E+0	41.935484E-3
330	23.600002E+0	5.886699E+0	1.070375E+3	79.144723E+0	41.935484E-3
331	23.700000E+0	5.886699E+0	1.070375E+3	79.144723E+0	41.935484E-3
332	23.800000E+0	5.886699E+0	1.070375E+3	79.144723E+0	41.935484E-3
333	23.900006E+0	3.749400E+0	1.019409E+3	80.358324E+0	41.935484E-3
334	24.000002E+0	3.749400E+0	1.019409E+3	80.358324E+0	41.935484E-3
335	24.099998E+0	3.749400E+0	1.019409E+3	80.358324E+0	41.935484E-3
336	24.200000E+0	3.749400E+0	1.019409E+3	80.358324E+0	41.935484E-3
337	24.300010E+0	1.548253E+0	966.919885E+0	79.406340E+0	41.935484E-3
338	24.400000E+0	1.548253E+0	966.919885E+0	79.406340E+0	41.935484E-3
339	24.500000E+0	1.548253E+0	966.919885E+0	79.406340E+0	41.935484E-3
340	24.600002E+0	1.548253E+0	966.919885E+0	79.406340E+0	41.935484E-3
341	24.699998E+0	-847.532705E-3	909.789605E+0	79.600373E+0	41.935484E-3
342	24.800000E+0	-847.532705E-3	909.789605E+0	79.600373E+0	41.935484E-3
343	24.900006E+0	-847.532705E-3	909.789605E+0	79.600373E+0	41.935484E-3
344	25.000000E+0	-847.532705E-3	909.789605E+0	79.600373E+0	41.935484E-3
345	25.100006E+0	-3.322809E+0	850.763791E+0	82.115317E+0	41.935484E-3
346	25.200004E+0	-3.322809E+0	850.763791E+0	82.115317E+0	41.935484E-3
347	25.300012E+0	-3.322809E+0	850.763791E+0	82.115317E+0	41.935484E-3
348	25.400002E+0	-3.322809E+0	850.763791E+0	82.115317E+0	41.935484E-3
349	25.500004E+0	-5.723228E+0	793.523015E+0	82.216916E+0	41.935484E-3
350	25.600002E+0	-5.723228E+0	793.523015E+0	82.216916E+0	41.935484E-3
351	25.700000E+0	-5.723228E+0	793.523015E+0	82.216916E+0	41.935484E-3
352	25.800000E+0	-5.723228E+0	793.523015E+0	82.216916E+0	41.935484E-3
353	25.900004E+0	-8.333042E+0	731.289009E+0	80.602714E+0	41.935484E-3
354	26.000004E+0	-8.333042E+0	731.289009E+0	80.602714E+0	41.935484E-3
355	26.100000E+0	-8.333042E+0	731.289009E+0	80.602714E+0	41.935484E-3
356	26.200004E+0	-8.333042E+0	731.289009E+0	80.602714E+0	41.935484E-3
357	26.300014E+0	-10.959858E+0	668.649544E+0	81.617210E+0	41.935484E-3
358	26.400004E+0	-10.959858E+0	668.649544E+0	81.617210E+0	41.935484E-3
359	26.500004E+0	-10.959858E+0	668.649544E+0	81.617210E+0	41.935484E-3
360	26.600000E+0	-10.959858E+0	668.649544E+0	81.617210E+0	41.935484E-3
361	26.700000E+0	-13.489129E+0	608.336161E+0	82.990105E+0	41.935484E-3
362	26.800000E+0	-13.489129E+0	608.336161E+0	82.990105E+0	41.935484E-3
363	26.900004E+0	-13.489129E+0	608.336161E+0	82.990105E+0	41.935484E-3
364	27.000002E+0	-13.489129E+0	608.336161E+0	82.990105E+0	41.935484E-3
365	27.100004E+0	-16.024672E+0	547.873209E+0	80.809408E+0	41.935484E-3
366	27.200014E+0	-16.024672E+0	547.873209E+0	80.809408E+0	41.935484E-3
367	27.300002E+0	-16.024672E+0	547.873209E+0	80.809408E+0	41.935484E-3
368	27.400004E+0	-16.024672E+0	547.873209E+0	80.809408E+0	41.935484E-3
369	27.500004E+0	-18.769619E+0	482.416774E+0	78.678342E+0	41.935484E-3
370	27.600004E+0	-18.769619E+0	482.416774E+0	78.678342E+0	41.935484E-3
371	27.700000E+0	-18.769619E+0	482.416774E+0	78.678342E+0	41.935484E-3
372	27.799998E+0	-18.769619E+0	482.416774E+0	78.678342E+0	41.935484E-3
373	27.900004E+0	-21.447112E+0	418.568877E+0	77.188939E+0	41.935484E-3
374	28.000002E+0	-21.447112E+0	418.568877E+0	77.188939E+0	41.935484E-3
375	-4.099998E+0	-21.447112E+0	418.568877E+0	77.188939E+0	41.935484E-3
376	-4.200012E+0	-21.447112E+0	418.568877E+0	77.188939E+0	41.935484E-3
377	-4.300000E+0	-24.104699E+0	355.195629E+0	75.654604E+0	41.935484E-3
378	-4.400000E+0	-24.104699E+0	355.195629E+0	75.654604E+0	41.935484E-3
379	-4.499996E+0	-24.104699E+0	355.195629E+0	75.654604E+0	41.935484E-3
380	-4.599998E+0	-24.104699E+0	355.195629E+0	75.654604E+0	41.935484E-3
381	-4.699996E+0	-28.007847E+0	262.120567E+0	74.704886E+0	41.935484E-3
382	-4.800000E+0	-28.007847E+0	262.120567E+0	74.704886E+0	41.935484E-3
383	-4.900004E+0	-28.007847E+0	262.120567E+0	74.704886E+0	41.935484E-3
384	-4.999996E+0	-28.007847E+0	262.120567E+0	74.704886E+0	41.935484E-3
385	-5.100004E+0	-29.742269E+0	220.761275E+0	77.692846E+0	41.935484E-3
386	-5.200000E+0	-29.742269E+0	220.761275E+0	77.692846E+0	41.935484E-3
387	-5.299996E+0	-29.742269E+0	220.761275E+0	77.692846E+0	41.935484E-3
388	-5.399996E+0	-29.742269E+0	220.761275E+0	77.692846E+0	41.935484E-3
389	-5.500000E+0	-29.476272E+0	227.104287E+0	78.950946E+0	41.935484E-3
390	-5.599996E+0	-29.476272E+0	227.104287E+0	78.950946E+0	41.935484E-3
391	-5.699996E+0	-29.476272E+0	227.104287E+0	78.950946E+0	41.935484E-3
392	-5.800000E+0	-29.476272E+0	227.104287E+0	78.950946E+0	41.935484E-3
393	-5.900000E+0	-28.368769E+0	253.513968E+0	75.557051E+0	41.935484E-3
394	-5.999998E+0	-28.368769E+0	253.513968E+0	75.557051E+0	41.935484E-3
395	-6.100010E+0	-28.368769E+0	253.513968E+0	75.557051E+0	41.935484E-3
396	-6.199996E+0	-28.368769E+0	253.513968E+0	75.557051E+0	41.935484E-3
397	-6.299996E+0	-26.799173E+0	290.942804E+0	75.324723E+0	41.935484E-3
398	-6.399998E+0	-26.799173E+0	290.942804E+0	75.324723E+0	41.935484E-3
399	-6.499996E+0	-26.799173E+0	290.942804E+0	75.324723E+0	41.935484E-3
400	-6.599998E+0	-26.799173E+0	290.942804E+0	75.324723E+0	41.935484E-3
