vendredi 21 février 2020	14:57:17	Sampling Period : 50  ms		B&B alpha1

t	I1	I2	Alpha1	Alpha2	x	y	dotx	doty
0	0.000000E+0	38.103547E+0	1.838623E+3	84.018819E+0	41.935484E-3
1	0.000000E+0	38.096915E+0	1.838465E+3	84.128021E+0	41.935484E-3
2	0.000000E+0	38.096915E+0	1.838465E+3	84.128021E+0	41.935484E-3
3	0.000000E+0	38.096915E+0	1.838465E+3	84.128021E+0	41.935484E-3
4	0.000000E+0	38.096915E+0	1.838465E+3	84.128021E+0	41.935484E-3
5	0.000000E+0	38.096915E+0	1.838465E+3	84.128021E+0	41.935484E-3
6	0.000000E+0	38.093908E+0	1.838393E+3	83.583906E+0	41.935484E-3
7	0.000000E+0	38.093908E+0	1.838393E+3	83.583906E+0	41.935484E-3
8	0.000000E+0	38.093908E+0	1.838393E+3	83.583906E+0	41.935484E-3
9	0.000000E+0	38.093908E+0	1.838393E+3	83.583906E+0	41.935484E-3
10	0.000000E+0	38.090745E+0	1.838318E+3	82.965110E+0	41.935484E-3
11	0.000000E+0	38.090745E+0	1.838318E+3	82.965110E+0	41.935484E-3
12	0.000000E+0	38.090745E+0	1.838318E+3	82.965110E+0	41.935484E-3
13	1.000000E+0	38.090745E+0	1.838318E+3	82.965110E+0	41.935484E-3
14	2.000000E+0	38.091989E+0	1.838347E+3	82.552965E+0	41.935484E-3
15	3.000000E+0	38.091989E+0	1.838347E+3	82.552965E+0	41.935484E-3
16	4.000000E+0	38.091989E+0	1.838347E+3	82.552965E+0	41.935484E-3
17	5.000000E+0	38.092519E+0	1.838360E+3	81.797395E+0	41.935484E-3
18	6.000000E+0	38.092519E+0	1.838360E+3	81.797395E+0	41.935484E-3
19	7.000000E+0	38.092519E+0	1.838360E+3	81.797395E+0	41.935484E-3
20	8.000000E+0	38.092519E+0	1.838360E+3	81.797395E+0	41.935484E-3
21	9.000000E+0	38.092519E+0	1.838360E+3	81.797395E+0	41.935484E-3
22	10.000000E+0	38.150637E+0	1.839746E+3	81.139130E+0	41.935484E-3
23	11.000000E+0	38.150637E+0	1.839746E+3	81.139130E+0	41.935484E-3
24	12.000000E+0	38.150637E+0	1.839746E+3	81.139130E+0	41.935484E-3
25	13.000000E+0	38.150637E+0	1.839746E+3	81.139130E+0	41.935484E-3
26	14.000000E+0	38.340444E+0	1.844272E+3	80.258750E+0	41.935484E-3
27	15.000000E+0	38.340444E+0	1.844272E+3	80.258750E+0	41.935484E-3
28	16.000000E+0	38.340444E+0	1.844272E+3	80.258750E+0	41.935484E-3
29	17.000000E+0	38.340444E+0	1.844272E+3	80.258750E+0	41.935484E-3
30	18.000000E+0	38.464630E+0	1.847233E+3	79.651982E+0	41.935484E-3
31	18.340444E+0	38.464630E+0	1.847233E+3	79.651982E+0	41.935484E-3
32	19.340444E+0	38.464630E+0	1.847233E+3	79.651982E+0	41.935484E-3
33	18.464630E+0	38.464630E+0	1.847233E+3	79.651982E+0	41.935484E-3
34	18.464630E+0	38.442267E+0	1.846700E+3	85.123476E+0	41.935484E-3
35	18.464630E+0	38.442267E+0	1.846700E+3	85.123476E+0	41.935484E-3
36	18.263354E+0	38.442267E+0	1.846700E+3	85.123476E+0	41.935484E-3
37	18.442267E+0	38.442267E+0	1.846700E+3	85.123476E+0	41.935484E-3
38	18.442267E+0	38.030752E+0	1.836887E+3	85.795912E+0	41.935484E-3
39	18.442267E+0	38.030752E+0	1.836887E+3	85.795912E+0	41.935484E-3
40	17.442267E+0	38.030752E+0	1.836887E+3	85.795912E+0	41.935484E-3
41	18.030752E+0	38.030752E+0	1.836887E+3	85.795912E+0	41.935484E-3
42	18.030752E+0	36.594494E+0	1.802638E+3	85.709004E+0	41.935484E-3
43	17.030752E+0	36.594494E+0	1.802638E+3	85.709004E+0	41.935484E-3
44	16.594494E+0	36.594494E+0	1.802638E+3	85.709004E+0	41.935484E-3
45	16.594494E+0	36.594494E+0	1.802638E+3	85.709004E+0	41.935484E-3
46	16.594494E+0	34.649618E+0	1.756260E+3	86.020810E+0	41.935484E-3
47	15.594494E+0	34.649618E+0	1.756260E+3	86.020810E+0	41.935484E-3
48	14.649618E+0	34.649618E+0	1.756260E+3	86.020810E+0	41.935484E-3
49	14.649618E+0	34.649618E+0	1.756260E+3	86.020810E+0	41.935484E-3
50	14.649618E+0	32.704819E+0	1.709884E+3	85.254205E+0	41.935484E-3
51	13.649618E+0	32.704819E+0	1.709884E+3	85.254205E+0	41.935484E-3
52	12.704819E+0	32.704819E+0	1.709884E+3	85.254205E+0	41.935484E-3
53	12.704819E+0	32.704819E+0	1.709884E+3	85.254205E+0	41.935484E-3
54	12.704819E+0	30.835468E+0	1.665307E+3	85.434814E+0	41.935484E-3
55	11.704819E+0	30.835468E+0	1.665307E+3	85.434814E+0	41.935484E-3
56	10.835468E+0	30.835468E+0	1.665307E+3	85.434814E+0	41.935484E-3
57	10.835468E+0	30.835468E+0	1.665307E+3	85.434814E+0	41.935484E-3
58	10.835468E+0	28.727581E+0	1.615042E+3	84.565454E+0	41.935484E-3
59	10.835468E+0	28.727581E+0	1.615042E+3	84.565454E+0	41.935484E-3
60	9.835468E+0	28.727581E+0	1.615042E+3	84.565454E+0	41.935484E-3
61	8.835468E+0	28.727581E+0	1.615042E+3	84.565454E+0	41.935484E-3
62	8.727581E+0	26.765654E+0	1.568258E+3	80.030836E+0	41.935484E-3
63	8.727581E+0	26.765654E+0	1.568258E+3	80.030836E+0	41.935484E-3
64	7.727581E+0	26.765654E+0	1.568258E+3	80.030836E+0	41.935484E-3
65	6.765654E+0	26.765654E+0	1.568258E+3	80.030836E+0	41.935484E-3
66	6.765654E+0	25.174935E+0	1.530325E+3	80.478925E+0	41.935484E-3
67	5.765654E+0	25.174935E+0	1.530325E+3	80.478925E+0	41.935484E-3
68	5.174935E+0	25.174935E+0	1.530325E+3	80.478925E+0	41.935484E-3
69	5.174935E+0	25.174935E+0	1.530325E+3	80.478925E+0	41.935484E-3
70	5.174935E+0	23.768499E+0	1.496787E+3	79.613291E+0	41.935484E-3
71	4.174935E+0	23.768499E+0	1.496787E+3	79.613291E+0	41.935484E-3
72	3.768499E+0	23.768499E+0	1.496787E+3	79.613291E+0	41.935484E-3
73	3.768499E+0	23.768499E+0	1.496787E+3	79.613291E+0	41.935484E-3
74	3.768499E+0	22.948450E+0	1.477232E+3	78.204141E+0	41.935484E-3
75	3.768499E+0	22.948450E+0	1.477232E+3	78.204141E+0	41.935484E-3
76	2.768499E+0	22.948450E+0	1.477232E+3	78.204141E+0	41.935484E-3
77	2.948450E+0	22.948450E+0	1.477232E+3	78.204141E+0	41.935484E-3
78	2.948450E+0	22.466037E+0	1.465729E+3	79.953105E+0	41.935484E-3
79	2.948450E+0	22.466037E+0	1.465729E+3	79.953105E+0	41.935484E-3
80	1.948450E+0	22.466037E+0	1.465729E+3	79.953105E+0	41.935484E-3
81	2.466037E+0	22.466037E+0	1.465729E+3	79.953105E+0	41.935484E-3
82	2.466037E+0	21.788343E+0	1.449568E+3	80.219979E+0	41.935484E-3
83	2.466037E+0	21.788343E+0	1.449568E+3	80.219979E+0	41.935484E-3
84	1.466037E+0	21.788343E+0	1.449568E+3	80.219979E+0	41.935484E-3
85	1.788343E+0	21.788343E+0	1.449568E+3	80.219979E+0	41.935484E-3
86	1.788343E+0	21.076055E+0	1.432583E+3	81.296737E+0	41.935484E-3
87	788.342609E-3	21.076055E+0	1.432583E+3	81.296737E+0	41.935484E-3
88	1.076055E+0	21.076055E+0	1.432583E+3	81.296737E+0	41.935484E-3
89	1.076055E+0	21.076055E+0	1.432583E+3	81.296737E+0	41.935484E-3
90	1.076055E+0	20.680005E+0	1.423139E+3	80.699764E+0	41.935484E-3
91	76.055362E-3	20.680005E+0	1.423139E+3	80.699764E+0	41.935484E-3
92	680.005409E-3	20.680005E+0	1.423139E+3	80.699764E+0	41.935484E-3
93	680.005409E-3	20.680005E+0	1.423139E+3	80.699764E+0	41.935484E-3
94	680.005409E-3	20.398186E+0	1.416418E+3	84.000788E+0	41.935484E-3
95	-319.994591E-3	20.398186E+0	1.416418E+3	84.000788E+0	41.935484E-3
96	398.186225E-3	20.398186E+0	1.416418E+3	84.000788E+0	41.935484E-3
97	398.186225E-3	20.398186E+0	1.416418E+3	84.000788E+0	41.935484E-3
98	398.186225E-3	20.195345E+0	1.411581E+3	83.743367E+0	41.935484E-3
99	398.186225E-3	20.195345E+0	1.411581E+3	83.743367E+0	41.935484E-3
100	-601.813775E-3	20.195345E+0	1.411581E+3	83.743367E+0	41.935484E-3
101	195.344738E-3	20.195345E+0	1.411581E+3	83.743367E+0	41.935484E-3
102	195.344738E-3	20.268568E+0	1.413327E+3	81.350546E+0	41.935484E-3
103	195.344738E-3	20.268568E+0	1.413327E+3	81.350546E+0	41.935484E-3
104	854.329947E-3	20.268568E+0	1.413327E+3	81.350546E+0	41.935484E-3
105	268.567921E-3	20.268568E+0	1.413327E+3	81.350546E+0	41.935484E-3
106	268.567921E-3	20.547266E+0	1.419973E+3	85.504186E+0	41.935484E-3
107	268.567921E-3	20.547266E+0	1.419973E+3	85.504186E+0	41.935484E-3
108	1.268568E+0	20.547266E+0	1.419973E+3	85.504186E+0	41.935484E-3
109	547.265948E-3	20.547266E+0	1.419973E+3	85.504186E+0	41.935484E-3
110	547.265948E-3	20.679946E+0	1.423137E+3	82.816481E+0	41.935484E-3
111	547.265948E-3	20.679946E+0	1.423137E+3	82.816481E+0	41.935484E-3
112	1.547266E+0	20.679946E+0	1.423137E+3	82.816481E+0	41.935484E-3
113	679.945610E-3	20.679946E+0	1.423137E+3	82.816481E+0	41.935484E-3
114	679.945610E-3	21.112018E+0	1.433440E+3	83.454944E+0	41.935484E-3
115	679.945610E-3	21.112018E+0	1.433440E+3	83.454944E+0	41.935484E-3
116	1.679946E+0	21.112018E+0	1.433440E+3	83.454944E+0	41.935484E-3
117	1.112018E+0	21.112018E+0	1.433440E+3	83.454944E+0	41.935484E-3
118	1.112018E+0	21.689534E+0	1.447212E+3	83.523243E+0	41.935484E-3
119	2.112018E+0	21.689534E+0	1.447212E+3	83.523243E+0	41.935484E-3
120	1.689534E+0	21.689534E+0	1.447212E+3	83.523243E+0	41.935484E-3
121	1.689534E+0	21.689534E+0	1.447212E+3	83.523243E+0	41.935484E-3
122	1.689534E+0	22.365362E+0	1.463328E+3	82.757665E+0	41.935484E-3
123	1.689534E+0	22.365362E+0	1.463328E+3	82.757665E+0	41.935484E-3
124	2.689534E+0	22.365362E+0	1.463328E+3	82.757665E+0	41.935484E-3
125	2.365362E+0	22.365362E+0	1.463328E+3	82.757665E+0	41.935484E-3
126	2.365362E+0	23.160404E+0	1.482287E+3	83.047225E+0	41.935484E-3
127	2.365362E+0	23.160404E+0	1.482287E+3	83.047225E+0	41.935484E-3
128	3.365362E+0	23.160404E+0	1.482287E+3	83.047225E+0	41.935484E-3
129	3.160404E+0	23.160404E+0	1.482287E+3	83.047225E+0	41.935484E-3
130	3.160404E+0	24.334117E+0	1.510275E+3	82.436595E+0	41.935484E-3
131	3.160404E+0	24.334117E+0	1.510275E+3	82.436595E+0	41.935484E-3
132	4.160404E+0	24.334117E+0	1.510275E+3	82.436595E+0	41.935484E-3
133	5.160404E+0	24.334117E+0	1.510275E+3	82.436595E+0	41.935484E-3
134	6.160404E+0	25.665868E+0	1.542032E+3	82.931457E+0	41.935484E-3
135	7.160404E+0	25.665868E+0	1.542032E+3	82.931457E+0	41.935484E-3
136	8.160404E+0	25.665868E+0	1.542032E+3	82.931457E+0	41.935484E-3
137	9.160404E+0	25.665868E+0	1.542032E+3	82.931457E+0	41.935484E-3
138	10.160404E+0	27.170573E+0	1.577914E+3	82.468585E+0	41.935484E-3
139	11.160404E+0	27.170573E+0	1.577914E+3	82.468585E+0	41.935484E-3
140	12.160404E+0	27.170573E+0	1.577914E+3	82.468585E+0	41.935484E-3
141	13.160404E+0	27.170573E+0	1.577914E+3	82.468585E+0	41.935484E-3
142	14.160404E+0	28.445121E+0	1.608307E+3	80.310337E+0	41.935484E-3
143	15.160404E+0	28.445121E+0	1.608307E+3	80.310337E+0	41.935484E-3
144	16.160404E+0	28.445121E+0	1.608307E+3	80.310337E+0	41.935484E-3
145	17.160404E+0	28.445121E+0	1.608307E+3	80.310337E+0	41.935484E-3
146	18.160404E+0	29.224751E+0	1.626898E+3	80.538406E+0	41.935484E-3
147	19.160404E+0	29.224751E+0	1.626898E+3	80.538406E+0	41.935484E-3
148	20.160404E+0	29.224751E+0	1.626898E+3	80.538406E+0	41.935484E-3
149	21.160404E+0	29.224751E+0	1.626898E+3	80.538406E+0	41.935484E-3
150	22.160404E+0	29.224751E+0	1.626898E+3	80.538406E+0	41.935484E-3
151	23.160404E+0	29.324089E+0	1.629267E+3	82.386521E+0	41.935484E-3
152	24.160404E+0	29.324089E+0	1.629267E+3	82.386521E+0	41.935484E-3
153	25.160404E+0	29.324089E+0	1.629267E+3	82.386521E+0	41.935484E-3
154	26.160404E+0	28.645715E+0	1.613090E+3	84.615795E+0	41.935484E-3
155	27.160404E+0	28.645715E+0	1.613090E+3	84.615795E+0	41.935484E-3
156	28.160404E+0	28.645715E+0	1.613090E+3	84.615795E+0	41.935484E-3
157	29.160404E+0	28.645715E+0	1.613090E+3	84.615795E+0	41.935484E-3
158	30.160404E+0	27.002591E+0	1.573908E+3	81.876952E+0	41.935484E-3
159	31.160404E+0	27.002591E+0	1.573908E+3	81.876952E+0	41.935484E-3
160	32.160404E+0	27.002591E+0	1.573908E+3	81.876952E+0	41.935484E-3
161	33.160404E+0	27.002591E+0	1.573908E+3	81.876952E+0	41.935484E-3
162	34.160404E+0	24.618288E+0	1.517051E+3	81.776807E+0	41.935484E-3
163	35.160404E+0	24.618288E+0	1.517051E+3	81.776807E+0	41.935484E-3
164	34.160404E+0	24.618288E+0	1.517051E+3	81.776807E+0	41.935484E-3
165	35.160404E+0	24.618288E+0	1.517051E+3	81.776807E+0	41.935484E-3
166	36.160404E+0	21.651633E+0	1.446308E+3	81.173707E+0	41.935484E-3
167	37.160404E+0	21.651633E+0	1.446308E+3	81.173707E+0	41.935484E-3
168	36.160404E+0	21.651633E+0	1.446308E+3	81.173707E+0	41.935484E-3
169	37.160404E+0	21.651633E+0	1.446308E+3	81.173707E+0	41.935484E-3
170	38.160404E+0	18.191888E+0	1.363807E+3	81.562700E+0	41.935484E-3
171	39.160404E+0	18.191888E+0	1.363807E+3	81.562700E+0	41.935484E-3
172	38.160404E+0	18.191888E+0	1.363807E+3	81.562700E+0	41.935484E-3
173	38.191888E+0	18.191888E+0	1.363807E+3	81.562700E+0	41.935484E-3
174	38.191888E+0	18.191888E+0	1.363807E+3	81.562700E+0	41.935484E-3
175	38.191888E+0	14.723054E+0	1.281088E+3	81.403633E+0	41.935484E-3
176	38.191888E+0	14.723054E+0	1.281088E+3	81.403633E+0	41.935484E-3
177	37.191888E+0	14.723054E+0	1.281088E+3	81.403633E+0	41.935484E-3
178	36.191888E+0	11.332591E+0	1.200239E+3	79.022733E+0	41.935484E-3
179	35.191888E+0	11.332591E+0	1.200239E+3	79.022733E+0	41.935484E-3
180	34.191888E+0	11.332591E+0	1.200239E+3	79.022733E+0	41.935484E-3
181	33.191888E+0	11.332591E+0	1.200239E+3	79.022733E+0	41.935484E-3
182	32.191888E+0	7.809950E+0	1.116237E+3	80.019948E+0	41.935484E-3
183	31.332591E+0	7.809950E+0	1.116237E+3	80.019948E+0	41.935484E-3
184	30.332591E+0	7.809950E+0	1.116237E+3	80.019948E+0	41.935484E-3
185	29.332591E+0	7.809950E+0	1.116237E+3	80.019948E+0	41.935484E-3
186	28.332591E+0	4.402368E+0	1.034980E+3	81.074761E+0	41.935484E-3
187	27.809950E+0	4.402368E+0	1.034980E+3	81.074761E+0	41.935484E-3
188	26.809950E+0	4.402368E+0	1.034980E+3	81.074761E+0	41.935484E-3
189	25.809950E+0	4.402368E+0	1.034980E+3	81.074761E+0	41.935484E-3
190	24.809950E+0	1.079625E+0	955.744915E+0	79.404343E+0	41.935484E-3
191	24.402368E+0	1.079625E+0	955.744915E+0	79.404343E+0	41.935484E-3
192	23.402368E+0	1.079625E+0	955.744915E+0	79.404343E+0	41.935484E-3
193	22.402368E+0	1.079625E+0	955.744915E+0	79.404343E+0	41.935484E-3
194	21.402368E+0	1.079625E+0	955.744915E+0	79.404343E+0	41.935484E-3
195	21.079625E+0	-2.042564E+0	881.292716E+0	78.634173E+0	41.935484E-3
196	21.079625E+0	-2.042564E+0	881.292716E+0	78.634173E+0	41.935484E-3
197	20.079625E+0	-2.042564E+0	881.292716E+0	78.634173E+0	41.935484E-3
198	19.079625E+0	-2.042564E+0	881.292716E+0	78.634173E+0	41.935484E-3
199	18.079625E+0	-4.894671E+0	813.280926E+0	76.387193E+0	41.935484E-3
200	17.957436E+0	-4.894671E+0	813.280926E+0	76.387193E+0	41.935484E-3
201	16.957436E+0	-4.894671E+0	813.280926E+0	76.387193E+0	41.935484E-3
202	15.957436E+0	-4.894671E+0	813.280926E+0	76.387193E+0	41.935484E-3
203	15.105329E+0	-7.577819E+0	749.298171E+0	76.080838E+0	41.935484E-3
204	15.105329E+0	-7.577819E+0	749.298171E+0	76.080838E+0	41.935484E-3
205	14.105329E+0	-7.577819E+0	749.298171E+0	76.080838E+0	41.935484E-3
206	13.105329E+0	-9.947310E+0	692.794904E+0	76.987010E+0	41.935484E-3
207	12.422181E+0	-9.947310E+0	692.794904E+0	76.987010E+0	41.935484E-3
208	11.422181E+0	-9.947310E+0	692.794904E+0	76.987010E+0	41.935484E-3
209	10.422181E+0	-9.947310E+0	692.794904E+0	76.987010E+0	41.935484E-3
210	10.052690E+0	-12.072192E+0	642.124661E+0	78.022222E+0	41.935484E-3
211	9.052690E+0	-12.072192E+0	642.124661E+0	78.022222E+0	41.935484E-3
212	8.052690E+0	-12.072192E+0	642.124661E+0	78.022222E+0	41.935484E-3
213	7.927808E+0	-12.072192E+0	642.124661E+0	78.022222E+0	41.935484E-3
214	7.927808E+0	-14.047488E+0	595.021438E+0	78.642614E+0	41.935484E-3
215	7.927808E+0	-14.047488E+0	595.021438E+0	78.642614E+0	41.935484E-3
216	6.927808E+0	-14.047488E+0	595.021438E+0	78.642614E+0	41.935484E-3
217	5.952512E+0	-14.047488E+0	595.021438E+0	78.642614E+0	41.935484E-3
218	5.952512E+0	-14.047488E+0	595.021438E+0	78.642614E+0	41.935484E-3
219	5.952512E+0	-15.890576E+0	551.070868E+0	80.914006E+0	41.935484E-3
220	5.952512E+0	-15.890576E+0	551.070868E+0	80.914006E+0	41.935484E-3
221	4.952512E+0	-15.890576E+0	551.070868E+0	80.914006E+0	41.935484E-3
222	4.109424E+0	-15.890576E+0	551.070868E+0	80.914006E+0	41.935484E-3
223	4.109424E+0	-17.540437E+0	511.728030E+0	81.794658E+0	41.935484E-3
224	3.109424E+0	-17.540437E+0	511.728030E+0	81.794658E+0	41.935484E-3
225	2.459563E+0	-17.540437E+0	511.728030E+0	81.794658E+0	41.935484E-3
226	2.459563E+0	-18.812951E+0	481.383477E+0	81.442411E+0	41.935484E-3
227	2.459563E+0	-18.812951E+0	481.383477E+0	81.442411E+0	41.935484E-3
228	1.459563E+0	-18.812951E+0	481.383477E+0	81.442411E+0	41.935484E-3
229	1.187049E+0	-18.812951E+0	481.383477E+0	81.442411E+0	41.935484E-3
230	1.187049E+0	-18.812951E+0	481.383477E+0	81.442411E+0	41.935484E-3
231	1.187049E+0	-19.618607E+0	462.171685E+0	80.412309E+0	41.935484E-3
232	1.187049E+0	-19.618607E+0	462.171685E+0	80.412309E+0	41.935484E-3
233	187.049029E-3	-19.618607E+0	462.171685E+0	80.412309E+0	41.935484E-3
234	381.393248E-3	-19.618607E+0	462.171685E+0	80.412309E+0	41.935484E-3
235	381.393248E-3	-19.948668E+0	454.300994E+0	78.810804E+0	41.935484E-3
236	381.393248E-3	-19.948668E+0	454.300994E+0	78.810804E+0	41.935484E-3
237	-618.606752E-3	-19.948668E+0	454.300994E+0	78.810804E+0	41.935484E-3
238	51.332021E-3	-19.948668E+0	454.300994E+0	78.810804E+0	41.935484E-3
239	51.332021E-3	-19.746859E+0	459.113370E+0	78.900704E+0	41.935484E-3
240	51.332021E-3	-19.746859E+0	459.113370E+0	78.900704E+0	41.935484E-3
241	1.051332E+0	-19.746859E+0	459.113370E+0	78.900704E+0	41.935484E-3
242	253.141315E-3	-19.746859E+0	459.113370E+0	78.900704E+0	41.935484E-3
243	253.141315E-3	-19.036086E+0	476.062565E+0	77.273105E+0	41.935484E-3
244	1.253141E+0	-19.036086E+0	476.062565E+0	77.273105E+0	41.935484E-3
245	963.914012E-3	-19.036086E+0	476.062565E+0	77.273105E+0	41.935484E-3
246	963.914012E-3	-19.036086E+0	476.062565E+0	77.273105E+0	41.935484E-3
247	963.914012E-3	-17.884629E+0	503.520374E+0	77.081773E+0	41.935484E-3
248	963.914012E-3	-17.884629E+0	503.520374E+0	77.081773E+0	41.935484E-3
249	1.963914E+0	-17.884629E+0	503.520374E+0	77.081773E+0	41.935484E-3
250	2.115371E+0	-17.884629E+0	503.520374E+0	77.081773E+0	41.935484E-3
251	2.115371E+0	-16.686095E+0	532.100808E+0	78.201894E+0	41.935484E-3
252	2.115371E+0	-16.686095E+0	532.100808E+0	78.201894E+0	41.935484E-3
253	1.115371E+0	-16.686095E+0	532.100808E+0	78.201894E+0	41.935484E-3
254	115.370541E-3	-16.686095E+0	532.100808E+0	78.201894E+0	41.935484E-3
255	-884.629459E-3	-15.617019E+0	557.594150E+0	77.905571E+0	41.935484E-3
256	-1.884629E+0	-15.617019E+0	557.594150E+0	77.905571E+0	41.935484E-3
257	-2.884629E+0	-15.617019E+0	557.594150E+0	77.905571E+0	41.935484E-3
258	-3.884629E+0	-15.617019E+0	557.594150E+0	77.905571E+0	41.935484E-3
259	-4.884629E+0	-14.533499E+0	583.431936E+0	80.974528E+0	41.935484E-3
260	-5.884629E+0	-14.533499E+0	583.431936E+0	80.974528E+0	41.935484E-3
261	-6.884629E+0	-14.533499E+0	583.431936E+0	80.974528E+0	41.935484E-3
262	-7.884629E+0	-14.533499E+0	583.431936E+0	80.974528E+0	41.935484E-3
263	-8.884629E+0	-13.452212E+0	609.216486E+0	80.264300E+0	41.935484E-3
264	-9.884629E+0	-13.452212E+0	609.216486E+0	80.264300E+0	41.935484E-3
265	-10.884629E+0	-13.452212E+0	609.216486E+0	80.264300E+0	41.935484E-3
266	-11.884629E+0	-13.452212E+0	609.216486E+0	80.264300E+0	41.935484E-3
267	-12.884629E+0	-12.007496E+0	643.667399E+0	82.636638E+0	41.935484E-3
268	-13.884629E+0	-12.007496E+0	643.667399E+0	82.636638E+0	41.935484E-3
269	-14.884629E+0	-12.007496E+0	643.667399E+0	82.636638E+0	41.935484E-3
270	-15.884629E+0	-12.007496E+0	643.667399E+0	82.636638E+0	41.935484E-3
271	-16.884629E+0	-9.924607E+0	693.336302E+0	82.676270E+0	41.935484E-3
272	-15.884629E+0	-9.924607E+0	693.336302E+0	82.676270E+0	41.935484E-3
273	-16.884629E+0	-9.924607E+0	693.336302E+0	82.676270E+0	41.935484E-3
274	-17.884629E+0	-9.924607E+0	693.336302E+0	82.676270E+0	41.935484E-3
275	-18.884629E+0	-7.219264E+0	757.848318E+0	82.888051E+0	41.935484E-3
276	-17.884629E+0	-7.219264E+0	757.848318E+0	82.888051E+0	41.935484E-3
277	-18.884629E+0	-7.219264E+0	757.848318E+0	82.888051E+0	41.935484E-3
278	-19.884629E+0	-7.219264E+0	757.848318E+0	82.888051E+0	41.935484E-3
279	-20.884629E+0	-4.390281E+0	825.308685E+0	82.772887E+0	41.935484E-3
280	-21.884629E+0	-4.390281E+0	825.308685E+0	82.772887E+0	41.935484E-3
281	-20.884629E+0	-4.390281E+0	825.308685E+0	82.772887E+0	41.935484E-3
282	-21.884629E+0	-4.390281E+0	825.308685E+0	82.772887E+0	41.935484E-3
283	-22.884629E+0	-1.359515E+0	897.580786E+0	85.982824E+0	41.935484E-3
284	-21.884629E+0	-1.359515E+0	897.580786E+0	85.982824E+0	41.935484E-3
285	-21.359515E+0	-1.359515E+0	897.580786E+0	85.982824E+0	41.935484E-3
286	-21.359515E+0	-1.359515E+0	897.580786E+0	85.982824E+0	41.935484E-3
287	-21.359515E+0	1.807920E+0	973.111940E+0	86.517796E+0	41.935484E-3
288	-21.359515E+0	1.807920E+0	973.111940E+0	86.517796E+0	41.935484E-3
289	-20.359515E+0	1.807920E+0	973.111940E+0	86.517796E+0	41.935484E-3
290	-19.359515E+0	1.807920E+0	973.111940E+0	86.517796E+0	41.935484E-3
291	-18.359515E+0	4.940834E+0	1.047820E+3	83.822605E+0	41.935484E-3
292	-17.359515E+0	4.940834E+0	1.047820E+3	83.822605E+0	41.935484E-3
293	-16.359515E+0	4.940834E+0	1.047820E+3	83.822605E+0	41.935484E-3
294	-15.359515E+0	4.940834E+0	1.047820E+3	83.822605E+0	41.935484E-3
295	-15.059166E+0	8.098420E+0	1.123116E+3	85.770901E+0	41.935484E-3
296	-15.059166E+0	8.098420E+0	1.123116E+3	85.770901E+0	41.935484E-3
297	-14.059166E+0	8.098420E+0	1.123116E+3	85.770901E+0	41.935484E-3
298	-13.059166E+0	8.098420E+0	1.123116E+3	85.770901E+0	41.935484E-3
299	-12.059166E+0	11.275671E+0	1.198881E+3	85.657880E+0	41.935484E-3
300	-11.059166E+0	11.275671E+0	1.198881E+3	85.657880E+0	41.935484E-3
301	-10.059166E+0	11.275671E+0	1.198881E+3	85.657880E+0	41.935484E-3
302	-9.059166E+0	11.275671E+0	1.198881E+3	85.657880E+0	41.935484E-3
303	-8.724329E+0	14.255021E+0	1.269927E+3	83.447196E+0	41.935484E-3
304	-8.724329E+0	14.255021E+0	1.269927E+3	83.447196E+0	41.935484E-3
305	-7.724329E+0	14.255021E+0	1.269927E+3	83.447196E+0	41.935484E-3
306	-6.724329E+0	14.255021E+0	1.269927E+3	83.447196E+0	41.935484E-3
307	-5.744979E+0	17.130582E+0	1.338498E+3	83.393772E+0	41.935484E-3
308	-5.744979E+0	17.130582E+0	1.338498E+3	83.393772E+0	41.935484E-3
309	-4.744979E+0	17.130582E+0	1.338498E+3	83.393772E+0	41.935484E-3
310	-3.744979E+0	17.130582E+0	1.338498E+3	83.393772E+0	41.935484E-3
311	-2.869418E+0	19.894627E+0	1.404410E+3	86.757120E+0	41.935484E-3
312	-1.869418E+0	19.894627E+0	1.404410E+3	86.757120E+0	41.935484E-3
313	-869.418395E-3	19.894627E+0	1.404410E+3	86.757120E+0	41.935484E-3
314	-105.372941E-3	19.894627E+0	1.404410E+3	86.757120E+0	41.935484E-3
315	-105.372941E-3	22.452515E+0	1.465406E+3	84.873895E+0	41.935484E-3
316	-105.372941E-3	22.452515E+0	1.465406E+3	84.873895E+0	41.935484E-3
317	894.627059E-3	22.452515E+0	1.465406E+3	84.873895E+0	41.935484E-3
318	1.894627E+0	22.452515E+0	1.465406E+3	84.873895E+0	41.935484E-3
319	2.452515E+0	24.808975E+0	1.521599E+3	85.805811E+0	41.935484E-3
320	2.452515E+0	24.808975E+0	1.521599E+3	85.805811E+0	41.935484E-3
321	3.452515E+0	24.808975E+0	1.521599E+3	85.805811E+0	41.935484E-3
322	4.452515E+0	24.808975E+0	1.521599E+3	85.805811E+0	41.935484E-3
323	4.808975E+0	26.985703E+0	1.573505E+3	83.109113E+0	41.935484E-3
324	5.808975E+0	26.985703E+0	1.573505E+3	83.109113E+0	41.935484E-3
325	6.808975E+0	26.985703E+0	1.573505E+3	83.109113E+0	41.935484E-3
326	6.985703E+0	26.985703E+0	1.573505E+3	83.109113E+0	41.935484E-3
327	6.985703E+0	28.940325E+0	1.620115E+3	82.318193E+0	41.935484E-3
328	7.985703E+0	28.940325E+0	1.620115E+3	82.318193E+0	41.935484E-3
329	8.940325E+0	28.940325E+0	1.620115E+3	82.318193E+0	41.935484E-3
330	8.940325E+0	28.940325E+0	1.620115E+3	82.318193E+0	41.935484E-3
331	8.940325E+0	30.515087E+0	1.657667E+3	82.727775E+0	41.935484E-3
332	8.940325E+0	30.515087E+0	1.657667E+3	82.727775E+0	41.935484E-3
333	9.940325E+0	30.515087E+0	1.657667E+3	82.727775E+0	41.935484E-3
334	10.515087E+0	30.515087E+0	1.657667E+3	82.727775E+0	41.935484E-3
335	10.515087E+0	31.732519E+0	1.686699E+3	81.248864E+0	41.935484E-3
336	11.515087E+0	31.732519E+0	1.686699E+3	81.248864E+0	41.935484E-3
337	11.732519E+0	31.732519E+0	1.686699E+3	81.248864E+0	41.935484E-3
338	11.732519E+0	31.732519E+0	1.686699E+3	81.248864E+0	41.935484E-3
339	11.732519E+0	32.431512E+0	1.703367E+3	82.043478E+0	41.935484E-3
340	11.732519E+0	32.431512E+0	1.703367E+3	82.043478E+0	41.935484E-3
341	12.732519E+0	32.431512E+0	1.703367E+3	82.043478E+0	41.935484E-3
342	12.431512E+0	32.431512E+0	1.703367E+3	82.043478E+0	41.935484E-3
343	12.431512E+0	32.996955E+0	1.716850E+3	82.343519E+0	41.935484E-3
344	13.431512E+0	32.996955E+0	1.716850E+3	82.343519E+0	41.935484E-3
345	12.996955E+0	32.996955E+0	1.716850E+3	82.343519E+0	41.935484E-3
346	12.996955E+0	32.996955E+0	1.716850E+3	82.343519E+0	41.935484E-3
347	12.996955E+0	33.200041E+0	1.721693E+3	84.454484E+0	41.935484E-3
348	12.996955E+0	33.200041E+0	1.721693E+3	84.454484E+0	41.935484E-3
349	13.996955E+0	33.200041E+0	1.721693E+3	84.454484E+0	41.935484E-3
350	13.200041E+0	33.200041E+0	1.721693E+3	84.454484E+0	41.935484E-3
351	13.200041E+0	32.987408E+0	1.716623E+3	87.329347E+0	41.935484E-3
352	13.200041E+0	32.987408E+0	1.716623E+3	87.329347E+0	41.935484E-3
353	12.200041E+0	32.987408E+0	1.716623E+3	87.329347E+0	41.935484E-3
354	12.987408E+0	32.987408E+0	1.716623E+3	87.329347E+0	41.935484E-3
355	12.987408E+0	32.523089E+0	1.705551E+3	84.463232E+0	41.935484E-3
356	12.987408E+0	32.523089E+0	1.705551E+3	84.463232E+0	41.935484E-3
357	11.987408E+0	32.523089E+0	1.705551E+3	84.463232E+0	41.935484E-3
358	12.523089E+0	32.523089E+0	1.705551E+3	84.463232E+0	41.935484E-3
359	12.523089E+0	32.575271E+0	1.706795E+3	83.765124E+0	41.935484E-3
360	12.992839E+0	32.575271E+0	1.706795E+3	83.765124E+0	41.935484E-3
361	12.575271E+0	32.575271E+0	1.706795E+3	83.765124E+0	41.935484E-3
362	12.575271E+0	32.575271E+0	1.706795E+3	83.765124E+0	41.935484E-3
363	12.575271E+0	32.844447E+0	1.713214E+3	83.880641E+0	41.935484E-3
364	12.575271E+0	32.844447E+0	1.713214E+3	83.880641E+0	41.935484E-3
365	13.575271E+0	32.844447E+0	1.713214E+3	83.880641E+0	41.935484E-3
366	12.844447E+0	32.844447E+0	1.713214E+3	83.880641E+0	41.935484E-3
367	12.844447E+0	32.919258E+0	1.714998E+3	85.791079E+0	41.935484E-3
368	12.844447E+0	32.919258E+0	1.714998E+3	85.791079E+0	41.935484E-3
369	13.517754E+0	32.919258E+0	1.714998E+3	85.791079E+0	41.935484E-3
370	12.919258E+0	32.919258E+0	1.714998E+3	85.791079E+0	41.935484E-3
371	12.919258E+0	32.852995E+0	1.713418E+3	82.892807E+0	41.935484E-3
372	12.919258E+0	32.852995E+0	1.713418E+3	82.892807E+0	41.935484E-3
373	13.919258E+0	32.852995E+0	1.713418E+3	82.892807E+0	41.935484E-3
374	14.919258E+0	32.852995E+0	1.713418E+3	82.892807E+0	41.935484E-3
375	15.919258E+0	32.596656E+0	1.707305E+3	82.829718E+0	41.935484E-3
376	16.919258E+0	32.596656E+0	1.707305E+3	82.829718E+0	41.935484E-3
377	17.919258E+0	32.596656E+0	1.707305E+3	82.829718E+0	41.935484E-3
378	18.919258E+0	32.596656E+0	1.707305E+3	82.829718E+0	41.935484E-3
379	19.919258E+0	32.821701E+0	1.712671E+3	84.550958E+0	41.935484E-3
380	20.919258E+0	32.821701E+0	1.712671E+3	84.550958E+0	41.935484E-3
381	21.919258E+0	32.821701E+0	1.712671E+3	84.550958E+0	41.935484E-3
382	22.919258E+0	32.821701E+0	1.712671E+3	84.550958E+0	41.935484E-3
383	23.919258E+0	32.854640E+0	1.713457E+3	83.775510E+0	41.935484E-3
384	24.919258E+0	32.854640E+0	1.713457E+3	83.775510E+0	41.935484E-3
385	25.919258E+0	32.854640E+0	1.713457E+3	83.775510E+0	41.935484E-3
386	26.919258E+0	32.854640E+0	1.713457E+3	83.775510E+0	41.935484E-3
387	27.919258E+0	32.698648E+0	1.709737E+3	83.086417E+0	41.935484E-3
388	28.919258E+0	32.698648E+0	1.709737E+3	83.086417E+0	41.935484E-3
389	29.919258E+0	32.698648E+0	1.709737E+3	83.086417E+0	41.935484E-3
390	30.919258E+0	32.698648E+0	1.709737E+3	83.086417E+0	41.935484E-3
391	31.919258E+0	31.455753E+0	1.680099E+3	84.154789E+0	41.935484E-3
392	32.919258E+0	31.455753E+0	1.680099E+3	84.154789E+0	41.935484E-3
393	33.919258E+0	31.455753E+0	1.680099E+3	84.154789E+0	41.935484E-3
394	34.919258E+0	31.455753E+0	1.680099E+3	84.154789E+0	41.935484E-3
395	35.919258E+0	28.880947E+0	1.618700E+3	86.408947E+0	41.935484E-3
396	34.919258E+0	28.880947E+0	1.618700E+3	86.408947E+0	41.935484E-3
397	35.919258E+0	28.880947E+0	1.618700E+3	86.408947E+0	41.935484E-3
398	36.919258E+0	28.880947E+0	1.618700E+3	86.408947E+0	41.935484E-3
399	37.919258E+0	28.880947E+0	1.618700E+3	86.408947E+0	41.935484E-3
400	38.919258E+0	25.636832E+0	1.541340E+3	86.725054E+0	41.935484E-3
