samedi 22 février 2020	00:05:39	Sampling Period : 50  ms		B&B alpha1

t	I1	I2	Alpha1	Alpha2	x	y	dotx	doty
0	0.000000E+0	38.067694E+0	1.837768E+3	84.199443E+0	41.935484E-3
1	0.000000E+0	38.067694E+0	1.837768E+3	84.199443E+0	41.935484E-3
2	0.000000E+0	38.067694E+0	1.837768E+3	84.199443E+0	41.935484E-3
3	0.000000E+0	38.133791E+0	1.839344E+3	84.224969E+0	41.935484E-3
4	0.000000E+0	38.133791E+0	1.839344E+3	84.224969E+0	41.935484E-3
5	0.000000E+0	38.133791E+0	1.839344E+3	84.224969E+0	41.935484E-3
6	0.000000E+0	38.133791E+0	1.839344E+3	84.224969E+0	41.935484E-3
7	0.000000E+0	38.126834E+0	1.839178E+3	83.982869E+0	41.935484E-3
8	0.000000E+0	38.126834E+0	1.839178E+3	83.982869E+0	41.935484E-3
9	0.000000E+0	38.126834E+0	1.839178E+3	83.982869E+0	41.935484E-3
10	0.000000E+0	38.126834E+0	1.839178E+3	83.982869E+0	41.935484E-3
11	0.000000E+0	38.119998E+0	1.839015E+3	83.192390E+0	41.935484E-3
12	0.000000E+0	38.119998E+0	1.839015E+3	83.192390E+0	41.935484E-3
13	1.200144E+0	38.119998E+0	1.839015E+3	83.192390E+0	41.935484E-3
14	1.200144E+0	38.119998E+0	1.839015E+3	83.192390E+0	41.935484E-3
15	4.000240E+0	38.121391E+0	1.839049E+3	82.876909E+0	41.935484E-3
16	6.000320E+0	38.121391E+0	1.839049E+3	82.876909E+0	41.935484E-3
17	8.400416E+0	38.121391E+0	1.839049E+3	82.876909E+0	41.935484E-3
18	8.400416E+0	38.121391E+0	1.839049E+3	82.876909E+0	41.935484E-3
19	11.200464E+0	38.119509E+0	1.839004E+3	81.691551E+0	41.935484E-3
20	17.200768E+0	38.119509E+0	1.839004E+3	81.691551E+0	41.935484E-3
21	19.600976E+0	38.119509E+0	1.839004E+3	81.691551E+0	41.935484E-3
22	19.600976E+0	38.119509E+0	1.839004E+3	81.691551E+0	41.935484E-3
23	21.601168E+0	38.387554E+0	1.845396E+3	79.975389E+0	41.935484E-3
24	24.401536E+0	38.387554E+0	1.845396E+3	79.975389E+0	41.935484E-3
25	24.401536E+0	38.387554E+0	1.845396E+3	79.975389E+0	41.935484E-3
26	25.601920E+0	38.387554E+0	1.845396E+3	79.975389E+0	41.935484E-3
27	25.601920E+0	38.765308E+0	1.854404E+3	77.325359E+0	41.935484E-3
28	25.202304E+0	38.765308E+0	1.854404E+3	77.325359E+0	41.935484E-3
29	24.402496E+0	38.765308E+0	1.854404E+3	77.325359E+0	41.935484E-3
30	24.402496E+0	38.765308E+0	1.854404E+3	77.325359E+0	41.935484E-3
31	23.202576E+0	38.842669E+0	1.856248E+3	80.213287E+0	41.935484E-3
32	19.602992E+0	38.842669E+0	1.856248E+3	80.213287E+0	41.935484E-3
33	17.967757E+0	38.842669E+0	1.856248E+3	80.213287E+0	41.935484E-3
34	16.732490E+0	38.842669E+0	1.856248E+3	80.213287E+0	41.935484E-3
35	15.897288E+0	38.765938E+0	1.854419E+3	75.701544E+0	41.935484E-3
36	15.897288E+0	38.765938E+0	1.854419E+3	75.701544E+0	41.935484E-3
37	15.426850E+0	38.765938E+0	1.854419E+3	75.701544E+0	41.935484E-3
38	15.791615E+0	38.765938E+0	1.854419E+3	75.701544E+0	41.935484E-3
39	15.791615E+0	38.148250E+0	1.839689E+3	81.603874E+0	41.935484E-3
40	16.921034E+0	38.148250E+0	1.839689E+3	81.603874E+0	41.935484E-3
41	16.921034E+0	38.148250E+0	1.839689E+3	81.603874E+0	41.935484E-3
42	18.050404E+0	38.148250E+0	1.839689E+3	81.603874E+0	41.935484E-3
43	18.050404E+0	36.166521E+0	1.792432E+3	85.817065E+0	41.935484E-3
44	18.014993E+0	36.166521E+0	1.792432E+3	85.817065E+0	41.935484E-3
45	16.744332E+0	36.166521E+0	1.792432E+3	85.817065E+0	41.935484E-3
46	16.143829E+0	36.166521E+0	1.792432E+3	85.817065E+0	41.935484E-3
47	15.943311E+0	34.320461E+0	1.748411E+3	84.374943E+0	41.935484E-3
48	15.943311E+0	34.320461E+0	1.748411E+3	84.374943E+0	41.935484E-3
49	15.342776E+0	34.320461E+0	1.748411E+3	84.374943E+0	41.935484E-3
50	14.594391E+0	34.320461E+0	1.748411E+3	84.374943E+0	41.935484E-3
51	14.246023E+0	32.212071E+0	1.698134E+3	84.773471E+0	41.935484E-3
52	13.949285E+0	32.212071E+0	1.698134E+3	84.773471E+0	41.935484E-3
53	13.200933E+0	32.212071E+0	1.698134E+3	84.773471E+0	41.935484E-3
54	12.852692E+0	32.212071E+0	1.698134E+3	84.773471E+0	41.935484E-3
55	12.852692E+0	30.244097E+0	1.651205E+3	84.690493E+0	41.935484E-3
56	12.528387E+0	30.244097E+0	1.651205E+3	84.690493E+0	41.935484E-3
57	11.766194E+0	30.244097E+0	1.651205E+3	84.690493E+0	41.935484E-3
58	11.766194E+0	30.244097E+0	1.651205E+3	84.690493E+0	41.935484E-3
59	11.026242E+0	28.268987E+0	1.604107E+3	84.100623E+0	41.935484E-3
60	10.456298E+0	28.268987E+0	1.604107E+3	84.100623E+0	41.935484E-3
61	10.456298E+0	28.268987E+0	1.604107E+3	84.100623E+0	41.935484E-3
62	8.916442E+0	28.268987E+0	1.604107E+3	84.100623E+0	41.935484E-3
63	8.916442E+0	26.265372E+0	1.556328E+3	85.194147E+0	41.935484E-3
64	8.746529E+0	26.265372E+0	1.556328E+3	85.194147E+0	41.935484E-3
65	8.176649E+0	26.265372E+0	1.556328E+3	85.194147E+0	41.935484E-3
66	7.733431E+0	26.265372E+0	1.556328E+3	85.194147E+0	41.935484E-3
67	7.786323E+0	24.415312E+0	1.512211E+3	83.467663E+0	41.935484E-3
68	7.439374E+0	24.415312E+0	1.512211E+3	83.467663E+0	41.935484E-3
69	7.439374E+0	24.415312E+0	1.512211E+3	83.467663E+0	41.935484E-3
70	6.154381E+0	24.415312E+0	1.512211E+3	83.467663E+0	41.935484E-3
71	6.016290E+0	22.879660E+0	1.475592E+3	84.393203E+0	41.935484E-3
72	5.478199E+0	22.879660E+0	1.475592E+3	84.393203E+0	41.935484E-3
73	4.797731E+0	22.879660E+0	1.475592E+3	84.393203E+0	41.935484E-3
74	4.517248E+0	22.879660E+0	1.475592E+3	84.393203E+0	41.935484E-3
75	4.636780E+0	21.693653E+0	1.447310E+3	84.240442E+0	41.935484E-3
76	4.356297E+0	21.693653E+0	1.447310E+3	84.240442E+0	41.935484E-3
77	3.753191E+0	21.693653E+0	1.447310E+3	84.240442E+0	41.935484E-3
78	3.753191E+0	21.693653E+0	1.447310E+3	84.240442E+0	41.935484E-3
79	3.746964E+0	20.750564E+0	1.424821E+3	82.258571E+0	41.935484E-3
80	3.543779E+0	20.750564E+0	1.424821E+3	82.258571E+0	41.935484E-3
81	2.940625E+0	20.750564E+0	1.424821E+3	82.258571E+0	41.935484E-3
82	2.737488E+0	20.750564E+0	1.424821E+3	82.258571E+0	41.935484E-3
83	2.920385E+0	20.322963E+0	1.414625E+3	78.489744E+0	41.935484E-3
84	2.920385E+0	20.322963E+0	1.414625E+3	78.489744E+0	41.935484E-3
85	2.703058E+0	20.322963E+0	1.414625E+3	78.489744E+0	41.935484E-3
86	2.537966E+0	20.322963E+0	1.414625E+3	78.489744E+0	41.935484E-3
87	2.538774E+0	20.894658E+0	1.428257E+3	82.154392E+0	41.935484E-3
88	2.538774E+0	20.894658E+0	1.428257E+3	82.154392E+0	41.935484E-3
89	3.057773E+0	20.894658E+0	1.428257E+3	82.154392E+0	41.935484E-3
90	3.060009E+0	20.894658E+0	1.428257E+3	82.154392E+0	41.935484E-3
91	3.060009E+0	21.548074E+0	1.443839E+3	83.877508E+0	41.935484E-3
92	3.062246E+0	21.548074E+0	1.443839E+3	83.877508E+0	41.935484E-3
93	3.658060E+0	21.548074E+0	1.443839E+3	83.877508E+0	41.935484E-3
94	3.658060E+0	21.548074E+0	1.443839E+3	83.877508E+0	41.935484E-3
95	3.661930E+0	22.072658E+0	1.456348E+3	83.749749E+0	41.935484E-3
96	4.069639E+0	22.072658E+0	1.456348E+3	83.749749E+0	41.935484E-3
97	4.148289E+0	22.072658E+0	1.456348E+3	83.749749E+0	41.935484E-3
98	4.148289E+0	22.072658E+0	1.456348E+3	83.749749E+0	41.935484E-3
99	4.153471E+0	22.804133E+0	1.473791E+3	84.826942E+0	41.935484E-3
100	4.158653E+0	22.804133E+0	1.473791E+3	84.826942E+0	41.935484E-3
101	4.563834E+0	22.804133E+0	1.473791E+3	84.826942E+0	41.935484E-3
102	4.831001E+0	22.804133E+0	1.473791E+3	84.826942E+0	41.935484E-3
103	4.838012E+0	23.618410E+0	1.493208E+3	85.125593E+0	41.935484E-3
104	5.251984E+0	23.618410E+0	1.493208E+3	85.125593E+0	41.935484E-3
105	5.595963E+0	23.618410E+0	1.493208E+3	85.125593E+0	41.935484E-3
106	5.595963E+0	23.618410E+0	1.493208E+3	85.125593E+0	41.935484E-3
107	5.614055E+0	24.398833E+0	1.511818E+3	85.880881E+0	41.935484E-3
108	6.023053E+0	24.398833E+0	1.511818E+3	85.880881E+0	41.935484E-3
109	6.023053E+0	24.398833E+0	1.511818E+3	85.880881E+0	41.935484E-3
110	6.338429E+0	24.398833E+0	1.511818E+3	85.880881E+0	41.935484E-3
111	6.360424E+0	25.071503E+0	1.527859E+3	83.715048E+0	41.935484E-3
112	6.771421E+0	25.071503E+0	1.527859E+3	83.715048E+0	41.935484E-3
113	6.771421E+0	25.071503E+0	1.527859E+3	83.715048E+0	41.935484E-3
114	6.991185E+0	25.071503E+0	1.527859E+3	83.715048E+0	41.935484E-3
115	7.003863E+0	25.841007E+0	1.546209E+3	85.115709E+0	41.935484E-3
116	7.016543E+0	25.841007E+0	1.546209E+3	85.115709E+0	41.935484E-3
117	7.738301E+0	25.841007E+0	1.546209E+3	85.115709E+0	41.935484E-3
118	7.738301E+0	25.841007E+0	1.546209E+3	85.115709E+0	41.935484E-3
119	7.752903E+0	26.622411E+0	1.564842E+3	83.032925E+0	41.935484E-3
120	7.767505E+0	26.622411E+0	1.564842E+3	83.032925E+0	41.935484E-3
121	8.503881E+0	26.622411E+0	1.564842E+3	83.032925E+0	41.935484E-3
122	8.520437E+0	26.622411E+0	1.564842E+3	83.032925E+0	41.935484E-3
123	8.536993E+0	26.622411E+0	1.564842E+3	83.032925E+0	41.935484E-3
124	8.553549E+0	27.385926E+0	1.583049E+3	82.699734E+0	41.935484E-3
125	8.970074E+0	27.385926E+0	1.583049E+3	82.699734E+0	41.935484E-3
126	8.970074E+0	27.385926E+0	1.583049E+3	82.699734E+0	41.935484E-3
127	9.296107E+0	27.385926E+0	1.583049E+3	82.699734E+0	41.935484E-3
128	9.296107E+0	28.039603E+0	1.598637E+3	81.889877E+0	41.935484E-3
129	9.733005E+0	28.039603E+0	1.598637E+3	81.889877E+0	41.935484E-3
130	9.733005E+0	28.039603E+0	1.598637E+3	81.889877E+0	41.935484E-3
131	9.963178E+0	28.699252E+0	1.614367E+3	82.056979E+0	41.935484E-3
132	10.383292E+0	28.699252E+0	1.614367E+3	82.056979E+0	41.935484E-3
133	10.383292E+0	28.699252E+0	1.614367E+3	82.056979E+0	41.935484E-3
134	10.622106E+0	28.699252E+0	1.614367E+3	82.056979E+0	41.935484E-3
135	10.643854E+0	28.699252E+0	1.614367E+3	82.056979E+0	41.935484E-3
136	10.643854E+0	29.116434E+0	1.624315E+3	81.138417E+0	41.935484E-3
137	11.087352E+0	29.116434E+0	1.624315E+3	81.138417E+0	41.935484E-3
138	11.109117E+0	29.116434E+0	1.624315E+3	81.138417E+0	41.935484E-3
139	11.109117E+0	29.029996E+0	1.622254E+3	80.792129E+0	41.935484E-3
140	10.881314E+0	29.029996E+0	1.622254E+3	80.792129E+0	41.935484E-3
141	11.053183E+0	29.029996E+0	1.622254E+3	80.792129E+0	41.935484E-3
142	11.099371E+0	29.029996E+0	1.622254E+3	80.792129E+0	41.935484E-3
143	11.121946E+0	28.712451E+0	1.614682E+3	82.490584E+0	41.935484E-3
144	10.744537E+0	28.712451E+0	1.614682E+3	82.490584E+0	41.935484E-3
145	10.767128E+0	28.712451E+0	1.614682E+3	82.490584E+0	41.935484E-3
146	10.767128E+0	28.712451E+0	1.614682E+3	82.490584E+0	41.935484E-3
147	10.901500E+0	28.712451E+0	1.614682E+3	82.490584E+0	41.935484E-3
148	10.945062E+0	28.232769E+0	1.603243E+3	84.424927E+0	41.935484E-3
149	10.566843E+0	28.232769E+0	1.603243E+3	84.424927E+0	41.935484E-3
150	10.566843E+0	28.232769E+0	1.603243E+3	84.424927E+0	41.935484E-3
151	10.554514E+0	27.716801E+0	1.590939E+3	84.064013E+0	41.935484E-3
152	10.575093E+0	27.716801E+0	1.590939E+3	84.064013E+0	41.935484E-3
153	10.195705E+0	27.716801E+0	1.590939E+3	84.064013E+0	41.935484E-3
154	10.149306E+0	27.716801E+0	1.590939E+3	84.064013E+0	41.935484E-3
155	10.187890E+0	27.026356E+0	1.574475E+3	86.700326E+0	41.935484E-3
156	9.807118E+0	27.026356E+0	1.574475E+3	86.700326E+0	41.935484E-3
157	9.601621E+0	27.026356E+0	1.574475E+3	86.700326E+0	41.935484E-3
158	9.601621E+0	27.026356E+0	1.574475E+3	86.700326E+0	41.935484E-3
159	9.636753E+0	27.026356E+0	1.574475E+3	86.700326E+0	41.935484E-3
160	9.636753E+0	26.251991E+0	1.556009E+3	86.252909E+0	41.935484E-3
161	9.654324E+0	26.251991E+0	1.556009E+3	86.252909E+0	41.935484E-3
162	8.988651E+0	26.251991E+0	1.556009E+3	86.252909E+0	41.935484E-3
163	9.004283E+0	26.251991E+0	1.556009E+3	86.252909E+0	41.935484E-3
164	9.019912E+0	25.409774E+0	1.535925E+3	83.957186E+0	41.935484E-3
165	9.019912E+0	25.409774E+0	1.535925E+3	83.957186E+0	41.935484E-3
166	8.288966E+0	25.409774E+0	1.535925E+3	83.957186E+0	41.935484E-3
167	8.288966E+0	25.409774E+0	1.535925E+3	83.957186E+0	41.935484E-3
168	8.316014E+0	24.546137E+0	1.515331E+3	79.760031E+0	41.935484E-3
169	7.929522E+0	24.546137E+0	1.515331E+3	79.760031E+0	41.935484E-3
170	7.929522E+0	24.546137E+0	1.515331E+3	79.760031E+0	41.935484E-3
171	7.561471E+0	24.546137E+0	1.515331E+3	79.760031E+0	41.935484E-3
172	7.584202E+0	23.682737E+0	1.494742E+3	80.812645E+0	41.935484E-3
173	7.584202E+0	23.682737E+0	1.494742E+3	80.812645E+0	41.935484E-3
174	7.195600E+0	23.682737E+0	1.494742E+3	80.812645E+0	41.935484E-3
175	6.825556E+0	23.682737E+0	1.494742E+3	80.812645E+0	41.935484E-3
176	6.843970E+0	22.923341E+0	1.476634E+3	84.953247E+0	41.935484E-3
177	6.843970E+0	22.923341E+0	1.476634E+3	84.953247E+0	41.935484E-3
178	6.453177E+0	22.923341E+0	1.476634E+3	84.953247E+0	41.935484E-3
179	6.182437E+0	22.923341E+0	1.476634E+3	84.953247E+0	41.935484E-3
180	6.189746E+0	22.315027E+0	1.462128E+3	85.202625E+0	41.935484E-3
181	6.189746E+0	22.315027E+0	1.462128E+3	85.202625E+0	41.935484E-3
182	5.653838E+0	22.315027E+0	1.462128E+3	85.202625E+0	41.935484E-3
183	5.653838E+0	22.315027E+0	1.462128E+3	85.202625E+0	41.935484E-3
184	5.665414E+0	21.837408E+0	1.450738E+3	82.139578E+0	41.935484E-3
185	5.271201E+0	21.837408E+0	1.450738E+3	82.139578E+0	41.935484E-3
186	5.244744E+0	21.837408E+0	1.450738E+3	82.139578E+0	41.935484E-3
187	5.249338E+0	21.837408E+0	1.450738E+3	82.139578E+0	41.935484E-3
188	5.249338E+0	21.319363E+0	1.438385E+3	81.498366E+0	41.935484E-3
189	4.858508E+0	21.319363E+0	1.438385E+3	81.498366E+0	41.935484E-3
190	4.858508E+0	21.319363E+0	1.438385E+3	81.498366E+0	41.935484E-3
191	4.797585E+0	20.861353E+0	1.427463E+3	79.651473E+0	41.935484E-3
192	4.797585E+0	20.861353E+0	1.427463E+3	79.651473E+0	41.935484E-3
193	4.389683E+0	20.861353E+0	1.427463E+3	79.651473E+0	41.935484E-3
194	4.389683E+0	20.861353E+0	1.427463E+3	79.651473E+0	41.935484E-3
195	4.393990E+0	20.861353E+0	1.427463E+3	79.651473E+0	41.935484E-3
196	4.393990E+0	20.452981E+0	1.417725E+3	80.891781E+0	41.935484E-3
197	3.998297E+0	20.452981E+0	1.417725E+3	80.891781E+0	41.935484E-3
198	4.000515E+0	20.452981E+0	1.417725E+3	80.891781E+0	41.935484E-3
199	4.000515E+0	20.452981E+0	1.417725E+3	80.891781E+0	41.935484E-3
200	4.033139E+0	20.679505E+0	1.423127E+3	83.941560E+0	41.935484E-3
201	4.434271E+0	20.679505E+0	1.423127E+3	83.941560E+0	41.935484E-3
202	4.435419E+0	20.679505E+0	1.423127E+3	83.941560E+0	41.935484E-3
203	4.435419E+0	20.679505E+0	1.423127E+3	83.941560E+0	41.935484E-3
204	4.242107E+0	21.043149E+0	1.431798E+3	81.335681E+0	41.935484E-3
205	4.645552E+0	21.043149E+0	1.431798E+3	81.335681E+0	41.935484E-3
206	4.645552E+0	21.043149E+0	1.431798E+3	81.335681E+0	41.935484E-3
207	4.578908E+0	21.043149E+0	1.431798E+3	81.335681E+0	41.935484E-3
208	4.578908E+0	21.197955E+0	1.435490E+3	82.148627E+0	41.935484E-3
209	4.581516E+0	21.197955E+0	1.435490E+3	82.148627E+0	41.935484E-3
210	4.984140E+0	21.197955E+0	1.435490E+3	82.148627E+0	41.935484E-3
211	4.729827E+0	21.197955E+0	1.435490E+3	82.148627E+0	41.935484E-3
212	4.729827E+0	21.191199E+0	1.435329E+3	82.828601E+0	41.935484E-3
213	4.716207E+0	21.191199E+0	1.435329E+3	82.828601E+0	41.935484E-3
214	4.732697E+0	21.191199E+0	1.435329E+3	82.828601E+0	41.935484E-3
215	4.735675E+0	21.191199E+0	1.435329E+3	82.828601E+0	41.935484E-3
216	4.735675E+0	21.071328E+0	1.432470E+3	84.665870E+0	41.935484E-3
217	4.738653E+0	21.071328E+0	1.432470E+3	84.665870E+0	41.935484E-3
218	4.448705E+0	21.071328E+0	1.432470E+3	84.665870E+0	41.935484E-3
219	4.638803E+0	21.071328E+0	1.432470E+3	84.665870E+0	41.935484E-3
220	4.638803E+0	21.162636E+0	1.434647E+3	83.729657E+0	41.935484E-3
221	4.641482E+0	21.162636E+0	1.434647E+3	83.729657E+0	41.935484E-3
222	4.909180E+0	21.162636E+0	1.434647E+3	83.729657E+0	41.935484E-3
223	4.732380E+0	21.162636E+0	1.434647E+3	83.729657E+0	41.935484E-3
224	4.732380E+0	21.124565E+0	1.433740E+3	82.620830E+0	41.935484E-3
225	4.735286E+0	21.124565E+0	1.433740E+3	82.620830E+0	41.935484E-3
226	4.627690E+0	21.124565E+0	1.433740E+3	82.620830E+0	41.935484E-3
227	4.709456E+0	21.124565E+0	1.433740E+3	82.620830E+0	41.935484E-3
228	4.712267E+0	21.135154E+0	1.433992E+3	82.270043E+0	41.935484E-3
229	4.745815E+0	21.135154E+0	1.433992E+3	82.270043E+0	41.935484E-3
230	4.727474E+0	21.135154E+0	1.433992E+3	82.270043E+0	41.935484E-3
231	4.730312E+0	21.135154E+0	1.433992E+3	82.270043E+0	41.935484E-3
232	4.733151E+0	21.215607E+0	1.435911E+3	80.400596E+0	41.935484E-3
233	4.733151E+0	21.215607E+0	1.435911E+3	80.400596E+0	41.935484E-3
234	4.811634E+0	21.215607E+0	1.435911E+3	80.400596E+0	41.935484E-3
235	4.814674E+0	21.215607E+0	1.435911E+3	80.400596E+0	41.935484E-3
236	4.817713E+0	21.196454E+0	1.435454E+3	80.469676E+0	41.935484E-3
237	4.765160E+0	21.196454E+0	1.435454E+3	80.469676E+0	41.935484E-3
238	4.806457E+0	21.196454E+0	1.435454E+3	80.469676E+0	41.935484E-3
239	4.809449E+0	21.196454E+0	1.435454E+3	80.469676E+0	41.935484E-3
240	4.812440E+0	21.085052E+0	1.432797E+3	82.538334E+0	41.935484E-3
241	4.812440E+0	21.085052E+0	1.432797E+3	82.538334E+0	41.935484E-3
242	4.571733E+0	21.085052E+0	1.432797E+3	82.538334E+0	41.935484E-3
243	4.720316E+0	21.085052E+0	1.432797E+3	82.538334E+0	41.935484E-3
244	4.723029E+0	21.088573E+0	1.432881E+3	82.118382E+0	41.935484E-3
245	4.723029E+0	21.088573E+0	1.432881E+3	82.118382E+0	41.935484E-3
246	4.731640E+0	21.088573E+0	1.432881E+3	82.118382E+0	41.935484E-3
247	4.731640E+0	21.088573E+0	1.432881E+3	82.118382E+0	41.935484E-3
248	4.734361E+0	20.975657E+0	1.430189E+3	83.204631E+0	41.935484E-3
249	4.737083E+0	20.975657E+0	1.430189E+3	83.204631E+0	41.935484E-3
250	4.487044E+0	20.975657E+0	1.430189E+3	83.204631E+0	41.935484E-3
251	4.487044E+0	20.975657E+0	1.430189E+3	83.204631E+0	41.935484E-3
252	4.645215E+0	21.108183E+0	1.433349E+3	83.272679E+0	41.935484E-3
253	4.647654E+0	21.108183E+0	1.433349E+3	83.272679E+0	41.935484E-3
254	5.034751E+0	21.108183E+0	1.433349E+3	83.272679E+0	41.935484E-3
255	5.021831E+0	21.108183E+0	1.433349E+3	83.272679E+0	41.935484E-3
256	4.775240E+0	21.129915E+0	1.433867E+3	83.212316E+0	41.935484E-3
257	4.841088E+0	21.129915E+0	1.433867E+3	83.212316E+0	41.935484E-3
258	4.800448E+0	21.129915E+0	1.433867E+3	83.212316E+0	41.935484E-3
259	4.803273E+0	21.129915E+0	1.433867E+3	83.212316E+0	41.935484E-3
260	4.806097E+0	21.096415E+0	1.433068E+3	83.676308E+0	41.935484E-3
261	4.806097E+0	21.096415E+0	1.433068E+3	83.676308E+0	41.935484E-3
262	4.711694E+0	21.096415E+0	1.433068E+3	83.676308E+0	41.935484E-3
263	4.784171E+0	21.096415E+0	1.433068E+3	83.676308E+0	41.935484E-3
264	4.786912E+0	21.133801E+0	1.433960E+3	83.283892E+0	41.935484E-3
265	4.786912E+0	21.133801E+0	1.433960E+3	83.283892E+0	41.935484E-3
266	4.826227E+0	21.133801E+0	1.433960E+3	83.283892E+0	41.935484E-3
267	4.829062E+0	21.133801E+0	1.433960E+3	83.283892E+0	41.935484E-3
268	4.831896E+0	21.118446E+0	1.433594E+3	83.171193E+0	41.935484E-3
269	4.831896E+0	21.118446E+0	1.433594E+3	83.171193E+0	41.935484E-3
270	4.823670E+0	21.118446E+0	1.433594E+3	83.171193E+0	41.935484E-3
271	4.826466E+0	21.118446E+0	1.433594E+3	83.171193E+0	41.935484E-3
272	4.826466E+0	21.116866E+0	1.433556E+3	82.957945E+0	41.935484E-3
273	4.827471E+0	21.116866E+0	1.433556E+3	82.957945E+0	41.935484E-3
274	4.827471E+0	21.116866E+0	1.433556E+3	82.957945E+0	41.935484E-3
275	4.833424E+0	21.116866E+0	1.433556E+3	82.957945E+0	41.935484E-3
276	4.836216E+0	21.118832E+0	1.433603E+3	82.558505E+0	41.935484E-3
277	4.839008E+0	21.118832E+0	1.433603E+3	82.558505E+0	41.935484E-3
278	4.847508E+0	21.118832E+0	1.433603E+3	82.558505E+0	41.935484E-3
279	4.846372E+0	21.118832E+0	1.433603E+3	82.558505E+0	41.935484E-3
280	4.849169E+0	21.119162E+0	1.433611E+3	82.301306E+0	41.935484E-3
281	4.851966E+0	21.119162E+0	1.433611E+3	82.301306E+0	41.935484E-3
282	4.857859E+0	21.119162E+0	1.433611E+3	82.301306E+0	41.935484E-3
283	4.860657E+0	21.119162E+0	1.433611E+3	82.301306E+0	41.935484E-3
284	4.863454E+0	21.120741E+0	1.433648E+3	82.152556E+0	41.935484E-3
285	4.863454E+0	21.120741E+0	1.433648E+3	82.152556E+0	41.935484E-3
286	4.870479E+0	21.120741E+0	1.433648E+3	82.152556E+0	41.935484E-3
287	4.873281E+0	21.120741E+0	1.433648E+3	82.152556E+0	41.935484E-3
288	4.873281E+0	21.118928E+0	1.433605E+3	81.932148E+0	41.935484E-3
289	4.876083E+0	21.118928E+0	1.433605E+3	81.932148E+0	41.935484E-3
290	4.873622E+0	21.118928E+0	1.433605E+3	81.932148E+0	41.935484E-3
291	4.882843E+0	21.118928E+0	1.433605E+3	81.932148E+0	41.935484E-3
292	4.882843E+0	21.122567E+0	1.433692E+3	82.251576E+0	41.935484E-3
293	4.885640E+0	21.122567E+0	1.433692E+3	82.251576E+0	41.935484E-3
294	4.899000E+0	21.122567E+0	1.433692E+3	82.251576E+0	41.935484E-3
295	4.894528E+0	21.122567E+0	1.433692E+3	82.251576E+0	41.935484E-3
296	4.900141E+0	21.125593E+0	1.433764E+3	82.521727E+0	41.935484E-3
297	4.911732E+0	21.125593E+0	1.433764E+3	82.521727E+0	41.935484E-3
298	4.911732E+0	21.125593E+0	1.433764E+3	82.521727E+0	41.935484E-3
299	4.911307E+0	21.125593E+0	1.433764E+3	82.521727E+0	41.935484E-3
300	4.911307E+0	21.125942E+0	1.433772E+3	83.038677E+0	41.935484E-3
301	4.914121E+0	21.125942E+0	1.433772E+3	83.038677E+0	41.935484E-3
302	4.920065E+0	21.125942E+0	1.433772E+3	83.038677E+0	41.935484E-3
303	4.922880E+0	21.125942E+0	1.433772E+3	83.038677E+0	41.935484E-3
304	4.922880E+0	21.130171E+0	1.433873E+3	83.057493E+0	41.935484E-3
305	4.940783E+0	21.130171E+0	1.433873E+3	83.057493E+0	41.935484E-3
306	4.935151E+0	21.130171E+0	1.433873E+3	83.057493E+0	41.935484E-3
307	4.935151E+0	21.130171E+0	1.433873E+3	83.057493E+0	41.935484E-3
308	4.937977E+0	21.119782E+0	1.433626E+3	83.316378E+0	41.935484E-3
309	4.913474E+0	21.119782E+0	1.433626E+3	83.316378E+0	41.935484E-3
310	4.913474E+0	21.119782E+0	1.433626E+3	83.316378E+0	41.935484E-3
311	4.937051E+0	21.119782E+0	1.433626E+3	83.316378E+0	41.935484E-3
312	4.942650E+0	21.120555E+0	1.433644E+3	83.383833E+0	41.935484E-3
313	4.942650E+0	21.120555E+0	1.433644E+3	83.383833E+0	41.935484E-3
314	6.148297E+0	21.120555E+0	1.433644E+3	83.383833E+0	41.935484E-3
315	7.351096E+0	21.120555E+0	1.433644E+3	83.383833E+0	41.935484E-3
316	7.351096E+0	21.125000E+0	1.433750E+3	83.266684E+0	41.935484E-3
317	8.953927E+0	21.125000E+0	1.433750E+3	83.266684E+0	41.935484E-3
318	10.956743E+0	21.125000E+0	1.433750E+3	83.266684E+0	41.935484E-3
319	16.162406E+0	21.125000E+0	1.433750E+3	83.266684E+0	41.935484E-3
320	16.162406E+0	21.116920E+0	1.433557E+3	83.330939E+0	41.935484E-3
321	19.365253E+0	21.116920E+0	1.433557E+3	83.330939E+0	41.935484E-3
322	22.968053E+0	21.116920E+0	1.433557E+3	83.330939E+0	41.935484E-3
323	26.970852E+0	21.116920E+0	1.433557E+3	83.330939E+0	41.935484E-3
324	31.373652E+0	21.150172E+0	1.434350E+3	83.649240E+0	41.935484E-3
325	40.000000E+0	21.150172E+0	1.434350E+3	83.649240E+0	41.935484E-3
326	40.000000E+0	21.150172E+0	1.434350E+3	83.649240E+0	41.935484E-3
327	40.000000E+0	21.150172E+0	1.434350E+3	83.649240E+0	41.935484E-3
328	40.000000E+0	20.837641E+0	1.426898E+3	82.615385E+0	41.935484E-3
329	40.000000E+0	20.837641E+0	1.426898E+3	82.615385E+0	41.935484E-3
330	40.000000E+0	20.837641E+0	1.426898E+3	82.615385E+0	41.935484E-3
331	40.000000E+0	20.837641E+0	1.426898E+3	82.615385E+0	41.935484E-3
332	40.000000E+0	18.833881E+0	1.379116E+3	83.232012E+0	41.935484E-3
333	39.599952E+0	18.833881E+0	1.379116E+3	83.232012E+0	41.935484E-3
334	39.599952E+0	18.833881E+0	1.379116E+3	83.232012E+0	41.935484E-3
335	39.999792E+0	18.833881E+0	1.379116E+3	83.232012E+0	41.935484E-3
336	39.999792E+0	15.288210E+0	1.294565E+3	82.521308E+0	41.935484E-3
337	40.000000E+0	15.288210E+0	1.294565E+3	82.521308E+0	41.935484E-3
338	39.600256E+0	15.288210E+0	1.294565E+3	82.521308E+0	41.935484E-3
339	38.400742E+0	15.288210E+0	1.294565E+3	82.521308E+0	41.935484E-3
340	38.400742E+0	11.512679E+0	1.204533E+3	82.774558E+0	41.935484E-3
341	38.001026E+0	11.512679E+0	1.204533E+3	82.774558E+0	41.935484E-3
342	37.201000E+0	11.512679E+0	1.204533E+3	82.774558E+0	41.935484E-3
343	36.001150E+0	11.512679E+0	1.204533E+3	82.774558E+0	41.935484E-3
344	35.201300E+0	11.512679E+0	1.204533E+3	82.774558E+0	41.935484E-3
345	35.201300E+0	7.695200E+0	1.113501E+3	86.537061E+0	41.935484E-3
346	34.001744E+0	7.695200E+0	1.113501E+3	86.537061E+0	41.935484E-3
347	34.001744E+0	7.695200E+0	1.113501E+3	86.537061E+0	41.935484E-3
348	32.801990E+0	3.945858E+0	1.024094E+3	85.229807E+0	41.935484E-3
349	30.802466E+0	3.945858E+0	1.024094E+3	85.229807E+0	41.935484E-3
350	30.802466E+0	3.945858E+0	1.024094E+3	85.229807E+0	41.935484E-3
351	28.002926E+0	3.945858E+0	1.024094E+3	85.229807E+0	41.935484E-3
352	27.203156E+0	405.083010E-3	939.659672E+0	83.367501E+0	41.935484E-3
353	27.203156E+0	405.083010E-3	939.659672E+0	83.367501E+0	41.935484E-3
354	26.003402E+0	405.083010E-3	939.659672E+0	83.367501E+0	41.935484E-3
355	24.804006E+0	405.083010E-3	939.659672E+0	83.367501E+0	41.935484E-3
356	24.804284E+0	-2.967098E+0	859.246116E+0	80.709185E+0	41.935484E-3
357	24.404546E+0	-2.967098E+0	859.246116E+0	80.709185E+0	41.935484E-3
358	24.404546E+0	-2.967098E+0	859.246116E+0	80.709185E+0	41.935484E-3
359	23.205086E+0	-2.967098E+0	859.246116E+0	80.709185E+0	41.935484E-3
360	23.205086E+0	-5.919691E+0	788.838143E+0	82.570829E+0	41.935484E-3
361	23.205332E+0	-5.919691E+0	788.838143E+0	82.570829E+0	41.935484E-3
362	22.005808E+0	-5.919691E+0	788.838143E+0	82.570829E+0	41.935484E-3
363	22.005808E+0	-5.919691E+0	788.838143E+0	82.570829E+0	41.935484E-3
364	20.006220E+0	-8.668910E+0	723.279844E+0	82.899587E+0	41.935484E-3
365	20.006220E+0	-8.668910E+0	723.279844E+0	82.899587E+0	41.935484E-3
366	18.806370E+0	-8.668910E+0	723.279844E+0	82.899587E+0	41.935484E-3
367	17.606766E+0	-8.668910E+0	723.279844E+0	82.899587E+0	41.935484E-3
368	17.606766E+0	-11.433496E+0	657.355101E+0	82.217676E+0	41.935484E-3
369	17.206970E+0	-11.433496E+0	657.355101E+0	82.217676E+0	41.935484E-3
370	16.407056E+0	-11.433496E+0	657.355101E+0	82.217676E+0	41.935484E-3
371	15.973248E+0	-11.433496E+0	657.355101E+0	82.217676E+0	41.935484E-3
372	15.939441E+0	-13.945787E+0	597.446617E+0	81.741015E+0	41.935484E-3
373	15.939441E+0	-13.945787E+0	597.446617E+0	81.741015E+0	41.935484E-3
374	15.505649E+0	-13.945787E+0	597.446617E+0	81.741015E+0	41.935484E-3
375	13.779009E+0	-13.945787E+0	597.446617E+0	81.741015E+0	41.935484E-3
376	13.779009E+0	-13.945787E+0	597.446617E+0	81.741015E+0	41.935484E-3
377	13.193359E+0	-16.237539E+0	542.797146E+0	79.607163E+0	41.935484E-3
378	12.700559E+0	-16.237539E+0	542.797146E+0	79.607163E+0	41.935484E-3
379	12.700559E+0	-16.237539E+0	542.797146E+0	79.607163E+0	41.935484E-3
380	11.807646E+0	-18.548980E+0	487.678158E+0	79.066120E+0	41.935484E-3
381	10.421676E+0	-18.548980E+0	487.678158E+0	79.066120E+0	41.935484E-3
382	10.421676E+0	-18.548980E+0	487.678158E+0	79.066120E+0	41.935484E-3
383	9.382100E+0	-18.548980E+0	487.678158E+0	79.066120E+0	41.935484E-3
384	9.462288E+0	-18.548980E+0	487.678158E+0	79.066120E+0	41.935484E-3
385	9.462288E+0	-20.803580E+0	433.914634E+0	78.791159E+0	41.935484E-3
386	9.563222E+0	-20.803580E+0	433.914634E+0	78.791159E+0	41.935484E-3
387	9.013697E+0	-20.803580E+0	433.914634E+0	78.791159E+0	41.935484E-3
388	8.064220E+0	-20.803580E+0	433.914634E+0	78.791159E+0	41.935484E-3
389	7.514775E+0	-22.674102E+0	389.309881E+0	77.410217E+0	41.935484E-3
390	6.565250E+0	-22.674102E+0	389.309881E+0	77.410217E+0	41.935484E-3
391	6.565250E+0	-22.674102E+0	389.309881E+0	77.410217E+0	41.935484E-3
392	5.792261E+0	-22.674102E+0	389.309881E+0	77.410217E+0	41.935484E-3
393	5.965377E+0	-24.174424E+0	353.532967E+0	76.117102E+0	41.935484E-3
394	5.965377E+0	-24.174424E+0	353.532967E+0	76.117102E+0	41.935484E-3
395	5.738508E+0	-24.174424E+0	353.532967E+0	76.117102E+0	41.935484E-3
396	5.111656E+0	-24.174424E+0	353.532967E+0	76.117102E+0	41.935484E-3
397	4.583778E+0	-25.735848E+0	316.299009E+0	74.943029E+0	41.935484E-3
398	4.455884E+0	-25.735848E+0	316.299009E+0	74.943029E+0	41.935484E-3
399	3.927958E+0	-25.735848E+0	316.299009E+0	74.943029E+0	41.935484E-3
400	3.139382E+0	-27.068862E+0	284.511745E+0	74.813423E+0	41.935484E-3
