lundi 9 mars 2020	15:25:43	Sampling Period : 50  ms		B&B alpha1

t	I1	I2	Alpha1	Alpha2	x	y	dotx	doty
0	0.000000E+0	37.257741E+0	1.818454E+3	85.330413E+0	41.935484E-3
1	0.000000E+0	37.257741E+0	1.818454E+3	85.330413E+0	41.935484E-3
2	0.000000E+0	37.257741E+0	1.818454E+3	85.330413E+0	41.935484E-3
3	0.000000E+0	37.258114E+0	1.818463E+3	86.279780E+0	41.935484E-3
4	0.000000E+0	37.258114E+0	1.818463E+3	86.279780E+0	41.935484E-3
5	0.000000E+0	37.258114E+0	1.818463E+3	86.279780E+0	41.935484E-3
6	0.000000E+0	37.259138E+0	1.818487E+3	87.294485E+0	41.935484E-3
7	0.000000E+0	37.259138E+0	1.818487E+3	87.294485E+0	41.935484E-3
8	0.000000E+0	37.259138E+0	1.818487E+3	87.294485E+0	41.935484E-3
9	0.000000E+0	37.259138E+0	1.818487E+3	87.294485E+0	41.935484E-3
10	0.000000E+0	37.259138E+0	1.818487E+3	87.294485E+0	41.935484E-3
11	0.000000E+0	37.266600E+0	1.818665E+3	88.020260E+0	41.935484E-3
12	0.000000E+0	37.266600E+0	1.818665E+3	88.020260E+0	41.935484E-3
13	0.000000E+0	37.266600E+0	1.818665E+3	88.020260E+0	41.935484E-3
14	13.036287E+0	37.266600E+0	1.818665E+3	88.020260E+0	41.935484E-3
15	13.122623E+0	37.260332E+0	1.818516E+3	88.246161E+0	41.935484E-3
16	13.204220E+0	37.260332E+0	1.818516E+3	88.246161E+0	41.935484E-3
17	13.290522E+0	37.260332E+0	1.818516E+3	88.246161E+0	41.935484E-3
18	13.376823E+0	37.260332E+0	1.818516E+3	88.246161E+0	41.935484E-3
19	13.463125E+0	37.622563E+0	1.827153E+3	88.535672E+0	41.935484E-3
20	13.822911E+0	37.622563E+0	1.827153E+3	88.535672E+0	41.935484E-3
21	13.911033E+0	37.622563E+0	1.827153E+3	88.535672E+0	41.935484E-3
22	13.999137E+0	37.622563E+0	1.827153E+3	88.535672E+0	41.935484E-3
23	14.087250E+0	38.020665E+0	1.836647E+3	87.590592E+0	41.935484E-3
24	14.475930E+0	38.020665E+0	1.836647E+3	87.590592E+0	41.935484E-3
25	14.566037E+0	38.020665E+0	1.836647E+3	87.590592E+0	41.935484E-3
26	14.656136E+0	38.020665E+0	1.836647E+3	87.590592E+0	41.935484E-3
27	14.746240E+0	37.278400E+0	1.818946E+3	88.563065E+0	41.935484E-3
28	14.275932E+0	37.278400E+0	1.818946E+3	88.563065E+0	41.935484E-3
29	14.362324E+0	37.278400E+0	1.818946E+3	88.563065E+0	41.935484E-3
30	14.448716E+0	37.278400E+0	1.818946E+3	88.563065E+0	41.935484E-3
31	14.535108E+0	36.055630E+0	1.789788E+3	87.769231E+0	41.935484E-3
32	13.698319E+0	36.055630E+0	1.789788E+3	87.769231E+0	41.935484E-3
33	13.778587E+0	36.055630E+0	1.789788E+3	87.769231E+0	41.935484E-3
34	13.858866E+0	36.055630E+0	1.789788E+3	87.769231E+0	41.935484E-3
35	13.939147E+0	34.516155E+0	1.753078E+3	85.584071E+0	41.935484E-3
36	12.857119E+0	34.516155E+0	1.753078E+3	85.584071E+0	41.935484E-3
37	12.929700E+0	34.516155E+0	1.753078E+3	85.584071E+0	41.935484E-3
38	13.002280E+0	34.516155E+0	1.753078E+3	85.584071E+0	41.935484E-3
39	13.074861E+0	32.881594E+0	1.714100E+3	84.293407E+0	41.935484E-3
40	11.913348E+0	32.881594E+0	1.714100E+3	84.293407E+0	41.935484E-3
41	11.977756E+0	32.881594E+0	1.714100E+3	84.293407E+0	41.935484E-3
42	12.042164E+0	32.881594E+0	1.714100E+3	84.293407E+0	41.935484E-3
43	12.106572E+0	31.303543E+0	1.676469E+3	83.687572E+0	41.935484E-3
44	10.979551E+0	31.303543E+0	1.676469E+3	83.687572E+0	41.935484E-3
45	11.036077E+0	31.303543E+0	1.676469E+3	83.687572E+0	41.935484E-3
46	11.092587E+0	31.303543E+0	1.676469E+3	83.687572E+0	41.935484E-3
47	11.149105E+0	29.741947E+0	1.639231E+3	84.094050E+0	41.935484E-3
48	10.026617E+0	29.741947E+0	1.639231E+3	84.094050E+0	41.935484E-3
49	10.075327E+0	29.741947E+0	1.639231E+3	84.094050E+0	41.935484E-3
50	10.124038E+0	29.741947E+0	1.639231E+3	84.094050E+0	41.935484E-3
51	10.172747E+0	28.188353E+0	1.602184E+3	83.947381E+0	41.935484E-3
52	9.048493E+0	28.188353E+0	1.602184E+3	83.947381E+0	41.935484E-3
53	9.089435E+0	28.188353E+0	1.602184E+3	83.947381E+0	41.935484E-3
54	9.130378E+0	28.188353E+0	1.602184E+3	83.947381E+0	41.935484E-3
55	9.171321E+0	26.545079E+0	1.562998E+3	84.792138E+0	41.935484E-3
56	7.971592E+0	26.545079E+0	1.562998E+3	84.792138E+0	41.935484E-3
57	8.004314E+0	26.545079E+0	1.562998E+3	84.792138E+0	41.935484E-3
58	8.037039E+0	26.545079E+0	1.562998E+3	84.792138E+0	41.935484E-3
59	8.069765E+0	24.914819E+0	1.524123E+3	86.369538E+0	41.935484E-3
60	6.871644E+0	24.914819E+0	1.524123E+3	86.369538E+0	41.935484E-3
61	6.896218E+0	24.914819E+0	1.524123E+3	86.369538E+0	41.935484E-3
62	6.920792E+0	24.914819E+0	1.524123E+3	86.369538E+0	41.935484E-3
63	6.945366E+0	23.364061E+0	1.487143E+3	85.019715E+0	41.935484E-3
64	5.799118E+0	23.364061E+0	1.487143E+3	85.019715E+0	41.935484E-3
65	5.815939E+0	23.364061E+0	1.487143E+3	85.019715E+0	41.935484E-3
66	5.832759E+0	23.364061E+0	1.487143E+3	85.019715E+0	41.935484E-3
67	5.849579E+0	22.155059E+0	1.458313E+3	83.100462E+0	41.935484E-3
68	4.953603E+0	22.155059E+0	1.458313E+3	83.100462E+0	41.935484E-3
69	4.964379E+0	22.155059E+0	1.458313E+3	83.100462E+0	41.935484E-3
70	4.975153E+0	22.155059E+0	1.458313E+3	83.100462E+0	41.935484E-3
71	4.985929E+0	21.250890E+0	1.436752E+3	86.099524E+0	41.935484E-3
72	4.314056E+0	21.250890E+0	1.436752E+3	86.099524E+0	41.935484E-3
73	4.320310E+0	21.250890E+0	1.436752E+3	86.099524E+0	41.935484E-3
74	4.326565E+0	21.250890E+0	1.436752E+3	86.099524E+0	41.935484E-3
75	4.332820E+0	21.044802E+0	1.431838E+3	85.705173E+0	41.935484E-3
76	4.183477E+0	21.044802E+0	1.431838E+3	85.705173E+0	41.935484E-3
77	4.188701E+0	21.044802E+0	1.431838E+3	85.705173E+0	41.935484E-3
78	4.193925E+0	21.044802E+0	1.431838E+3	85.705173E+0	41.935484E-3
79	4.199149E+0	20.588425E+0	1.420955E+3	87.598438E+0	41.935484E-3
80	3.859809E+0	20.588425E+0	1.420955E+3	87.598438E+0	41.935484E-3
81	3.862751E+0	20.588425E+0	1.420955E+3	87.598438E+0	41.935484E-3
82	3.865693E+0	20.588425E+0	1.420955E+3	87.598438E+0	41.935484E-3
83	3.868635E+0	19.977243E+0	1.406380E+3	86.690875E+0	41.935484E-3
84	3.410135E+0	19.977243E+0	1.406380E+3	86.690875E+0	41.935484E-3
85	3.410021E+0	19.977243E+0	1.406380E+3	86.690875E+0	41.935484E-3
86	3.409907E+0	19.977243E+0	1.406380E+3	86.690875E+0	41.935484E-3
87	3.409793E+0	19.490849E+0	1.394782E+3	84.450970E+0	41.935484E-3
88	3.042453E+0	19.490849E+0	1.394782E+3	84.450970E+0	41.935484E-3
89	3.039907E+0	19.490849E+0	1.394782E+3	84.450970E+0	41.935484E-3
90	3.037361E+0	19.490849E+0	1.394782E+3	84.450970E+0	41.935484E-3
91	3.034815E+0	19.064400E+0	1.384613E+3	83.026182E+0	41.935484E-3
92	2.710300E+0	19.064400E+0	1.384613E+3	83.026182E+0	41.935484E-3
93	2.705622E+0	19.064400E+0	1.384613E+3	83.026182E+0	41.935484E-3
94	2.700944E+0	19.064400E+0	1.384613E+3	83.026182E+0	41.935484E-3
95	2.696266E+0	18.843351E+0	1.379341E+3	82.402868E+0	41.935484E-3
96	2.524697E+0	18.843351E+0	1.379341E+3	82.402868E+0	41.935484E-3
97	2.518913E+0	18.843351E+0	1.379341E+3	82.402868E+0	41.935484E-3
98	2.513130E+0	18.843351E+0	1.379341E+3	82.402868E+0	41.935484E-3
99	2.507347E+0	18.654846E+0	1.374846E+3	82.658041E+0	41.935484E-3
100	2.359242E+0	18.654846E+0	1.374846E+3	82.658041E+0	41.935484E-3
101	2.352516E+0	18.654846E+0	1.374846E+3	82.658041E+0	41.935484E-3
102	2.345790E+0	18.654846E+0	1.374846E+3	82.658041E+0	41.935484E-3
103	2.339065E+0	18.445253E+0	1.369848E+3	85.042497E+0	41.935484E-3
104	2.174096E+0	18.445253E+0	1.369848E+3	85.042497E+0	41.935484E-3
105	2.166322E+0	18.445253E+0	1.369848E+3	85.042497E+0	41.935484E-3
106	2.158549E+0	18.445253E+0	1.369848E+3	85.042497E+0	41.935484E-3
107	2.150775E+0	18.373931E+0	1.368148E+3	86.095810E+0	41.935484E-3
108	2.089153E+0	18.373931E+0	1.368148E+3	86.095810E+0	41.935484E-3
109	2.081023E+0	18.373931E+0	1.368148E+3	86.095810E+0	41.935484E-3
110	2.072893E+0	18.373931E+0	1.368148E+3	86.095810E+0	41.935484E-3
111	2.064763E+0	18.535177E+0	1.371993E+3	85.244375E+0	41.935484E-3
112	2.178373E+0	18.535177E+0	1.371993E+3	85.244375E+0	41.935484E-3
113	2.171048E+0	18.535177E+0	1.371993E+3	85.244375E+0	41.935484E-3
114	2.163724E+0	18.535177E+0	1.371993E+3	85.244375E+0	41.935484E-3
115	2.156400E+0	18.806795E+0	1.378470E+3	87.259161E+0	41.935484E-3
116	2.354148E+0	18.806795E+0	1.378470E+3	87.259161E+0	41.935484E-3
117	2.348181E+0	18.806795E+0	1.378470E+3	87.259161E+0	41.935484E-3
118	2.342216E+0	18.806795E+0	1.378470E+3	87.259161E+0	41.935484E-3
119	2.336250E+0	19.008165E+0	1.383272E+3	86.189587E+0	41.935484E-3
120	2.482318E+0	19.008165E+0	1.383272E+3	86.189587E+0	41.935484E-3
121	2.477359E+0	19.008165E+0	1.383272E+3	86.189587E+0	41.935484E-3
122	2.472400E+0	19.008165E+0	1.383272E+3	86.189587E+0	41.935484E-3
123	2.467441E+0	19.377183E+0	1.392071E+3	85.742448E+0	41.935484E-3
124	2.741090E+0	19.377183E+0	1.392071E+3	85.742448E+0	41.935484E-3
125	2.737976E+0	19.377183E+0	1.392071E+3	85.742448E+0	41.935484E-3
126	2.734862E+0	19.377183E+0	1.392071E+3	85.742448E+0	41.935484E-3
127	2.731747E+0	19.838836E+0	1.403080E+3	84.541309E+0	41.935484E-3
128	3.077182E+0	19.838836E+0	1.403080E+3	84.541309E+0	41.935484E-3
129	3.076376E+0	19.838836E+0	1.403080E+3	84.541309E+0	41.935484E-3
130	3.075570E+0	19.838836E+0	1.403080E+3	84.541309E+0	41.935484E-3
131	3.074764E+0	20.435893E+0	1.417317E+3	85.785559E+0	41.935484E-3
132	3.524736E+0	20.435893E+0	1.417317E+3	85.785559E+0	41.935484E-3
133	3.526916E+0	20.435893E+0	1.417317E+3	85.785559E+0	41.935484E-3
134	3.529095E+0	20.435893E+0	1.417317E+3	85.785559E+0	41.935484E-3
135	3.531275E+0	21.006322E+0	1.430920E+3	85.754967E+0	41.935484E-3
136	3.964128E+0	21.006322E+0	1.430920E+3	85.754967E+0	41.935484E-3
137	3.969159E+0	21.006322E+0	1.430920E+3	85.754967E+0	41.935484E-3
138	3.974191E+0	21.006322E+0	1.430920E+3	85.754967E+0	41.935484E-3
139	3.979223E+0	21.379209E+0	1.439812E+3	84.673684E+0	41.935484E-3
140	4.265784E+0	21.379209E+0	1.439812E+3	84.673684E+0	41.935484E-3
141	4.272681E+0	21.379209E+0	1.439812E+3	84.673684E+0	41.935484E-3
142	4.279577E+0	21.379209E+0	1.439812E+3	84.673684E+0	41.935484E-3
143	4.286473E+0	22.138692E+0	1.457923E+3	83.513333E+0	41.935484E-3
144	4.866778E+0	22.138692E+0	1.457923E+3	83.513333E+0	41.935484E-3
145	4.877472E+0	22.138692E+0	1.457923E+3	83.513333E+0	41.935484E-3
146	4.888165E+0	22.138692E+0	1.457923E+3	83.513333E+0	41.935484E-3
147	4.898859E+0	23.055822E+0	1.479793E+3	84.488956E+0	41.935484E-3
148	5.601985E+0	23.055822E+0	1.479793E+3	84.488956E+0	41.935484E-3
149	5.617264E+0	23.055822E+0	1.479793E+3	84.488956E+0	41.935484E-3
150	5.632543E+0	23.055822E+0	1.479793E+3	84.488956E+0	41.935484E-3
151	5.647822E+0	24.069518E+0	1.503965E+3	83.550435E+0	41.935484E-3
152	6.428444E+0	24.069518E+0	1.503965E+3	83.550435E+0	41.935484E-3
153	6.448790E+0	24.069518E+0	1.503965E+3	83.550435E+0	41.935484E-3
154	6.469138E+0	24.069518E+0	1.503965E+3	83.550435E+0	41.935484E-3
155	6.489486E+0	25.021222E+0	1.526660E+3	86.834527E+0	41.935484E-3
156	7.228369E+0	25.021222E+0	1.526660E+3	86.834527E+0	41.935484E-3
157	7.253475E+0	25.021222E+0	1.526660E+3	86.834527E+0	41.935484E-3
158	7.278581E+0	25.021222E+0	1.526660E+3	86.834527E+0	41.935484E-3
159	7.303687E+0	25.825202E+0	1.545832E+3	83.864594E+0	41.935484E-3
160	7.935798E+0	25.825202E+0	1.545832E+3	83.864594E+0	41.935484E-3
161	7.964924E+0	25.825202E+0	1.545832E+3	83.864594E+0	41.935484E-3
162	7.994050E+0	25.825202E+0	1.545832E+3	83.864594E+0	41.935484E-3
163	8.023176E+0	26.631902E+0	1.565068E+3	85.658072E+0	41.935484E-3
164	8.661361E+0	26.631902E+0	1.565068E+3	85.658072E+0	41.935484E-3
165	8.694525E+0	26.631902E+0	1.565068E+3	85.658072E+0	41.935484E-3
166	8.727680E+0	26.631902E+0	1.565068E+3	85.658072E+0	41.935484E-3
167	8.760839E+0	27.324450E+0	1.581583E+3	86.424263E+0	41.935484E-3
168	9.316873E+0	27.324450E+0	1.581583E+3	86.424263E+0	41.935484E-3
169	9.353495E+0	27.324450E+0	1.581583E+3	86.424263E+0	41.935484E-3
170	9.390117E+0	27.324450E+0	1.581583E+3	86.424263E+0	41.935484E-3
171	9.426740E+0	27.956652E+0	1.596659E+3	88.042984E+0	41.935484E-3
172	9.940674E+0	27.956652E+0	1.596659E+3	88.042984E+0	41.935484E-3
173	9.980458E+0	27.956652E+0	1.596659E+3	88.042984E+0	41.935484E-3
174	9.980458E+0	27.956652E+0	1.596659E+3	88.042984E+0	41.935484E-3
175	10.060026E+0	28.385493E+0	1.606885E+3	88.160500E+0	41.935484E-3
176	10.423586E+0	28.385493E+0	1.606885E+3	88.160500E+0	41.935484E-3
177	10.465509E+0	28.385493E+0	1.606885E+3	88.160500E+0	41.935484E-3
178	10.507437E+0	28.385493E+0	1.606885E+3	88.160500E+0	41.935484E-3
179	10.549364E+0	28.587890E+0	1.611711E+3	87.699653E+0	41.935484E-3
180	10.744101E+0	28.587890E+0	1.611711E+3	87.699653E+0	41.935484E-3
181	10.787041E+0	28.587890E+0	1.611711E+3	87.699653E+0	41.935484E-3
182	10.829980E+0	28.587890E+0	1.611711E+3	87.699653E+0	41.935484E-3
183	10.872920E+0	28.680195E+0	1.613912E+3	86.414431E+0	41.935484E-3
184	10.915862E+0	28.680195E+0	1.613912E+3	86.414431E+0	41.935484E-3
185	11.028490E+0	28.680195E+0	1.613912E+3	86.414431E+0	41.935484E-3
186	11.071890E+0	28.680195E+0	1.613912E+3	86.414431E+0	41.935484E-3
187	11.115291E+0	28.807342E+0	1.616944E+3	85.767008E+0	41.935484E-3
188	11.254688E+0	28.807342E+0	1.616944E+3	85.767008E+0	41.935484E-3
189	11.298728E+0	28.807342E+0	1.616944E+3	85.767008E+0	41.935484E-3
190	11.342762E+0	28.807342E+0	1.616944E+3	85.767008E+0	41.935484E-3
191	11.386798E+0	28.807342E+0	1.616944E+3	85.767008E+0	41.935484E-3
192	11.430834E+0	28.950031E+0	1.620347E+3	84.278751E+0	41.935484E-3
193	11.582602E+0	28.950031E+0	1.620347E+3	84.278751E+0	41.935484E-3
194	11.627352E+0	28.950031E+0	1.620347E+3	84.278751E+0	41.935484E-3
195	11.672104E+0	28.820673E+0	1.617262E+3	85.980448E+0	41.935484E-3
196	11.619187E+0	28.820673E+0	1.617262E+3	85.980448E+0	41.935484E-3
197	11.663290E+0	28.820673E+0	1.617262E+3	85.980448E+0	41.935484E-3
198	11.707393E+0	28.820673E+0	1.617262E+3	85.980448E+0	41.935484E-3
199	11.751498E+0	28.932156E+0	1.619921E+3	86.465144E+0	41.935484E-3
200	11.879771E+0	28.932156E+0	1.619921E+3	86.465144E+0	41.935484E-3
201	11.924430E+0	28.932156E+0	1.619921E+3	86.465144E+0	41.935484E-3
202	11.969091E+0	28.932156E+0	1.619921E+3	86.465144E+0	41.935484E-3
203	11.969091E+0	28.947458E+0	1.620286E+3	87.192379E+0	41.935484E-3
204	12.069967E+0	28.947458E+0	1.620286E+3	87.192379E+0	41.935484E-3
205	12.114706E+0	28.947458E+0	1.620286E+3	87.192379E+0	41.935484E-3
206	12.159441E+0	28.947458E+0	1.620286E+3	87.192379E+0	41.935484E-3
207	12.204178E+0	28.947458E+0	1.620286E+3	87.192379E+0	41.935484E-3
208	12.248916E+0	28.958192E+0	1.620542E+3	87.208556E+0	41.935484E-3
209	12.301757E+0	28.958192E+0	1.620542E+3	87.208556E+0	41.935484E-3
210	12.346548E+0	28.958192E+0	1.620542E+3	87.208556E+0	41.935484E-3
211	12.391339E+0	28.958192E+0	1.620542E+3	87.208556E+0	41.935484E-3
212	12.436130E+0	28.958989E+0	1.620561E+3	87.506776E+0	41.935484E-3
213	12.481527E+0	28.958989E+0	1.620561E+3	87.506776E+0	41.935484E-3
214	12.526318E+0	28.958989E+0	1.620561E+3	87.506776E+0	41.935484E-3
215	12.571114E+0	28.942843E+0	1.620175E+3	88.007428E+0	41.935484E-3
216	12.603717E+0	28.942843E+0	1.620175E+3	88.007428E+0	41.935484E-3
217	12.648431E+0	28.942843E+0	1.620175E+3	88.007428E+0	41.935484E-3
218	12.693145E+0	28.942843E+0	1.620175E+3	88.007428E+0	41.935484E-3
219	12.737860E+0	28.942843E+0	1.620175E+3	88.007428E+0	41.935484E-3
220	12.782574E+0	28.972359E+0	1.620879E+3	87.521729E+0	41.935484E-3
221	12.849573E+0	28.972359E+0	1.620879E+3	87.521729E+0	41.935484E-3
222	12.894435E+0	28.972359E+0	1.620879E+3	87.521729E+0	41.935484E-3
223	12.939296E+0	28.972359E+0	1.620879E+3	87.521729E+0	41.935484E-3
224	12.984163E+0	28.946448E+0	1.620261E+3	87.259387E+0	41.935484E-3
225	13.009459E+0	28.946448E+0	1.620261E+3	87.259387E+0	41.935484E-3
226	13.054190E+0	28.946448E+0	1.620261E+3	87.259387E+0	41.935484E-3
227	13.098922E+0	28.960628E+0	1.620600E+3	86.457722E+0	41.935484E-3
228	13.154359E+0	28.960628E+0	1.620600E+3	86.457722E+0	41.935484E-3
229	13.199162E+0	28.960628E+0	1.620600E+3	86.457722E+0	41.935484E-3
230	13.243966E+0	28.960628E+0	1.620600E+3	86.457722E+0	41.935484E-3
231	13.288769E+0	28.960628E+0	1.620600E+3	86.457722E+0	41.935484E-3
232	13.333572E+0	28.947769E+0	1.620293E+3	86.388979E+0	41.935484E-3
233	13.368667E+0	28.947769E+0	1.620293E+3	86.388979E+0	41.935484E-3
234	13.413406E+0	28.947769E+0	1.620293E+3	86.388979E+0	41.935484E-3
235	13.458145E+0	28.947769E+0	1.620293E+3	86.388979E+0	41.935484E-3
236	13.458145E+0	28.952885E+0	1.620415E+3	85.932432E+0	41.935484E-3
237	13.551490E+0	28.952885E+0	1.620415E+3	85.932432E+0	41.935484E-3
238	13.596249E+0	28.952885E+0	1.620415E+3	85.932432E+0	41.935484E-3
239	13.641014E+0	28.952885E+0	1.620415E+3	85.932432E+0	41.935484E-3
240	13.685778E+0	28.970288E+0	1.620830E+3	85.806044E+0	41.935484E-3
241	13.743681E+0	28.970288E+0	1.620830E+3	85.806044E+0	41.935484E-3
242	13.788533E+0	28.970288E+0	1.620830E+3	85.806044E+0	41.935484E-3
243	13.833384E+0	28.970288E+0	1.620830E+3	85.806044E+0	41.935484E-3
244	13.878236E+0	28.996602E+0	1.621457E+3	85.902399E+0	41.935484E-3
245	13.942956E+0	28.996602E+0	1.621457E+3	85.902399E+0	41.935484E-3
246	13.987938E+0	28.996602E+0	1.621457E+3	85.902399E+0	41.935484E-3
247	14.032920E+0	28.996602E+0	1.621457E+3	85.902399E+0	41.935484E-3
248	14.077908E+0	29.003959E+0	1.621633E+3	86.336548E+0	41.935484E-3
249	14.128441E+0	29.003959E+0	1.621633E+3	86.336548E+0	41.935484E-3
250	14.173461E+0	29.003959E+0	1.621633E+3	86.336548E+0	41.935484E-3
251	14.218481E+0	29.003959E+0	1.621633E+3	86.336548E+0	41.935484E-3
252	14.263501E+0	28.997944E+0	1.621489E+3	86.901183E+0	41.935484E-3
253	14.303979E+0	28.997944E+0	1.621489E+3	86.901183E+0	41.935484E-3
254	14.348969E+0	28.997944E+0	1.621489E+3	86.901183E+0	41.935484E-3
255	14.393961E+0	28.997944E+0	1.621489E+3	86.901183E+0	41.935484E-3
256	14.438949E+0	28.997418E+0	1.621477E+3	87.435502E+0	41.935484E-3
257	14.483541E+0	28.997418E+0	1.621477E+3	87.435502E+0	41.935484E-3
258	14.528527E+0	28.997418E+0	1.621477E+3	87.435502E+0	41.935484E-3
259	14.573515E+0	28.997418E+0	1.621477E+3	87.435502E+0	41.935484E-3
260	14.618502E+0	29.092958E+0	1.623755E+3	86.535791E+0	41.935484E-3
261	14.735626E+0	29.092958E+0	1.623755E+3	86.535791E+0	41.935484E-3
262	14.781086E+0	29.092958E+0	1.623755E+3	86.535791E+0	41.935484E-3
263	14.826551E+0	29.092958E+0	1.623755E+3	86.535791E+0	41.935484E-3
264	14.872016E+0	28.905393E+0	1.619282E+3	86.487025E+0	41.935484E-3
265	14.775871E+0	28.905393E+0	1.619282E+3	86.487025E+0	41.935484E-3
266	14.820396E+0	28.905393E+0	1.619282E+3	86.487025E+0	41.935484E-3
267	14.864923E+0	28.905393E+0	1.619282E+3	86.487025E+0	41.935484E-3
268	14.909450E+0	29.035173E+0	1.622377E+3	86.823911E+0	41.935484E-3
269	15.051961E+0	29.035173E+0	1.622377E+3	86.823911E+0	41.935484E-3
270	15.097137E+0	29.035173E+0	1.622377E+3	86.823911E+0	41.935484E-3
271	15.142313E+0	29.035173E+0	1.622377E+3	86.823911E+0	41.935484E-3
272	15.187493E+0	29.040741E+0	1.622510E+3	86.592349E+0	41.935484E-3
273	15.236868E+0	29.040741E+0	1.622510E+3	86.592349E+0	41.935484E-3
274	15.282072E+0	29.040741E+0	1.622510E+3	86.592349E+0	41.935484E-3
275	15.327278E+0	29.040741E+0	1.622510E+3	86.592349E+0	41.935484E-3
276	15.372479E+0	29.035644E+0	1.622388E+3	86.011557E+0	41.935484E-3
277	15.413834E+0	29.035644E+0	1.622388E+3	86.011557E+0	41.935484E-3
278	15.459014E+0	29.035644E+0	1.622388E+3	86.011557E+0	41.935484E-3
279	15.504192E+0	29.035644E+0	1.622388E+3	86.011557E+0	41.935484E-3
280	15.549370E+0	29.042086E+0	1.622542E+3	85.495983E+0	41.935484E-3
281	15.599412E+0	29.042086E+0	1.622542E+3	85.495983E+0	41.935484E-3
282	15.644622E+0	29.042086E+0	1.622542E+3	85.495983E+0	41.935484E-3
283	15.689834E+0	29.042086E+0	1.622542E+3	85.495983E+0	41.935484E-3
284	15.735043E+0	29.046395E+0	1.622645E+3	85.320029E+0	41.935484E-3
285	15.783515E+0	29.046395E+0	1.622645E+3	85.320029E+0	41.935484E-3
286	15.828739E+0	29.046395E+0	1.622645E+3	85.320029E+0	41.935484E-3
287	15.873971E+0	29.046395E+0	1.622645E+3	85.320029E+0	41.935484E-3
288	15.919203E+0	29.050135E+0	1.622734E+3	84.979043E+0	41.935484E-3
289	15.967258E+0	29.050135E+0	1.622734E+3	84.979043E+0	41.935484E-3
290	16.012509E+0	29.050135E+0	1.622734E+3	84.979043E+0	41.935484E-3
291	16.057759E+0	29.050135E+0	1.622734E+3	84.979043E+0	41.935484E-3
292	16.103010E+0	29.046621E+0	1.622650E+3	85.647128E+0	41.935484E-3
293	16.145608E+0	29.046621E+0	1.622650E+3	85.647128E+0	41.935484E-3
294	16.190840E+0	29.046621E+0	1.622650E+3	85.647128E+0	41.935484E-3
295	16.236077E+0	29.046621E+0	1.622650E+3	85.647128E+0	41.935484E-3
296	16.281312E+0	29.043383E+0	1.622573E+3	86.037317E+0	41.935484E-3
297	16.324096E+0	29.043383E+0	1.622573E+3	86.037317E+0	41.935484E-3
298	16.369312E+0	29.043383E+0	1.622573E+3	86.037317E+0	41.935484E-3
299	16.414529E+0	29.043383E+0	1.622573E+3	86.037317E+0	41.935484E-3
300	16.459746E+0	29.048995E+0	1.622707E+3	86.906286E+0	41.935484E-3
301	16.509200E+0	29.048995E+0	1.622707E+3	86.906286E+0	41.935484E-3
302	16.554445E+0	29.048995E+0	1.622707E+3	86.906286E+0	41.935484E-3
303	16.599689E+0	29.048995E+0	1.622707E+3	86.906286E+0	41.935484E-3
304	16.644935E+0	29.055112E+0	1.622853E+3	87.291385E+0	41.935484E-3
305	16.694800E+0	29.055112E+0	1.622853E+3	87.291385E+0	41.935484E-3
306	16.740074E+0	29.055112E+0	1.622853E+3	87.291385E+0	41.935484E-3
307	16.785350E+0	29.055112E+0	1.622853E+3	87.291385E+0	41.935484E-3
308	16.830624E+0	29.080935E+0	1.623468E+3	87.380675E+0	41.935484E-3
309	16.895402E+0	29.080935E+0	1.623468E+3	87.380675E+0	41.935484E-3
310	16.940802E+0	29.080935E+0	1.623468E+3	87.380675E+0	41.935484E-3
311	16.986207E+0	29.080935E+0	1.623468E+3	87.380675E+0	41.935484E-3
312	17.031611E+0	29.090668E+0	1.623701E+3	86.733082E+0	41.935484E-3
313	17.084363E+0	29.090668E+0	1.623701E+3	86.733082E+0	41.935484E-3
314	17.129817E+0	29.090668E+0	1.623701E+3	86.733082E+0	41.935484E-3
315	40.000000E+0	29.090668E+0	1.623701E+3	86.733082E+0	41.935484E-3
316	37.063444E+0	29.093311E+0	1.623764E+3	86.513922E+0	41.935484E-3
317	37.065450E+0	29.093311E+0	1.623764E+3	86.513922E+0	41.935484E-3
318	37.065450E+0	29.093311E+0	1.623764E+3	86.513922E+0	41.935484E-3
319	37.065450E+0	29.093311E+0	1.623764E+3	86.513922E+0	41.935484E-3
320	37.065474E+0	29.319608E+0	1.629160E+3	85.572652E+0	41.935484E-3
321	37.236274E+0	29.319608E+0	1.629160E+3	85.572652E+0	41.935484E-3
322	37.236309E+0	29.319608E+0	1.629160E+3	85.572652E+0	41.935484E-3
323	37.236304E+0	29.319608E+0	1.629160E+3	85.572652E+0	41.935484E-3
324	37.236304E+0	28.187517E+0	1.602164E+3	84.461837E+0	41.935484E-3
325	36.381585E+0	28.187517E+0	1.602164E+3	84.461837E+0	41.935484E-3
326	36.381561E+0	28.187517E+0	1.602164E+3	84.461837E+0	41.935484E-3
327	36.381580E+0	28.187517E+0	1.602164E+3	84.461837E+0	41.935484E-3
328	36.381575E+0	24.826153E+0	1.522008E+3	84.686524E+0	41.935484E-3
329	33.843745E+0	24.826153E+0	1.522008E+3	84.686524E+0	41.935484E-3
330	33.843745E+0	24.826153E+0	1.522008E+3	84.686524E+0	41.935484E-3
331	33.843745E+0	24.826153E+0	1.522008E+3	84.686524E+0	41.935484E-3
332	33.843745E+0	21.145918E+0	1.434249E+3	84.820423E+0	41.935484E-3
333	31.065189E+0	21.145918E+0	1.434249E+3	84.820423E+0	41.935484E-3
334	31.065148E+0	21.145918E+0	1.434249E+3	84.820423E+0	41.935484E-3
335	31.065176E+0	21.145918E+0	1.434249E+3	84.820423E+0	41.935484E-3
336	31.065160E+0	17.392896E+0	1.344754E+3	85.145796E+0	41.935484E-3
337	28.231636E+0	17.392896E+0	1.344754E+3	85.145796E+0	41.935484E-3
338	28.231636E+0	17.392896E+0	1.344754E+3	85.145796E+0	41.935484E-3
339	28.231636E+0	17.392896E+0	1.344754E+3	85.145796E+0	41.935484E-3
340	28.231636E+0	13.808673E+0	1.259284E+3	86.534305E+0	41.935484E-3
341	25.525548E+0	13.808673E+0	1.259284E+3	86.534305E+0	41.935484E-3
342	25.525548E+0	13.808673E+0	1.259284E+3	86.534305E+0	41.935484E-3
343	25.525548E+0	13.808673E+0	1.259284E+3	86.534305E+0	41.935484E-3
344	25.525565E+0	10.583823E+0	1.182383E+3	87.865116E+0	41.935484E-3
345	23.090777E+0	10.583823E+0	1.182383E+3	87.865116E+0	41.935484E-3
346	23.090780E+0	10.583823E+0	1.182383E+3	87.865116E+0	41.935484E-3
347	23.090786E+0	10.583823E+0	1.182383E+3	87.865116E+0	41.935484E-3
348	23.090786E+0	7.465425E+0	1.108022E+3	87.575142E+0	41.935484E-3
349	20.736396E+0	7.465425E+0	1.108022E+3	87.575142E+0	41.935484E-3
350	20.736396E+0	7.465425E+0	1.108022E+3	87.575142E+0	41.935484E-3
351	20.736398E+0	7.465425E+0	1.108022E+3	87.575142E+0	41.935484E-3
352	20.736393E+0	4.521604E+0	1.037823E+3	87.956177E+0	41.935484E-3
353	18.513811E+0	4.521604E+0	1.037823E+3	87.956177E+0	41.935484E-3
354	18.513813E+0	4.521604E+0	1.037823E+3	87.956177E+0	41.935484E-3
355	18.513816E+0	4.521604E+0	1.037823E+3	87.956177E+0	41.935484E-3
356	18.513804E+0	1.791868E+0	972.729161E+0	88.226868E+0	41.935484E-3
357	16.452871E+0	1.791868E+0	972.729161E+0	88.226868E+0	41.935484E-3
358	16.452849E+0	1.791868E+0	972.729161E+0	88.226868E+0	41.935484E-3
359	16.452863E+0	1.791868E+0	972.729161E+0	88.226868E+0	41.935484E-3
360	16.452858E+0	-752.216217E-3	912.062536E+0	87.265852E+0	41.935484E-3
361	14.532077E+0	-752.216217E-3	912.062536E+0	87.265852E+0	41.935484E-3
362	14.628316E+0	-752.216217E-3	912.062536E+0	87.265852E+0	41.935484E-3
363	14.724555E+0	-752.216217E-3	912.062536E+0	87.265852E+0	41.935484E-3
364	14.820794E+0	-752.216217E-3	912.062536E+0	87.265852E+0	41.935484E-3
365	14.917036E+0	-3.132911E+0	855.292132E+0	87.755183E+0	41.935484E-3
366	13.215848E+0	-3.132911E+0	855.292132E+0	87.755183E+0	41.935484E-3
367	13.300183E+0	-3.132911E+0	855.292132E+0	87.755183E+0	41.935484E-3
368	13.384527E+0	-5.357351E+0	802.247790E+0	85.961602E+0	41.935484E-3
369	11.789403E+0	-5.357351E+0	802.247790E+0	85.961602E+0	41.935484E-3
370	11.862616E+0	-5.357351E+0	802.247790E+0	85.961602E+0	41.935484E-3
371	11.935829E+0	-5.357351E+0	802.247790E+0	85.961602E+0	41.935484E-3
372	12.009042E+0	-7.499351E+0	751.169324E+0	82.590230E+0	41.935484E-3
373	10.465046E+0	-7.499351E+0	751.169324E+0	82.590230E+0	41.935484E-3
374	10.527549E+0	-7.499351E+0	751.169324E+0	82.590230E+0	41.935484E-3
375	10.590055E+0	-7.499351E+0	751.169324E+0	82.590230E+0	41.935484E-3
376	10.652554E+0	-9.479359E+0	703.953742E+0	82.594335E+0	41.935484E-3
377	9.220152E+0	-9.479359E+0	703.953742E+0	82.594335E+0	41.935484E-3
378	9.272754E+0	-9.479359E+0	703.953742E+0	82.594335E+0	41.935484E-3
379	9.325359E+0	-9.479359E+0	703.953742E+0	82.594335E+0	41.935484E-3
380	9.377962E+0	-11.326267E+0	659.912102E+0	81.910828E+0	41.935484E-3
381	8.036154E+0	-11.326267E+0	659.912102E+0	81.910828E+0	41.935484E-3
382	8.079518E+0	-11.326267E+0	659.912102E+0	81.910828E+0	41.935484E-3
383	8.122887E+0	-11.326267E+0	659.912102E+0	81.910828E+0	41.935484E-3
384	8.166256E+0	-12.929875E+0	621.672215E+0	80.847375E+0	41.935484E-3
385	6.998902E+0	-12.929875E+0	621.672215E+0	80.847375E+0	41.935484E-3
386	7.034252E+0	-12.929875E+0	621.672215E+0	80.847375E+0	41.935484E-3
387	7.069602E+0	-12.929875E+0	621.672215E+0	80.847375E+0	41.935484E-3
388	7.104952E+0	-14.432084E+0	585.850301E+0	81.473473E+0	41.935484E-3
389	6.006135E+0	-14.432084E+0	585.850301E+0	81.473473E+0	41.935484E-3
390	6.033974E+0	-14.432084E+0	585.850301E+0	81.473473E+0	41.935484E-3
391	6.061814E+0	-14.432084E+0	585.850301E+0	81.473473E+0	41.935484E-3
392	6.089657E+0	-15.682812E+0	556.025258E+0	79.882032E+0	41.935484E-3
393	5.173194E+0	-15.682812E+0	556.025258E+0	79.882032E+0	41.935484E-3
394	5.194780E+0	-15.682812E+0	556.025258E+0	79.882032E+0	41.935484E-3
395	5.216367E+0	-15.682812E+0	556.025258E+0	79.882032E+0	41.935484E-3
396	5.237952E+0	-16.866441E+0	527.800264E+0	84.237418E+0	41.935484E-3
397	4.365898E+0	-16.866441E+0	527.800264E+0	84.237418E+0	41.935484E-3
398	4.381566E+0	-16.866441E+0	527.800264E+0	84.237418E+0	41.935484E-3
399	4.381566E+0	-16.866441E+0	527.800264E+0	84.237418E+0	41.935484E-3
400	4.412902E+0	-17.986750E+0	501.085200E+0	86.415684E+0	41.935484E-3
401	3.582736E+0	-17.986750E+0	501.085200E+0	86.415684E+0	41.935484E-3
402	3.592803E+0	-17.986750E+0	501.085200E+0	86.415684E+0	41.935484E-3
403	3.602869E+0	-17.986750E+0	501.085200E+0	86.415684E+0	41.935484E-3
404	3.612935E+0	-19.047742E+0	475.784625E+0	87.504271E+0	41.935484E-3
405	2.821953E+0	-19.047742E+0	475.784625E+0	87.504271E+0	41.935484E-3
406	2.826714E+0	-19.047742E+0	475.784625E+0	87.504271E+0	41.935484E-3
407	2.831475E+0	-19.047742E+0	475.784625E+0	87.504271E+0	41.935484E-3
408	2.836237E+0	-19.047742E+0	475.784625E+0	87.504271E+0	41.935484E-3
409	2.840998E+0	-19.845353E+0	456.764653E+0	87.771265E+0	41.935484E-3
410	2.243562E+0	-19.845353E+0	456.764653E+0	87.771265E+0	41.935484E-3
411	2.244335E+0	-19.845353E+0	456.764653E+0	87.771265E+0	41.935484E-3
412	2.245109E+0	-20.487926E+0	441.441775E+0	87.322781E+0	41.935484E-3
413	1.760740E+0	-20.487926E+0	441.441775E+0	87.322781E+0	41.935484E-3
414	1.758300E+0	-20.487926E+0	441.441775E+0	87.322781E+0	41.935484E-3
415	1.755861E+0	-20.487926E+0	441.441775E+0	87.322781E+0	41.935484E-3
416	1.753421E+0	-20.487926E+0	441.441775E+0	87.322781E+0	41.935484E-3
417	1.750981E+0	-21.027664E+0	428.571078E+0	85.402505E+0	41.935484E-3
418	1.341039E+0	-21.027664E+0	428.571078E+0	85.402505E+0	41.935484E-3
419	1.335900E+0	-21.027664E+0	428.571078E+0	85.402505E+0	41.935484E-3
420	1.330762E+0	-21.428096E+0	419.022333E+0	83.956910E+0	41.935484E-3
421	1.023298E+0	-21.428096E+0	419.022333E+0	83.956910E+0	41.935484E-3
422	1.016158E+0	-21.428096E+0	419.022333E+0	83.956910E+0	41.935484E-3
423	1.009017E+0	-21.428096E+0	419.022333E+0	83.956910E+0	41.935484E-3
424	1.001877E+0	-21.606521E+0	414.767572E+0	83.744143E+0	41.935484E-3
425	860.024785E-3	-21.606521E+0	414.767572E+0	83.744143E+0	41.935484E-3
426	851.992500E-3	-21.606521E+0	414.767572E+0	83.744143E+0	41.935484E-3
427	843.959894E-3	-21.606521E+0	414.767572E+0	83.744143E+0	41.935484E-3
428	835.927289E-3	-21.398945E+0	419.717468E+0	82.806846E+0	41.935484E-3
429	984.614084E-3	-21.398945E+0	419.717468E+0	82.806846E+0	41.935484E-3
430	977.620059E-3	-21.398945E+0	419.717468E+0	82.806846E+0	41.935484E-3
431	977.620059E-3	-21.398945E+0	419.717468E+0	82.806846E+0	41.935484E-3
432	963.630610E-3	-20.980976E+0	429.684407E+0	82.623705E+0	41.935484E-3
433	1.272202E+0	-20.980976E+0	429.684407E+0	82.623705E+0	41.935484E-3
434	1.267297E+0	-20.980976E+0	429.684407E+0	82.623705E+0	41.935484E-3
435	1.262392E+0	-20.980976E+0	429.684407E+0	82.623705E+0	41.935484E-3
436	1.257487E+0	-20.980976E+0	429.684407E+0	82.623705E+0	41.935484E-3
437	1.252583E+0	-20.431895E+0	442.777880E+0	84.423598E+0	41.935484E-3
438	1.662234E+0	-20.431895E+0	442.777880E+0	84.423598E+0	41.935484E-3
439	1.660074E+0	-20.431895E+0	442.777880E+0	84.423598E+0	41.935484E-3
440	1.657915E+0	-20.431895E+0	442.777880E+0	84.423598E+0	41.935484E-3
441	1.655755E+0	-19.722145E+0	459.702694E+0	84.270702E+0	41.935484E-3
442	2.189457E+0	-19.722145E+0	459.702694E+0	84.270702E+0	41.935484E-3
443	2.190847E+0	-19.722145E+0	459.702694E+0	84.270702E+0	41.935484E-3
444	2.192236E+0	-19.722145E+0	459.702694E+0	84.270702E+0	41.935484E-3
445	2.193625E+0	-19.109955E+0	474.301068E+0	83.467957E+0	41.935484E-3
446	2.657218E+0	-19.109955E+0	474.301068E+0	83.467957E+0	41.935484E-3
447	2.661668E+0	-19.109955E+0	474.301068E+0	83.467957E+0	41.935484E-3
448	2.666118E+0	-19.109955E+0	474.301068E+0	83.467957E+0	41.935484E-3
449	2.670568E+0	-18.318952E+0	493.163450E+0	83.807597E+0	41.935484E-3
450	3.272226E+0	-18.318952E+0	493.163450E+0	83.807597E+0	41.935484E-3
451	3.280631E+0	-18.318952E+0	493.163450E+0	83.807597E+0	41.935484E-3
452	3.289037E+0	-18.318952E+0	493.163450E+0	83.807597E+0	41.935484E-3
453	3.297443E+0	-17.565571E+0	511.128697E+0	83.723165E+0	41.935484E-3
454	3.874650E+0	-17.565571E+0	511.128697E+0	83.723165E+0	41.935484E-3
455	3.886822E+0	-17.565571E+0	511.128697E+0	83.723165E+0	41.935484E-3
456	3.898994E+0	-17.565571E+0	511.128697E+0	83.723165E+0	41.935484E-3
457	3.911166E+0	-16.884059E+0	527.380132E+0	83.690319E+0	41.935484E-3
458	4.437880E+0	-16.884059E+0	527.380132E+0	83.690319E+0	41.935484E-3
459	4.453459E+0	-16.884059E+0	527.380132E+0	83.690319E+0	41.935484E-3
460	4.469039E+0	-16.884059E+0	527.380132E+0	83.690319E+0	41.935484E-3
461	4.484618E+0	-16.259083E+0	542.283410E+0	83.641065E+0	41.935484E-3
462	4.972055E+0	-16.259083E+0	542.283410E+0	83.641065E+0	41.935484E-3
463	4.990760E+0	-16.259083E+0	542.283410E+0	83.641065E+0	41.935484E-3
464	5.009467E+0	-15.478742E+0	560.891538E+0	84.380665E+0	41.935484E-3
465	5.617327E+0	-15.478742E+0	560.891538E+0	84.380665E+0	41.935484E-3
466	5.639932E+0	-15.478742E+0	560.891538E+0	84.380665E+0	41.935484E-3
467	5.662539E+0	-15.478742E+0	560.891538E+0	84.380665E+0	41.935484E-3
468	5.685145E+0	-15.478742E+0	560.891538E+0	84.380665E+0	41.935484E-3
469	5.707751E+0	-14.741886E+0	578.462730E+0	84.031496E+0	41.935484E-3
470	6.286684E+0	-14.741886E+0	578.462730E+0	84.031496E+0	41.935484E-3
471	6.312975E+0	-14.741886E+0	578.462730E+0	84.031496E+0	41.935484E-3
472	6.339265E+0	-14.741886E+0	578.462730E+0	84.031496E+0	41.935484E-3
473	6.365556E+0	-14.005806E+0	596.015401E+0	83.863781E+0	41.935484E-3
474	6.947587E+0	-14.005806E+0	596.015401E+0	83.863781E+0	41.935484E-3
475	6.977559E+0	-14.005806E+0	596.015401E+0	83.863781E+0	41.935484E-3
476	7.007529E+0	-14.005806E+0	596.015401E+0	83.863781E+0	41.935484E-3
477	7.037503E+0	-13.226653E+0	614.595200E+0	83.593882E+0	41.935484E-3
478	7.655731E+0	-13.226653E+0	614.595200E+0	83.593882E+0	41.935484E-3
479	7.689597E+0	-13.226653E+0	614.595200E+0	83.593882E+0	41.935484E-3
480	7.723464E+0	-13.226653E+0	614.595200E+0	83.593882E+0	41.935484E-3
481	7.757331E+0	-12.305170E+0	636.569013E+0	85.158466E+0	41.935484E-3
482	8.486916E+0	-12.305170E+0	636.569013E+0	85.158466E+0	41.935484E-3
483	8.525391E+0	-12.305170E+0	636.569013E+0	85.158466E+0	41.935484E-3
484	8.563865E+0	-12.305170E+0	636.569013E+0	85.158466E+0	41.935484E-3
485	8.602341E+0	-11.481982E+0	656.198886E+0	84.617343E+0	41.935484E-3
486	9.262319E+0	-11.481982E+0	656.198886E+0	84.617343E+0	41.935484E-3
487	9.304910E+0	-11.481982E+0	656.198886E+0	84.617343E+0	41.935484E-3
488	9.347505E+0	-11.481982E+0	656.198886E+0	84.617343E+0	41.935484E-3
489	9.390091E+0	-10.783243E+0	672.861127E+0	84.460563E+0	41.935484E-3
490	9.960229E+0	-10.783243E+0	672.861127E+0	84.460563E+0	41.935484E-3
491	10.006312E+0	-10.783243E+0	672.861127E+0	84.460563E+0	41.935484E-3
492	10.052396E+0	-10.409642E+0	681.770073E+0	84.607524E+0	41.935484E-3
493	10.380549E+0	-10.409642E+0	681.770073E+0	84.607524E+0	41.935484E-3
494	10.428501E+0	-10.409642E+0	681.770073E+0	84.607524E+0	41.935484E-3
495	10.476454E+0	-10.409642E+0	681.770073E+0	84.607524E+0	41.935484E-3
496	10.524404E+0	-10.409642E+0	681.770073E+0	84.607524E+0	41.935484E-3
497	10.572356E+0	-10.650344E+0	676.030254E+0	84.881956E+0	41.935484E-3
498	10.438577E+0	-10.650344E+0	676.030254E+0	84.881956E+0	41.935484E-3
499	10.485325E+0	-10.650344E+0	676.030254E+0	84.881956E+0	41.935484E-3
500	10.532074E+0	-10.650344E+0	676.030254E+0	84.881956E+0	41.935484E-3
501	10.578827E+0	-11.243814E+0	661.878277E+0	84.602388E+0	41.935484E-3
502	10.177501E+0	-11.243814E+0	661.878277E+0	84.602388E+0	41.935484E-3
503	10.221282E+0	-11.243814E+0	661.878277E+0	84.602388E+0	41.935484E-3
504	10.265062E+0	-11.243814E+0	661.878277E+0	84.602388E+0	41.935484E-3
505	10.308846E+0	-11.916442E+0	645.838702E+0	85.371154E+0	41.935484E-3
506	9.844791E+0	-11.916442E+0	645.838702E+0	85.371154E+0	41.935484E-3
507	9.885209E+0	-11.916442E+0	645.838702E+0	85.371154E+0	41.935484E-3
508	9.925627E+0	-11.916442E+0	645.838702E+0	85.371154E+0	41.935484E-3
509	9.966045E+0	-12.642165E+0	628.532992E+0	84.845142E+0	41.935484E-3
510	9.458542E+0	-12.642165E+0	628.532992E+0	84.845142E+0	41.935484E-3
511	9.495331E+0	-12.642165E+0	628.532992E+0	84.845142E+0	41.935484E-3
512	9.532124E+0	-12.642165E+0	628.532992E+0	84.845142E+0	41.935484E-3
513	9.568909E+0	-13.403061E+0	610.388540E+0	82.767399E+0	41.935484E-3
514	9.031221E+0	-13.403061E+0	610.388540E+0	82.767399E+0	41.935484E-3
515	9.064207E+0	-13.403061E+0	610.388540E+0	82.767399E+0	41.935484E-3
516	9.097191E+0	-13.403061E+0	610.388540E+0	82.767399E+0	41.935484E-3
517	9.130175E+0	-14.048365E+0	595.000531E+0	81.370154E+0	41.935484E-3
518	8.675956E+0	-14.048365E+0	595.000531E+0	81.370154E+0	41.935484E-3
519	8.705714E+0	-14.048365E+0	595.000531E+0	81.370154E+0	41.935484E-3
520	8.735472E+0	-14.048365E+0	595.000531E+0	81.370154E+0	41.935484E-3
521	8.765230E+0	-14.683516E+0	579.854614E+0	82.589592E+0	41.935484E-3
522	8.315449E+0	-14.683516E+0	579.854614E+0	82.589592E+0	41.935484E-3
523	8.342032E+0	-14.683516E+0	579.854614E+0	82.589592E+0	41.935484E-3
524	8.368614E+0	-14.683516E+0	579.854614E+0	82.589592E+0	41.935484E-3
525	8.395200E+0	-15.310367E+0	564.906627E+0	80.885431E+0	41.935484E-3
526	7.948507E+0	-15.310367E+0	564.906627E+0	80.885431E+0	41.935484E-3
527	7.971955E+0	-15.310367E+0	564.906627E+0	80.885431E+0	41.935484E-3
528	7.995403E+0	-15.310367E+0	564.906627E+0	80.885431E+0	41.935484E-3
529	8.018851E+0	-16.074689E+0	546.680503E+0	82.803160E+0	41.935484E-3
530	7.465237E+0	-16.074689E+0	546.680503E+0	82.803160E+0	41.935484E-3
531	7.484863E+0	-16.074689E+0	546.680503E+0	82.803160E+0	41.935484E-3
532	7.504490E+0	-16.074689E+0	546.680503E+0	82.803160E+0	41.935484E-3
533	7.524117E+0	-16.972120E+0	525.280226E+0	82.391725E+0	41.935484E-3
534	6.866183E+0	-16.972120E+0	525.280226E+0	82.391725E+0	41.935484E-3
535	6.881323E+0	-16.972120E+0	525.280226E+0	82.391725E+0	41.935484E-3
536	6.896463E+0	-16.972120E+0	525.280226E+0	82.391725E+0	41.935484E-3
537	6.911601E+0	-18.023644E+0	500.205407E+0	84.888440E+0	41.935484E-3
538	6.132839E+0	-18.023644E+0	500.205407E+0	84.888440E+0	41.935484E-3
539	6.142721E+0	-18.023644E+0	500.205407E+0	84.888440E+0	41.935484E-3
540	6.152603E+0	-18.023644E+0	500.205407E+0	84.888440E+0	41.935484E-3
541	6.162485E+0	-19.155519E+0	473.214550E+0	85.212866E+0	41.935484E-3
542	5.317801E+0	-19.155519E+0	473.214550E+0	85.212866E+0	41.935484E-3
543	5.322023E+0	-19.155519E+0	473.214550E+0	85.212866E+0	41.935484E-3
544	5.326246E+0	-19.155519E+0	473.214550E+0	85.212866E+0	41.935484E-3
545	5.330468E+0	-20.101894E+0	450.647141E+0	85.011855E+0	41.935484E-3
546	4.620178E+0	-20.101894E+0	450.647141E+0	85.011855E+0	41.935484E-3
547	4.619668E+0	-20.101894E+0	450.647141E+0	85.011855E+0	41.935484E-3
548	4.619159E+0	-20.101894E+0	450.647141E+0	85.011855E+0	41.935484E-3
549	4.618649E+0	-21.162464E+0	425.356632E+0	83.515999E+0	41.935484E-3
550	3.817410E+0	-21.162464E+0	425.356632E+0	83.515999E+0	41.935484E-3
551	3.811598E+0	-21.162464E+0	425.356632E+0	83.515999E+0	41.935484E-3
552	3.805785E+0	-21.162464E+0	425.356632E+0	83.515999E+0	41.935484E-3
553	3.799973E+0	-22.082846E+0	403.409061E+0	82.070286E+0	41.935484E-3
554	3.099272E+0	-22.082846E+0	403.409061E+0	82.070286E+0	41.935484E-3
555	3.088858E+0	-22.082846E+0	403.409061E+0	82.070286E+0	41.935484E-3
556	3.078444E+0	-22.082846E+0	403.409061E+0	82.070286E+0	41.935484E-3
557	3.068030E+0	-22.893139E+0	384.086684E+0	81.264109E+0	41.935484E-3
558	2.445844E+0	-22.893139E+0	384.086684E+0	81.264109E+0	41.935484E-3
559	2.431378E+0	-22.893139E+0	384.086684E+0	81.264109E+0	41.935484E-3
560	2.416911E+0	-22.893139E+0	384.086684E+0	81.264109E+0	41.935484E-3
561	2.402447E+0	-23.483308E+0	370.013421E+0	81.452512E+0	41.935484E-3
562	1.942404E+0	-23.483308E+0	370.013421E+0	81.452512E+0	41.935484E-3
563	1.924987E+0	-23.483308E+0	370.013421E+0	81.452512E+0	41.935484E-3
564	1.907570E+0	-23.483308E+0	370.013421E+0	81.452512E+0	41.935484E-3
565	1.890153E+0	-23.954860E+0	358.768721E+0	81.453280E+0	41.935484E-3
566	1.516716E+0	-23.954860E+0	358.768721E+0	81.453280E+0	41.935484E-3
567	1.496941E+0	-23.954860E+0	358.768721E+0	81.453280E+0	41.935484E-3
568	1.477167E+0	-23.954860E+0	358.768721E+0	81.453280E+0	41.935484E-3
569	1.457393E+0	-23.846458E+0	361.353682E+0	81.105297E+0	41.935484E-3
570	1.519462E+0	-23.846458E+0	361.353682E+0	81.105297E+0	41.935484E-3
571	1.500230E+0	-23.846458E+0	361.353682E+0	81.105297E+0	41.935484E-3
572	1.480997E+0	-23.846458E+0	361.353682E+0	81.105297E+0	41.935484E-3
573	1.461763E+0	-23.327552E+0	373.727600E+0	82.048398E+0	41.935484E-3
574	1.834307E+0	-23.327552E+0	373.727600E+0	82.048398E+0	41.935484E-3
575	1.817668E+0	-23.327552E+0	373.727600E+0	82.048398E+0	41.935484E-3
576	1.801031E+0	-23.327552E+0	373.727600E+0	82.048398E+0	41.935484E-3
577	1.784393E+0	-22.642454E+0	390.064557E+0	80.973734E+0	41.935484E-3
578	2.285005E+0	-22.642454E+0	390.064557E+0	80.973734E+0	41.935484E-3
579	2.271792E+0	-22.642454E+0	390.064557E+0	80.973734E+0	41.935484E-3
580	2.258580E+0	-22.642454E+0	390.064557E+0	80.973734E+0	41.935484E-3
581	2.245368E+0	-21.823374E+0	409.596461E+0	81.684943E+0	41.935484E-3
582	2.850561E+0	-21.823374E+0	409.596461E+0	81.684943E+0	41.935484E-3
583	2.841444E+0	-21.823374E+0	409.596461E+0	81.684943E+0	41.935484E-3
584	2.832326E+0	-21.823374E+0	409.596461E+0	81.684943E+0	41.935484E-3
585	2.823210E+0	-20.904405E+0	431.510345E+0	82.949925E+0	41.935484E-3
586	3.507915E+0	-20.904405E+0	431.510345E+0	82.949925E+0	41.935484E-3
587	3.503393E+0	-20.904405E+0	431.510345E+0	82.949925E+0	41.935484E-3
588	3.498871E+0	-20.904405E+0	431.510345E+0	82.949925E+0	41.935484E-3
589	3.494349E+0	-19.972723E+0	453.727364E+0	81.961100E+0	41.935484E-3
590	4.193246E+0	-19.972723E+0	453.727364E+0	81.961100E+0	41.935484E-3
591	4.193383E+0	-19.972723E+0	453.727364E+0	81.961100E+0	41.935484E-3
592	4.193519E+0	-19.972723E+0	453.727364E+0	81.961100E+0	41.935484E-3
593	4.193656E+0	-19.232238E+0	471.385101E+0	83.492517E+0	41.935484E-3
594	4.752859E+0	-19.232238E+0	471.385101E+0	83.492517E+0	41.935484E-3
595	4.756698E+0	-19.232238E+0	471.385101E+0	83.492517E+0	41.935484E-3
596	4.760536E+0	-19.232238E+0	471.385101E+0	83.492517E+0	41.935484E-3
597	4.764376E+0	-18.451366E+0	490.005893E+0	84.061414E+0	41.935484E-3
598	5.357772E+0	-18.451366E+0	490.005893E+0	84.061414E+0	41.935484E-3
599	5.365515E+0	-18.451366E+0	490.005893E+0	84.061414E+0	41.935484E-3
600	5.373258E+0	-18.451366E+0	490.005893E+0	84.061414E+0	41.935484E-3
601	5.381001E+0	-17.784085E+0	505.917968E+0	83.304570E+0	41.935484E-3
602	5.892541E+0	-17.784085E+0	505.917968E+0	83.304570E+0	41.935484E-3
603	5.903621E+0	-17.784085E+0	505.917968E+0	83.304570E+0	41.935484E-3
604	5.914700E+0	-17.784085E+0	505.917968E+0	83.304570E+0	41.935484E-3
605	5.925780E+0	-17.228507E+0	519.166370E+0	84.368608E+0	41.935484E-3
606	6.356321E+0	-17.228507E+0	519.166370E+0	84.368608E+0	41.935484E-3
607	6.370178E+0	-17.228507E+0	519.166370E+0	84.368608E+0	41.935484E-3
608	6.384037E+0	-17.228507E+0	519.166370E+0	84.368608E+0	41.935484E-3
609	6.397893E+0	-16.879691E+0	527.484297E+0	86.494267E+0	41.935484E-3
610	6.675107E+0	-16.879691E+0	527.484297E+0	86.494267E+0	41.935484E-3
611	6.690709E+0	-16.879691E+0	527.484297E+0	86.494267E+0	41.935484E-3
612	6.706310E+0	-16.879691E+0	527.484297E+0	86.494267E+0	41.935484E-3
613	6.721912E+0	-16.728901E+0	531.080060E+0	84.938318E+0	41.935484E-3
614	-23.348640E+0	-16.728901E+0	531.080060E+0	84.938318E+0	41.935484E-3
615	-27.730327E+0	-16.728901E+0	531.080060E+0	84.938318E+0	41.935484E-3
616	-27.730313E+0	-16.728901E+0	531.080060E+0	84.938318E+0	41.935484E-3
617	-27.730320E+0	-16.941380E+0	526.013253E+0	83.413853E+0	41.935484E-3
618	-27.890742E+0	-16.941380E+0	526.013253E+0	83.413853E+0	41.935484E-3
619	-27.890742E+0	-16.941380E+0	526.013253E+0	83.413853E+0	41.935484E-3
620	-27.890742E+0	-16.941380E+0	526.013253E+0	83.413853E+0	41.935484E-3
621	-27.890760E+0	-17.053047E+0	523.350425E+0	83.316408E+0	41.935484E-3
622	-27.975032E+0	-17.053047E+0	523.350425E+0	83.316408E+0	41.935484E-3
623	-27.975047E+0	-17.053047E+0	523.350425E+0	83.316408E+0	41.935484E-3
624	-27.975054E+0	-17.053047E+0	523.350425E+0	83.316408E+0	41.935484E-3
625	-27.975058E+0	-17.053047E+0	523.350425E+0	83.316408E+0	41.935484E-3
626	-27.975043E+0	-14.949454E+0	573.513009E+0	79.643665E+0	41.935484E-3
627	-26.386838E+0	-14.949454E+0	573.513009E+0	79.643665E+0	41.935484E-3
628	-26.386835E+0	-14.949454E+0	573.513009E+0	79.643665E+0	41.935484E-3
629	-26.386842E+0	-11.229269E+0	662.225122E+0	80.033714E+0	41.935484E-3
630	-23.578098E+0	-11.229269E+0	662.225122E+0	80.033714E+0	41.935484E-3
631	-23.578098E+0	-11.229269E+0	662.225122E+0	80.033714E+0	41.935484E-3
632	-23.578114E+0	-11.229269E+0	662.225122E+0	80.033714E+0	41.935484E-3
633	-23.578083E+0	-11.229269E+0	662.225122E+0	80.033714E+0	41.935484E-3
634	-23.578098E+0	-7.272861E+0	756.570226E+0	83.291062E+0	41.935484E-3
635	-20.591016E+0	-7.272861E+0	756.570226E+0	83.291062E+0	41.935484E-3
636	-20.591005E+0	-7.272861E+0	756.570226E+0	83.291062E+0	41.935484E-3
637	-20.591010E+0	-3.407766E+0	848.737884E+0	86.904502E+0	41.935484E-3
638	-17.672861E+0	-3.407766E+0	848.737884E+0	86.904502E+0	41.935484E-3
639	-17.672866E+0	-3.407766E+0	848.737884E+0	86.904502E+0	41.935484E-3
640	-17.672863E+0	-3.407766E+0	848.737884E+0	86.904502E+0	41.935484E-3
641	-17.672863E+0	341.350991E-3	938.139908E+0	86.063360E+0	41.935484E-3
642	-14.842280E+0	341.350991E-3	938.139908E+0	86.063360E+0	41.935484E-3
643	-14.940573E+0	341.350991E-3	938.139908E+0	86.063360E+0	41.935484E-3
644	-15.038866E+0	341.350991E-3	938.139908E+0	86.063360E+0	41.935484E-3
645	-15.137173E+0	3.861156E+0	1.022074E+3	83.711468E+0	41.935484E-3
646	-12.578001E+0	3.861156E+0	1.022074E+3	83.711468E+0	41.935484E-3
647	-12.658697E+0	3.861156E+0	1.022074E+3	83.711468E+0	41.935484E-3
648	-12.739391E+0	3.861156E+0	1.022074E+3	83.711468E+0	41.935484E-3
649	-12.820085E+0	7.105955E+0	1.099450E+3	84.092155E+0	41.935484E-3
650	-10.450956E+0	7.105955E+0	1.099450E+3	84.092155E+0	41.935484E-3
651	-10.515427E+0	7.105955E+0	1.099450E+3	84.092155E+0	41.935484E-3
652	-10.579897E+0	7.105955E+0	1.099450E+3	84.092155E+0	41.935484E-3
653	-10.644367E+0	7.105955E+0	1.099450E+3	84.092155E+0	41.935484E-3
654	-10.708837E+0	10.084555E+0	1.170478E+3	86.595918E+0	41.935484E-3
655	-8.524467E+0	10.084555E+0	1.170478E+3	86.595918E+0	41.935484E-3
656	-8.574047E+0	10.084555E+0	1.170478E+3	86.595918E+0	41.935484E-3
657	-8.574047E+0	10.084555E+0	1.170478E+3	86.595918E+0	41.935484E-3
658	-8.673196E+0	12.870007E+0	1.236900E+3	86.522607E+0	41.935484E-3
659	-6.619756E+0	12.870007E+0	1.236900E+3	86.522607E+0	41.935484E-3
660	-6.655407E+0	12.870007E+0	1.236900E+3	86.522607E+0	41.935484E-3
661	-6.691057E+0	15.604445E+0	1.302106E+3	86.613429E+0	41.935484E-3
662	-4.662206E+0	15.604445E+0	1.302106E+3	86.613429E+0	41.935484E-3
663	-4.684184E+0	15.604445E+0	1.302106E+3	86.613429E+0	41.935484E-3
664	-4.684184E+0	15.604445E+0	1.302106E+3	86.613429E+0	41.935484E-3
665	-4.728140E+0	18.139873E+0	1.362566E+3	87.022659E+0	41.935484E-3
666	-2.835869E+0	18.139873E+0	1.362566E+3	87.022659E+0	41.935484E-3
667	-2.845170E+0	18.139873E+0	1.362566E+3	87.022659E+0	41.935484E-3
668	-2.854472E+0	18.139873E+0	1.362566E+3	87.022659E+0	41.935484E-3
669	-2.863771E+0	18.139873E+0	1.362566E+3	87.022659E+0	41.935484E-3
670	-2.873072E+0	20.528999E+0	1.419538E+3	87.445696E+0	41.935484E-3
671	-1.078582E+0	20.528999E+0	1.419538E+3	87.445696E+0	41.935484E-3
672	-1.075937E+0	20.528999E+0	1.419538E+3	87.445696E+0	41.935484E-3
673	-1.073292E+0	22.722840E+0	1.471852E+3	84.996971E+0	41.935484E-3
674	585.702431E-3	22.722840E+0	1.471852E+3	84.996971E+0	41.935484E-3
675	599.317450E-3	22.722840E+0	1.471852E+3	84.996971E+0	41.935484E-3
676	612.931107E-3	22.722840E+0	1.471852E+3	84.996971E+0	41.935484E-3
677	626.545037E-3	22.722840E+0	1.471852E+3	84.996971E+0	41.935484E-3
678	640.159239E-3	24.950961E+0	1.524984E+3	84.816533E+0	41.935484E-3
679	2.336005E+0	24.950961E+0	1.524984E+3	84.816533E+0	41.935484E-3
680	2.360762E+0	24.950961E+0	1.524984E+3	84.816533E+0	41.935484E-3
681	2.385514E+0	24.950961E+0	1.524984E+3	84.816533E+0	41.935484E-3
682	2.410269E+0	27.048460E+0	1.575002E+3	86.548098E+0	41.935484E-3
683	4.018636E+0	27.048460E+0	1.575002E+3	86.548098E+0	41.935484E-3
684	4.053878E+0	27.048460E+0	1.575002E+3	86.548098E+0	41.935484E-3
685	4.089122E+0	28.927018E+0	1.619798E+3	85.907276E+0	41.935484E-3
686	5.542674E+0	28.927018E+0	1.619798E+3	85.907276E+0	41.935484E-3
687	5.587309E+0	28.927018E+0	1.619798E+3	85.907276E+0	41.935484E-3
688	5.631944E+0	28.927018E+0	1.619798E+3	85.907276E+0	41.935484E-3
689	5.676586E+0	28.927018E+0	1.619798E+3	85.907276E+0	41.935484E-3
690	5.721215E+0	30.762343E+0	1.663564E+3	85.216692E+0	41.935484E-3
691	7.151519E+0	30.762343E+0	1.663564E+3	85.216692E+0	41.935484E-3
692	7.205331E+0	30.762343E+0	1.663564E+3	85.216692E+0	41.935484E-3
693	7.259148E+0	30.762343E+0	1.663564E+3	85.216692E+0	41.935484E-3
694	7.312954E+0	32.399312E+0	1.702599E+3	84.811210E+0	41.935484E-3
695	8.602681E+0	32.399312E+0	1.702599E+3	84.811210E+0	41.935484E-3
696	8.664675E+0	32.399312E+0	1.702599E+3	84.811210E+0	41.935484E-3
697	8.726670E+0	32.399312E+0	1.702599E+3	84.811210E+0	41.935484E-3
698	8.788668E+0	33.885027E+0	1.738028E+3	87.830643E+0	41.935484E-3
699	9.972381E+0	33.885027E+0	1.738028E+3	87.830643E+0	41.935484E-3
700	10.041805E+0	33.885027E+0	1.738028E+3	87.830643E+0	41.935484E-3
701	10.111230E+0	33.885027E+0	1.738028E+3	87.830643E+0	41.935484E-3
702	10.180655E+0	35.041133E+0	1.765596E+3	84.941315E+0	41.935484E-3
703	11.122940E+0	35.041133E+0	1.765596E+3	84.941315E+0	41.935484E-3
704	11.198146E+0	35.041133E+0	1.765596E+3	84.941315E+0	41.935484E-3
705	11.273362E+0	35.041133E+0	1.765596E+3	84.941315E+0	41.935484E-3
706	11.348557E+0	35.666086E+0	1.780499E+3	84.341314E+0	41.935484E-3
707	11.895602E+0	35.666086E+0	1.780499E+3	84.341314E+0	41.935484E-3
708	11.973933E+0	35.666086E+0	1.780499E+3	84.341314E+0	41.935484E-3
709	12.052263E+0	35.838226E+0	1.784604E+3	85.693320E+0	41.935484E-3
710	12.260559E+0	35.838226E+0	1.784604E+3	85.693320E+0	41.935484E-3
711	12.339749E+0	35.838226E+0	1.784604E+3	85.693320E+0	41.935484E-3
712	12.418942E+0	35.838226E+0	1.784604E+3	85.693320E+0	41.935484E-3
713	12.498133E+0	35.838226E+0	1.784604E+3	85.693320E+0	41.935484E-3
714	12.577324E+0	35.743979E+0	1.782356E+3	88.058171E+0	41.935484E-3
715	12.585362E+0	35.743979E+0	1.782356E+3	88.058171E+0	41.935484E-3
716	12.664077E+0	35.743979E+0	1.782356E+3	88.058171E+0	41.935484E-3
717	12.742806E+0	35.743979E+0	1.782356E+3	88.058171E+0	41.935484E-3
718	12.821518E+0	35.411632E+0	1.774431E+3	86.348615E+0	41.935484E-3
719	12.649316E+0	35.411632E+0	1.774431E+3	86.348615E+0	41.935484E-3
720	12.726374E+0	35.411632E+0	1.774431E+3	86.348615E+0	41.935484E-3
721	12.803431E+0	35.411632E+0	1.774431E+3	86.348615E+0	41.935484E-3
722	12.880489E+0	35.011068E+0	1.764879E+3	83.787442E+0	41.935484E-3
723	12.655121E+0	35.011068E+0	1.764879E+3	83.787442E+0	41.935484E-3
724	12.730176E+0	35.011068E+0	1.764879E+3	83.787442E+0	41.935484E-3
725	12.805235E+0	35.011068E+0	1.764879E+3	83.787442E+0	41.935484E-3
726	12.880287E+0	34.273052E+0	1.747280E+3	84.107195E+0	41.935484E-3
727	12.398141E+0	34.273052E+0	1.747280E+3	84.107195E+0	41.935484E-3
728	12.469513E+0	34.273052E+0	1.747280E+3	84.107195E+0	41.935484E-3
729	12.540871E+0	34.273052E+0	1.747280E+3	84.107195E+0	41.935484E-3
730	12.612236E+0	33.320071E+0	1.724556E+3	83.534419E+0	41.935484E-3
731	11.964101E+0	33.320071E+0	1.724556E+3	83.534419E+0	41.935484E-3
732	12.030701E+0	33.320071E+0	1.724556E+3	83.534419E+0	41.935484E-3
733	12.097301E+0	33.320071E+0	1.724556E+3	83.534419E+0	41.935484E-3
734	12.163902E+0	32.356653E+0	1.701582E+3	85.766109E+0	41.935484E-3
735	11.503124E+0	32.356653E+0	1.701582E+3	85.766109E+0	41.935484E-3
736	11.564906E+0	32.356653E+0	1.701582E+3	85.766109E+0	41.935484E-3
737	11.626688E+0	32.356653E+0	1.701582E+3	85.766109E+0	41.935484E-3
738	11.688471E+0	31.473768E+0	1.680528E+3	86.784919E+0	41.935484E-3
739	11.083676E+0	31.473768E+0	1.680528E+3	86.784919E+0	41.935484E-3
740	11.141045E+0	31.473768E+0	1.680528E+3	86.784919E+0	41.935484E-3
741	11.198420E+0	31.473768E+0	1.680528E+3	86.784919E+0	41.935484E-3
742	11.255783E+0	30.715647E+0	1.662450E+3	91.203928E+0	41.935484E-3
743	10.740771E+0	30.715647E+0	1.662450E+3	91.203928E+0	41.935484E-3
744	10.794349E+0	30.715647E+0	1.662450E+3	91.203928E+0	41.935484E-3
745	10.847930E+0	30.715647E+0	1.662450E+3	91.203928E+0	41.935484E-3
746	10.901505E+0	30.026264E+0	1.646011E+3	90.259848E+0	41.935484E-3
747	10.434601E+0	30.026264E+0	1.646011E+3	90.259848E+0	41.935484E-3
748	10.484731E+0	30.026264E+0	1.646011E+3	90.259848E+0	41.935484E-3
749	10.534862E+0	30.026264E+0	1.646011E+3	90.259848E+0	41.935484E-3
750	10.584994E+0	29.119588E+0	1.624390E+3	88.475541E+0	41.935484E-3
751	9.950584E+0	29.119588E+0	1.624390E+3	88.475541E+0	41.935484E-3
752	9.996187E+0	29.119588E+0	1.624390E+3	88.475541E+0	41.935484E-3
753	10.041780E+0	29.119588E+0	1.624390E+3	88.475541E+0	41.935484E-3
754	10.087378E+0	28.154432E+0	1.601375E+3	84.876442E+0	41.935484E-3
755	9.404285E+0	28.154432E+0	1.601375E+3	84.876442E+0	41.935484E-3
756	9.445055E+0	28.154432E+0	1.601375E+3	84.876442E+0	41.935484E-3
757	9.485827E+0	28.154432E+0	1.601375E+3	84.876442E+0	41.935484E-3
758	9.526600E+0	27.075778E+0	1.575653E+3	84.841739E+0	41.935484E-3
759	8.752988E+0	27.075778E+0	1.575653E+3	84.841739E+0	41.935484E-3
760	8.788368E+0	27.075778E+0	1.575653E+3	84.841739E+0	41.935484E-3
761	8.823746E+0	27.075778E+0	1.575653E+3	84.841739E+0	41.935484E-3
762	8.859125E+0	25.938799E+0	1.548541E+3	81.416645E+0	41.935484E-3
763	8.036084E+0	25.938799E+0	1.548541E+3	81.416645E+0	41.935484E-3
764	8.065778E+0	25.938799E+0	1.548541E+3	81.416645E+0	41.935484E-3
765	8.095477E+0	25.938799E+0	1.548541E+3	81.416645E+0	41.935484E-3
766	8.125166E+0	24.944361E+0	1.524827E+3	79.513639E+0	41.935484E-3
767	7.404060E+0	24.944361E+0	1.524827E+3	79.513639E+0	41.935484E-3
768	7.428782E+0	24.944361E+0	1.524827E+3	79.513639E+0	41.935484E-3
769	7.453504E+0	24.944361E+0	1.524827E+3	79.513639E+0	41.935484E-3
770	7.478225E+0	23.902942E+0	1.499993E+3	82.158158E+0	41.935484E-3
771	6.716676E+0	23.902942E+0	1.499993E+3	82.158158E+0	41.935484E-3
772	6.736191E+0	23.902942E+0	1.499993E+3	82.158158E+0	41.935484E-3
773	6.755706E+0	23.902942E+0	1.499993E+3	82.158158E+0	41.935484E-3
774	6.775220E+0	22.828745E+0	1.474378E+3	80.285414E+0	41.935484E-3
775	5.983716E+0	22.828745E+0	1.474378E+3	80.285414E+0	41.935484E-3
776	5.997861E+0	22.828745E+0	1.474378E+3	80.285414E+0	41.935484E-3
777	6.012003E+0	22.828745E+0	1.474378E+3	80.285414E+0	41.935484E-3
778	6.026147E+0	21.850286E+0	1.451045E+3	84.246937E+0	41.935484E-3
779	5.301555E+0	21.850286E+0	1.451045E+3	84.246937E+0	41.935484E-3
780	5.310806E+0	21.850286E+0	1.451045E+3	84.246937E+0	41.935484E-3
781	5.320057E+0	21.850286E+0	1.451045E+3	84.246937E+0	41.935484E-3
782	5.329309E+0	21.300420E+0	1.437933E+3	85.551360E+0	41.935484E-3
783	4.923411E+0	21.300420E+0	1.437933E+3	85.551360E+0	41.935484E-3
784	4.929914E+0	21.300420E+0	1.437933E+3	85.551360E+0	41.935484E-3
785	4.936416E+0	21.300420E+0	1.437933E+3	85.551360E+0	41.935484E-3
786	4.942918E+0	20.537159E+0	1.419732E+3	85.219353E+0	41.935484E-3
787	4.373158E+0	20.537159E+0	1.419732E+3	85.219353E+0	41.935484E-3
788	4.375844E+0	20.537159E+0	1.419732E+3	85.219353E+0	41.935484E-3
789	4.378530E+0	20.537159E+0	1.419732E+3	85.219353E+0	41.935484E-3
790	4.381215E+0	19.801920E+0	1.402200E+3	83.807499E+0	41.935484E-3
791	3.828795E+0	19.801920E+0	1.402200E+3	83.807499E+0	41.935484E-3
792	3.827805E+0	19.801920E+0	1.402200E+3	83.807499E+0	41.935484E-3
793	3.826815E+0	19.801920E+0	1.402200E+3	83.807499E+0	41.935484E-3
794	3.825824E+0	19.035411E+0	1.383921E+3	85.744447E+0	41.935484E-3
795	3.246120E+0	19.035411E+0	1.383921E+3	85.744447E+0	41.935484E-3
796	3.241297E+0	19.035411E+0	1.383921E+3	85.744447E+0	41.935484E-3
797	3.236474E+0	19.035411E+0	1.383921E+3	85.744447E+0	41.935484E-3
798	3.231651E+0	18.415435E+0	1.369137E+3	87.312983E+0	41.935484E-3
799	2.758746E+0	18.415435E+0	1.369137E+3	87.312983E+0	41.935484E-3
800	2.750822E+0	18.415435E+0	1.369137E+3	87.312983E+0	41.935484E-3
801	2.742900E+0	18.415435E+0	1.369137E+3	87.312983E+0	41.935484E-3
802	2.734977E+0	17.918256E+0	1.357281E+3	87.051107E+0	41.935484E-3
803	2.351685E+0	17.918256E+0	1.357281E+3	87.051107E+0	41.935484E-3
804	2.341276E+0	17.918256E+0	1.357281E+3	87.051107E+0	41.935484E-3
805	2.330867E+0	17.918256E+0	1.357281E+3	87.051107E+0	41.935484E-3
806	2.320458E+0	17.497094E+0	1.347238E+3	85.809391E+0	41.935484E-3
807	1.992073E+0	17.497094E+0	1.347238E+3	85.809391E+0	41.935484E-3
808	1.979558E+0	17.497094E+0	1.347238E+3	85.809391E+0	41.935484E-3
809	1.967043E+0	17.497094E+0	1.347238E+3	85.809391E+0	41.935484E-3
810	1.954529E+0	17.305803E+0	1.342677E+3	83.510680E+0	41.935484E-3
811	1.797589E+0	17.305803E+0	1.342677E+3	83.510680E+0	41.935484E-3
812	1.784118E+0	17.305803E+0	1.342677E+3	83.510680E+0	41.935484E-3
813	1.770646E+0	17.305803E+0	1.342677E+3	83.510680E+0	41.935484E-3
814	1.757176E+0	17.280845E+0	1.342082E+3	83.470522E+0	41.935484E-3
815	1.724862E+0	17.280845E+0	1.342082E+3	83.470522E+0	41.935484E-3
816	1.711266E+0	17.280845E+0	1.342082E+3	83.470522E+0	41.935484E-3
817	1.697671E+0	17.280845E+0	1.342082E+3	83.470522E+0	41.935484E-3
818	1.684075E+0	17.311022E+0	1.342801E+3	82.752803E+0	41.935484E-3
819	1.693263E+0	17.311022E+0	1.342801E+3	82.752803E+0	41.935484E-3
820	1.679817E+0	17.311022E+0	1.342801E+3	82.752803E+0	41.935484E-3
821	1.666373E+0	17.311022E+0	1.342801E+3	82.752803E+0	41.935484E-3
822	1.652928E+0	17.510268E+0	1.347553E+3	84.156946E+0	41.935484E-3
823	1.789914E+0	17.510268E+0	1.347553E+3	84.156946E+0	41.935484E-3
824	1.777464E+0	17.510268E+0	1.347553E+3	84.156946E+0	41.935484E-3
825	1.765016E+0	17.510268E+0	1.347553E+3	84.156946E+0	41.935484E-3
826	1.752568E+0	17.882676E+0	1.356433E+3	86.510452E+0	41.935484E-3
827	2.021287E+0	17.882676E+0	1.356433E+3	86.510452E+0	41.935484E-3
828	2.010701E+0	17.882676E+0	1.356433E+3	86.510452E+0	41.935484E-3
829	2.000114E+0	17.882676E+0	1.356433E+3	86.510452E+0	41.935484E-3
830	1.989528E+0	18.329108E+0	1.367079E+3	84.807956E+0	41.935484E-3
831	2.315997E+0	18.329108E+0	1.367079E+3	84.807956E+0	41.935484E-3
832	2.307643E+0	18.329108E+0	1.367079E+3	84.807956E+0	41.935484E-3
833	2.299288E+0	18.329108E+0	1.367079E+3	84.807956E+0	41.935484E-3
834	2.290934E+0	18.908791E+0	1.380902E+3	83.732209E+0	41.935484E-3
835	2.720240E+0	18.908791E+0	1.380902E+3	83.732209E+0	41.935484E-3
836	2.714784E+0	18.908791E+0	1.380902E+3	83.732209E+0	41.935484E-3
837	2.709327E+0	18.908791E+0	1.380902E+3	83.732209E+0	41.935484E-3
838	2.703872E+0	19.626619E+0	1.398019E+3	84.900504E+0	41.935484E-3
839	3.240375E+0	19.626619E+0	1.398019E+3	84.900504E+0	41.935484E-3
840	3.238509E+0	19.626619E+0	1.398019E+3	84.900504E+0	41.935484E-3
841	3.236642E+0	19.626619E+0	1.398019E+3	84.900504E+0	41.935484E-3
842	3.234775E+0	20.411205E+0	1.416729E+3	84.422402E+0	41.935484E-3
843	3.825271E+0	20.411205E+0	1.416729E+3	84.422402E+0	41.935484E-3
844	3.827327E+0	20.411205E+0	1.416729E+3	84.422402E+0	41.935484E-3
845	3.829383E+0	20.411205E+0	1.416729E+3	84.422402E+0	41.935484E-3
846	3.831439E+0	21.222506E+0	1.436075E+3	85.193169E+0	41.935484E-3
847	4.446027E+0	21.222506E+0	1.436075E+3	85.193169E+0	41.935484E-3
848	4.452140E+0	21.222506E+0	1.436075E+3	85.193169E+0	41.935484E-3
849	4.452140E+0	21.222506E+0	1.436075E+3	85.193169E+0	41.935484E-3
850	4.464364E+0	21.827838E+0	1.450510E+3	85.868471E+0	41.935484E-3
851	4.927502E+0	21.827838E+0	1.450510E+3	85.868471E+0	41.935484E-3
852	4.936642E+0	21.827838E+0	1.450510E+3	85.868471E+0	41.935484E-3
853	4.945781E+0	21.827838E+0	1.450510E+3	85.868471E+0	41.935484E-3
854	4.954920E+0	22.730805E+0	1.472042E+3	84.333248E+0	41.935484E-3
855	5.645800E+0	22.730805E+0	1.472042E+3	84.333248E+0	41.935484E-3
856	5.659453E+0	22.730805E+0	1.472042E+3	84.333248E+0	41.935484E-3
857	5.673107E+0	22.730805E+0	1.472042E+3	84.333248E+0	41.935484E-3
858	5.686761E+0	23.661479E+0	1.494235E+3	86.557604E+0	41.935484E-3
859	6.403074E+0	23.661479E+0	1.494235E+3	86.557604E+0	41.935484E-3
860	6.421382E+0	23.661479E+0	1.494235E+3	86.557604E+0	41.935484E-3
861	6.439691E+0	23.661479E+0	1.494235E+3	86.557604E+0	41.935484E-3
862	6.457996E+0	24.616770E+0	1.517015E+3	85.432586E+0	41.935484E-3
863	7.197549E+0	24.616770E+0	1.517015E+3	85.432586E+0	41.935484E-3
864	7.220632E+0	24.616770E+0	1.517015E+3	85.432586E+0	41.935484E-3
865	7.243717E+0	24.616770E+0	1.517015E+3	85.432586E+0	41.935484E-3
866	7.266800E+0	25.496350E+0	1.537990E+3	83.551690E+0	41.935484E-3
867	7.953967E+0	25.496350E+0	1.537990E+3	83.551690E+0	41.935484E-3
868	7.981449E+0	25.496350E+0	1.537990E+3	83.551690E+0	41.935484E-3
869	8.008930E+0	25.496350E+0	1.537990E+3	83.551690E+0	41.935484E-3
870	8.036412E+0	25.496350E+0	1.537990E+3	83.551690E+0	41.935484E-3
871	8.063894E+0	25.992719E+0	1.549826E+3	84.399597E+0	41.935484E-3
872	8.466137E+0	25.992719E+0	1.549826E+3	84.399597E+0	41.935484E-3
873	8.496098E+0	25.992719E+0	1.549826E+3	84.399597E+0	41.935484E-3
874	8.526061E+0	26.488196E+0	1.561642E+3	82.195305E+0	41.935484E-3
875	8.930112E+0	26.488196E+0	1.561642E+3	82.195305E+0	41.935484E-3
876	8.962552E+0	26.488196E+0	1.561642E+3	82.195305E+0	41.935484E-3
877	8.994993E+0	26.488196E+0	1.561642E+3	82.195305E+0	41.935484E-3
878	9.027434E+0	26.488196E+0	1.561642E+3	82.195305E+0	41.935484E-3
879	9.059875E+0	27.052350E+0	1.575094E+3	85.835911E+0	41.935484E-3
880	9.518251E+0	27.052350E+0	1.575094E+3	85.835911E+0	41.935484E-3
881	9.553512E+0	27.052350E+0	1.575094E+3	85.835911E+0	41.935484E-3
882	9.588775E+0	27.623188E+0	1.588707E+3	85.388077E+0	41.935484E-3
883	10.055020E+0	27.623188E+0	1.588707E+3	85.388077E+0	41.935484E-3
884	10.093135E+0	27.623188E+0	1.588707E+3	85.388077E+0	41.935484E-3
885	10.131257E+0	27.623188E+0	1.588707E+3	85.388077E+0	41.935484E-3
886	10.169367E+0	27.623188E+0	1.588707E+3	85.388077E+0	41.935484E-3
887	10.207483E+0	28.081017E+0	1.599624E+3	85.597891E+0	41.935484E-3
888	10.591260E+0	28.081017E+0	1.599624E+3	85.597891E+0	41.935484E-3
889	10.631664E+0	28.081017E+0	1.599624E+3	85.597891E+0	41.935484E-3
890	10.672070E+0	28.529312E+0	1.610314E+3	86.641349E+0	41.935484E-3
891	11.050940E+0	28.529312E+0	1.610314E+3	86.641349E+0	41.935484E-3
892	11.093585E+0	28.529312E+0	1.610314E+3	86.641349E+0	41.935484E-3
893	11.136231E+0	28.529312E+0	1.610314E+3	86.641349E+0	41.935484E-3
894	11.178878E+0	28.529312E+0	1.610314E+3	86.641349E+0	41.935484E-3
895	11.221526E+0	28.558802E+0	1.611018E+3	86.750514E+0	41.935484E-3
896	11.286439E+0	28.558802E+0	1.611018E+3	86.750514E+0	41.935484E-3
897	11.329230E+0	28.558802E+0	1.611018E+3	86.750514E+0	41.935484E-3
898	11.372024E+0	28.558802E+0	1.611018E+3	86.750514E+0	41.935484E-3
899	11.414818E+0	28.303938E+0	1.604940E+3	87.438924E+0	41.935484E-3
900	11.265189E+0	28.303938E+0	1.604940E+3	87.438924E+0	41.935484E-3
901	11.306709E+0	28.303938E+0	1.604940E+3	87.438924E+0	41.935484E-3
902	11.348229E+0	28.303938E+0	1.604940E+3	87.438924E+0	41.935484E-3
903	11.389749E+0	27.995226E+0	1.597578E+3	86.803830E+0	41.935484E-3
904	11.198191E+0	27.995226E+0	1.597578E+3	86.803830E+0	41.935484E-3
905	11.238168E+0	27.995226E+0	1.597578E+3	86.803830E+0	41.935484E-3
906	11.278143E+0	27.995226E+0	1.597578E+3	86.803830E+0	41.935484E-3
907	11.318119E+0	27.624625E+0	1.588741E+3	86.675030E+0	41.935484E-3
908	11.078291E+0	27.624625E+0	1.588741E+3	86.675030E+0	41.935484E-3
909	11.116419E+0	27.624625E+0	1.588741E+3	86.675030E+0	41.935484E-3
910	11.154538E+0	27.624625E+0	1.588741E+3	86.675030E+0	41.935484E-3
911	11.192661E+0	27.113192E+0	1.576545E+3	85.216929E+0	41.935484E-3
912	10.844652E+0	27.113192E+0	1.576545E+3	85.216929E+0	41.935484E-3
913	10.880218E+0	27.113192E+0	1.576545E+3	85.216929E+0	41.935484E-3
914	10.915784E+0	27.113192E+0	1.576545E+3	85.216929E+0	41.935484E-3
915	40.000000E+0	26.471735E+0	1.561249E+3	82.464402E+0	41.935484E-3
916	35.086151E+0	26.471735E+0	1.561249E+3	82.464402E+0	41.935484E-3
917	35.086160E+0	26.471735E+0	1.561249E+3	82.464402E+0	41.935484E-3
918	35.086160E+0	26.471735E+0	1.561249E+3	82.464402E+0	41.935484E-3
919	35.086160E+0	25.824097E+0	1.545805E+3	82.520478E+0	41.935484E-3
920	34.597212E+0	25.824097E+0	1.545805E+3	82.520478E+0	41.935484E-3
921	34.597175E+0	25.824097E+0	1.545805E+3	82.520478E+0	41.935484E-3
922	34.597193E+0	25.077062E+0	1.527991E+3	86.163314E+0	41.935484E-3
923	34.597193E+0	25.077062E+0	1.527991E+3	86.163314E+0	41.935484E-3
924	34.033182E+0	25.077062E+0	1.527991E+3	86.163314E+0	41.935484E-3
925	34.033191E+0	25.077062E+0	1.527991E+3	86.163314E+0	41.935484E-3
926	34.033173E+0	25.077062E+0	1.527991E+3	86.163314E+0	41.935484E-3
927	34.033182E+0	22.175162E+0	1.458792E+3	84.021515E+0	41.935484E-3
928	31.842243E+0	22.175162E+0	1.458792E+3	84.021515E+0	41.935484E-3
929	31.842252E+0	22.175162E+0	1.458792E+3	84.021515E+0	41.935484E-3
930	31.842247E+0	18.792176E+0	1.378121E+3	81.205770E+0	41.935484E-3
931	31.842247E+0	18.792176E+0	1.378121E+3	81.205770E+0	41.935484E-3
932	29.288093E+0	18.792176E+0	1.378121E+3	81.205770E+0	41.935484E-3
933	29.288112E+0	18.792176E+0	1.378121E+3	81.205770E+0	41.935484E-3
934	29.288074E+0	18.792176E+0	1.378121E+3	81.205770E+0	41.935484E-3
935	29.288101E+0	15.404358E+0	1.297335E+3	81.092289E+0	41.935484E-3
936	26.730283E+0	15.404358E+0	1.297335E+3	81.092289E+0	41.935484E-3
937	26.730291E+0	15.404358E+0	1.297335E+3	81.092289E+0	41.935484E-3
938	26.730291E+0	15.404358E+0	1.297335E+3	81.092289E+0	41.935484E-3
939	26.730291E+0	11.991642E+0	1.215955E+3	83.459259E+0	41.935484E-3
940	24.153690E+0	11.991642E+0	1.215955E+3	83.459259E+0	41.935484E-3
941	24.153686E+0	11.991642E+0	1.215955E+3	83.459259E+0	41.935484E-3
942	24.153690E+0	11.991642E+0	1.215955E+3	83.459259E+0	41.935484E-3
943	24.153693E+0	8.600381E+0	1.135086E+3	84.490191E+0	41.935484E-3
944	21.593302E+0	8.600381E+0	1.135086E+3	84.490191E+0	41.935484E-3
945	21.593282E+0	8.600381E+0	1.135086E+3	84.490191E+0	41.935484E-3
946	21.593279E+0	8.600381E+0	1.135086E+3	84.490191E+0	41.935484E-3
947	21.593287E+0	5.482091E+0	1.060727E+3	85.085350E+0	41.935484E-3
948	19.238978E+0	5.482091E+0	1.060727E+3	85.085350E+0	41.935484E-3
949	19.238978E+0	5.482091E+0	1.060727E+3	85.085350E+0	41.935484E-3
950	19.238978E+0	5.482091E+0	1.060727E+3	85.085350E+0	41.935484E-3
951	19.238978E+0	2.675286E+0	993.795288E+0	87.187111E+0	41.935484E-3
952	17.119841E+0	2.675286E+0	993.795288E+0	87.187111E+0	41.935484E-3
953	17.119841E+0	2.675286E+0	993.795288E+0	87.187111E+0	41.935484E-3
954	17.119841E+0	2.675286E+0	993.795288E+0	87.187111E+0	41.935484E-3
955	17.119846E+0	6.863934E-3	930.163678E+0	84.836322E+0	41.935484E-3
956	15.105178E+0	6.863934E-3	930.163678E+0	84.836322E+0	41.935484E-3
957	15.105192E+0	6.863934E-3	930.163678E+0	84.836322E+0	41.935484E-3
958	15.105172E+0	6.863934E-3	930.163678E+0	84.836322E+0	41.935484E-3
959	15.105182E+0	-2.515792E+0	870.008034E+0	85.586770E+0	41.935484E-3
960	13.200577E+0	-2.515792E+0	870.008034E+0	85.586770E+0	41.935484E-3
961	13.287998E+0	-2.515792E+0	870.008034E+0	85.586770E+0	41.935484E-3
962	13.375419E+0	-2.515792E+0	870.008034E+0	85.586770E+0	41.935484E-3
963	13.462840E+0	-4.808396E+0	815.338256E+0	84.787844E+0	41.935484E-3
964	13.550261E+0	-4.808396E+0	815.338256E+0	84.787844E+0	41.935484E-3
965	11.906769E+0	-4.808396E+0	815.338256E+0	84.787844E+0	41.935484E-3
966	11.982724E+0	-4.808396E+0	815.338256E+0	84.787844E+0	41.935484E-3
967	12.058682E+0	-6.971502E+0	763.756490E+0	83.811267E+0	41.935484E-3
968	10.501502E+0	-6.971502E+0	763.756490E+0	83.811267E+0	41.935484E-3
969	10.566638E+0	-6.971502E+0	763.756490E+0	83.811267E+0	41.935484E-3
970	10.631780E+0	-6.971502E+0	763.756490E+0	83.811267E+0	41.935484E-3
971	10.696923E+0	-8.999689E+0	715.392030E+0	82.664243E+0	41.935484E-3
972	9.230784E+0	-8.999689E+0	715.392030E+0	82.664243E+0	41.935484E-3
973	9.285786E+0	-8.999689E+0	715.392030E+0	82.664243E+0	41.935484E-3
974	9.340787E+0	-8.999689E+0	715.392030E+0	82.664243E+0	41.935484E-3
975	9.395791E+0	-10.883431E+0	670.472039E+0	85.073208E+0	41.935484E-3
976	8.028566E+0	-10.883431E+0	670.472039E+0	85.073208E+0	41.935484E-3
977	8.074149E+0	-10.883431E+0	670.472039E+0	85.073208E+0	41.935484E-3
978	8.119731E+0	-10.883431E+0	670.472039E+0	85.073208E+0	41.935484E-3
979	8.165314E+0	-12.551882E+0	630.685896E+0	86.154009E+0	41.935484E-3
980	6.951216E+0	-12.551882E+0	630.685896E+0	86.154009E+0	41.935484E-3
981	6.988461E+0	-12.551882E+0	630.685896E+0	86.154009E+0	41.935484E-3
982	7.025698E+0	-12.551882E+0	630.685896E+0	86.154009E+0	41.935484E-3
983	7.062938E+0	-14.090634E+0	593.992580E+0	85.700057E+0	41.935484E-3
984	5.938421E+0	-14.090634E+0	593.992580E+0	85.700057E+0	41.935484E-3
985	5.967969E+0	-14.090634E+0	593.992580E+0	85.700057E+0	41.935484E-3
986	5.997515E+0	-14.090634E+0	593.992580E+0	85.700057E+0	41.935484E-3
987	6.027062E+0	-15.524753E+0	559.794358E+0	84.436066E+0	41.935484E-3
988	4.973849E+0	-15.524753E+0	559.794358E+0	84.436066E+0	41.935484E-3
989	4.996225E+0	-15.524753E+0	559.794358E+0	84.436066E+0	41.935484E-3
990	5.018601E+0	-15.524753E+0	559.794358E+0	84.436066E+0	41.935484E-3
991	5.040977E+0	-16.814814E+0	529.031363E+0	85.062208E+0	41.935484E-3
992	4.089359E+0	-16.814814E+0	529.031363E+0	85.062208E+0	41.935484E-3
993	4.105283E+0	-16.814814E+0	529.031363E+0	85.062208E+0	41.935484E-3
994	4.121209E+0	-16.814814E+0	529.031363E+0	85.062208E+0	41.935484E-3
995	4.137136E+0	-18.007255E+0	500.596223E+0	85.732297E+0	41.935484E-3
996	3.252768E+0	-18.007255E+0	500.596223E+0	85.732297E+0	41.935484E-3
997	3.262732E+0	-18.007255E+0	500.596223E+0	85.732297E+0	41.935484E-3
998	3.272696E+0	-18.007255E+0	500.596223E+0	85.732297E+0	41.935484E-3
999	3.282659E+0	-19.004810E+0	476.808376E+0	84.766495E+0	41.935484E-3
1000	2.539469E+0	-19.004810E+0	476.808376E+0	84.766495E+0	41.935484E-3
1001	2.544445E+0	-19.004810E+0	476.808376E+0	84.766495E+0	41.935484E-3
1002	2.549421E+0	-19.004810E+0	476.808376E+0	84.766495E+0	41.935484E-3
1003	2.554397E+0	-19.999711E+0	453.083811E+0	84.270270E+0	41.935484E-3
1004	1.808223E+0	-19.999711E+0	453.083811E+0	84.270270E+0	41.935484E-3
1005	1.808224E+0	-19.999711E+0	453.083811E+0	84.270270E+0	41.935484E-3
1006	1.808225E+0	-19.999711E+0	453.083811E+0	84.270270E+0	41.935484E-3
1007	1.808227E+0	-20.845090E+0	432.924782E+0	83.839799E+0	41.935484E-3
1008	1.169967E+0	-20.845090E+0	432.924782E+0	83.839799E+0	41.935484E-3
1009	1.165742E+0	-20.845090E+0	432.924782E+0	83.839799E+0	41.935484E-3
1010	1.161517E+0	-20.845090E+0	432.924782E+0	83.839799E+0	41.935484E-3
1011	1.157291E+0	-21.373657E+0	420.320498E+0	82.129955E+0	41.935484E-3
1012	753.997804E-3	-21.373657E+0	420.320498E+0	82.129955E+0	41.935484E-3
1013	747.129522E-3	-21.373657E+0	420.320498E+0	82.129955E+0	41.935484E-3
1014	740.261239E-3	-21.373657E+0	420.320498E+0	82.129955E+0	41.935484E-3
1015	733.392682E-3	-21.683500E+0	412.931915E+0	82.383891E+0	41.935484E-3
1016	492.591810E-3	-21.683500E+0	412.931915E+0	82.383891E+0	41.935484E-3
1017	484.175150E-3	-21.683500E+0	412.931915E+0	82.383891E+0	41.935484E-3
1018	475.757648E-3	-21.683500E+0	412.931915E+0	82.383891E+0	41.935484E-3
1019	467.340146E-3	-21.384610E+0	420.059289E+0	84.330496E+0	41.935484E-3
1020	684.584491E-3	-21.384610E+0	420.059289E+0	84.330496E+0	41.935484E-3
1021	677.661439E-3	-21.384610E+0	420.059289E+0	84.330496E+0	41.935484E-3
1022	670.738386E-3	-21.384610E+0	420.059289E+0	84.330496E+0	41.935484E-3
1023	663.815334E-3	-20.888982E+0	431.878111E+0	84.128676E+0	41.935484E-3
1024	1.031091E+0	-20.888982E+0	431.878111E+0	84.128676E+0	41.935484E-3
1025	1.026646E+0	-20.888982E+0	431.878111E+0	84.128676E+0	41.935484E-3
1026	1.022202E+0	-20.888982E+0	431.878111E+0	84.128676E+0	41.935484E-3
1027	1.017757E+0	-20.226161E+0	447.683853E+0	85.813831E+0	41.935484E-3
1028	1.513742E+0	-20.226161E+0	447.683853E+0	85.813831E+0	41.935484E-3
1029	1.512611E+0	-20.226161E+0	447.683853E+0	85.813831E+0	41.935484E-3
1030	1.511480E+0	-20.226161E+0	447.683853E+0	85.813831E+0	41.935484E-3
1031	1.510350E+0	-19.372600E+0	468.038006E+0	84.886293E+0	41.935484E-3
1032	2.153658E+0	-19.372600E+0	468.038006E+0	84.886293E+0	41.935484E-3
1033	2.156795E+0	-19.372600E+0	468.038006E+0	84.886293E+0	41.935484E-3
1034	2.159932E+0	-19.372600E+0	468.038006E+0	84.886293E+0	41.935484E-3
1035	2.163069E+0	-18.519357E+0	488.384570E+0	86.537397E+0	41.935484E-3
1036	2.810404E+0	-18.519357E+0	488.384570E+0	86.537397E+0	41.935484E-3
1037	2.817807E+0	-18.519357E+0	488.384570E+0	86.537397E+0	41.935484E-3
1038	2.825210E+0	-18.519357E+0	488.384570E+0	86.537397E+0	41.935484E-3
1039	2.832613E+0	-17.540616E+0	511.723763E+0	86.113649E+0	41.935484E-3
1040	3.578967E+0	-17.540616E+0	511.723763E+0	86.113649E+0	41.935484E-3
1041	3.591263E+0	-17.540616E+0	511.723763E+0	86.113649E+0	41.935484E-3
1042	3.603559E+0	-17.540616E+0	511.723763E+0	86.113649E+0	41.935484E-3
1043	3.615856E+0	-16.616213E+0	533.767222E+0	83.425765E+0	41.935484E-3
1044	4.326078E+0	-16.616213E+0	533.767222E+0	83.425765E+0	41.935484E-3
1045	4.342997E+0	-16.616213E+0	533.767222E+0	83.425765E+0	41.935484E-3
1046	4.359916E+0	-16.616213E+0	533.767222E+0	83.425765E+0	41.935484E-3
1047	4.376834E+0	-15.809688E+0	552.999753E+0	82.675636E+0	41.935484E-3
1048	5.002680E+0	-15.809688E+0	552.999753E+0	82.675636E+0	41.935484E-3
1049	5.023632E+0	-15.809688E+0	552.999753E+0	82.675636E+0	41.935484E-3
1050	5.044583E+0	-15.809688E+0	552.999753E+0	82.675636E+0	41.935484E-3
1051	5.065535E+0	-14.945344E+0	573.611024E+0	81.726489E+0	41.935484E-3
1052	5.739066E+0	-14.945344E+0	573.611024E+0	81.726489E+0	41.935484E-3
1053	5.764342E+0	-14.945344E+0	573.611024E+0	81.726489E+0	41.935484E-3
1054	5.789612E+0	-14.945344E+0	573.611024E+0	81.726489E+0	41.935484E-3
1055	5.814887E+0	-14.129025E+0	593.077091E+0	82.391446E+0	41.935484E-3
1056	6.456480E+0	-14.129025E+0	593.077091E+0	82.391446E+0	41.935484E-3
1057	6.485834E+0	-14.129025E+0	593.077091E+0	82.391446E+0	41.935484E-3
1058	6.515189E+0	-14.129025E+0	593.077091E+0	82.391446E+0	41.935484E-3
1059	6.544544E+0	-13.114001E+0	617.281523E+0	81.869111E+0	41.935484E-3
1060	7.340243E+0	-13.114001E+0	617.281523E+0	81.869111E+0	41.935484E-3
1061	7.374673E+0	-13.114001E+0	617.281523E+0	81.869111E+0	41.935484E-3
1062	7.409103E+0	-13.114001E+0	617.281523E+0	81.869111E+0	41.935484E-3
1063	7.443533E+0	-12.094356E+0	641.596118E+0	83.795632E+0	41.935484E-3
1064	8.247798E+0	-12.094356E+0	641.596118E+0	83.795632E+0	41.935484E-3
1065	8.287324E+0	-12.094356E+0	641.596118E+0	83.795632E+0	41.935484E-3
1066	8.326850E+0	-12.094356E+0	641.596118E+0	83.795632E+0	41.935484E-3
1067	8.366379E+0	-11.111163E+0	665.041498E+0	84.167879E+0	41.935484E-3
1068	9.148218E+0	-11.111163E+0	665.041498E+0	84.167879E+0	41.935484E-3
1069	9.192662E+0	-11.111163E+0	665.041498E+0	84.167879E+0	41.935484E-3
1070	9.237106E+0	-11.111163E+0	665.041498E+0	84.167879E+0	41.935484E-3
1071	9.281550E+0	-10.250826E+0	685.557225E+0	84.483815E+0	41.935484E-3
1072	9.975549E+0	-10.250826E+0	685.557225E+0	84.483815E+0	41.935484E-3
1073	10.024295E+0	-10.250826E+0	685.557225E+0	84.483815E+0	41.935484E-3
1074	10.073041E+0	-10.250826E+0	685.557225E+0	84.483815E+0	41.935484E-3
1075	10.121789E+0	-9.700757E+0	698.674264E+0	83.096076E+0	41.935484E-3
1076	10.585835E+0	-9.700757E+0	698.674264E+0	83.096076E+0	41.935484E-3
1077	10.637336E+0	-9.700757E+0	698.674264E+0	83.096076E+0	41.935484E-3
1078	10.688827E+0	-9.700757E+0	698.674264E+0	83.096076E+0	41.935484E-3
1079	10.740323E+0	-9.905741E+0	693.786172E+0	87.896013E+0	41.935484E-3
1080	10.637056E+0	-9.905741E+0	693.786172E+0	87.896013E+0	41.935484E-3
1081	10.687528E+0	-9.905741E+0	693.786172E+0	87.896013E+0	41.935484E-3
1082	10.737999E+0	-9.905741E+0	693.786172E+0	87.896013E+0	41.935484E-3
1083	10.788470E+0	-9.905741E+0	693.786172E+0	87.896013E+0	41.935484E-3
1084	10.838942E+0	-10.435235E+0	681.159787E+0	87.224501E+0	41.935484E-3
1085	10.489647E+0	-10.435235E+0	681.159787E+0	87.224501E+0	41.935484E-3
1086	10.537469E+0	-10.435235E+0	681.159787E+0	87.224501E+0	41.935484E-3
1087	10.585293E+0	-11.090981E+0	665.522761E+0	86.868184E+0	41.935484E-3
1088	10.138033E+0	-11.090981E+0	665.522761E+0	86.868184E+0	41.935484E-3
1089	10.182573E+0	-11.090981E+0	665.522761E+0	86.868184E+0	41.935484E-3
1090	10.227118E+0	-11.090981E+0	665.522761E+0	86.868184E+0	41.935484E-3
1091	10.271664E+0	-11.774973E+0	649.212179E+0	86.995718E+0	41.935484E-3
1092	9.799795E+0	-11.774973E+0	649.212179E+0	86.995718E+0	41.935484E-3
1093	9.840921E+0	-11.774973E+0	649.212179E+0	86.995718E+0	41.935484E-3
1094	9.882045E+0	-11.774973E+0	649.212179E+0	86.995718E+0	41.935484E-3
1095	9.923172E+0	-11.774973E+0	649.212179E+0	86.995718E+0	41.935484E-3
1096	9.964295E+0	-12.498100E+0	631.968389E+0	85.395384E+0	41.935484E-3
1097	9.459460E+0	-12.498100E+0	631.968389E+0	85.395384E+0	41.935484E-3
1098	9.496969E+0	-12.498100E+0	631.968389E+0	85.395384E+0	41.935484E-3
1099	9.534479E+0	-13.260635E+0	613.784850E+0	83.422935E+0	41.935484E-3
1100	8.996274E+0	-13.260635E+0	613.784850E+0	83.422935E+0	41.935484E-3
1101	9.029974E+0	-13.260635E+0	613.784850E+0	83.422935E+0	41.935484E-3
1102	9.063668E+0	-13.260635E+0	613.784850E+0	83.422935E+0	41.935484E-3
1103	9.097364E+0	-13.260635E+0	613.784850E+0	83.422935E+0	41.935484E-3
1104	9.131061E+0	-14.113170E+0	593.455178E+0	82.464276E+0	41.935484E-3
1105	8.521096E+0	-14.113170E+0	593.455178E+0	82.464276E+0	41.935484E-3
1106	8.550528E+0	-14.113170E+0	593.455178E+0	82.464276E+0	41.935484E-3
1107	8.579963E+0	-14.954743E+0	573.386887E+0	80.997020E+0	41.935484E-3
1108	7.974009E+0	-14.954743E+0	573.386887E+0	80.997020E+0	41.935484E-3
1109	7.999235E+0	-14.954743E+0	573.386887E+0	80.997020E+0	41.935484E-3
1110	8.024461E+0	-14.954743E+0	573.386887E+0	80.997020E+0	41.935484E-3
1111	8.049688E+0	-14.954743E+0	573.386887E+0	80.997020E+0	41.935484E-3
1112	8.074916E+0	-15.970383E+0	549.167785E+0	81.400103E+0	41.935484E-3
1113	7.333333E+0	-15.970383E+0	549.167785E+0	81.400103E+0	41.935484E-3
1114	7.353481E+0	-15.970383E+0	549.167785E+0	81.400103E+0	41.935484E-3
1115	7.353481E+0	-17.049065E+0	523.445361E+0	81.930563E+0	41.935484E-3
1116	6.579372E+0	-17.049065E+0	523.445361E+0	81.930563E+0	41.935484E-3
1117	6.594127E+0	-17.049065E+0	523.445361E+0	81.930563E+0	41.935484E-3
1118	6.608881E+0	-17.049065E+0	523.445361E+0	81.930563E+0	41.935484E-3
1119	6.623636E+0	-17.049065E+0	523.445361E+0	81.930563E+0	41.935484E-3
1120	6.638391E+0	-18.234019E+0	495.188784E+0	82.195957E+0	41.935484E-3
1121	5.758506E+0	-18.234019E+0	495.188784E+0	82.195957E+0	41.935484E-3
1122	5.767336E+0	-18.234019E+0	495.188784E+0	82.195957E+0	41.935484E-3
1123	5.776166E+0	-19.331980E+0	469.006623E+0	83.400331E+0	41.935484E-3
1124	4.956034E+0	-19.331980E+0	469.006623E+0	83.400331E+0	41.935484E-3
1125	4.959375E+0	-19.331980E+0	469.006623E+0	83.400331E+0	41.935484E-3
1126	4.962715E+0	-19.331980E+0	469.006623E+0	83.400331E+0	41.935484E-3
1127	4.966055E+0	-19.331980E+0	469.006623E+0	83.400331E+0	41.935484E-3
1128	4.969395E+0	-20.448529E+0	442.381222E+0	83.870045E+0	41.935484E-3
1129	4.129740E+0	-20.448529E+0	442.381222E+0	83.870045E+0	41.935484E-3
1130	4.127498E+0	-20.448529E+0	442.381222E+0	83.870045E+0	41.935484E-3
1131	4.125255E+0	-20.448529E+0	442.381222E+0	83.870045E+0	41.935484E-3
1132	4.123012E+0	-21.549560E+0	416.125868E+0	85.709629E+0	41.935484E-3
1133	3.289491E+0	-21.549560E+0	416.125868E+0	85.709629E+0	41.935484E-3
1134	3.281744E+0	-21.549560E+0	416.125868E+0	85.709629E+0	41.935484E-3
1135	3.273995E+0	-21.549560E+0	416.125868E+0	85.709629E+0	41.935484E-3
1136	3.266247E+0	-22.495228E+0	393.575338E+0	84.519618E+0	41.935484E-3
1137	2.544522E+0	-22.495228E+0	393.575338E+0	84.519618E+0	41.935484E-3
1138	2.532046E+0	-22.495228E+0	393.575338E+0	84.519618E+0	41.935484E-3
1139	2.519570E+0	-23.339464E+0	373.443554E+0	82.369071E+0	41.935484E-3
1140	1.869695E+0	-23.339464E+0	373.443554E+0	82.369071E+0	41.935484E-3
1141	1.852998E+0	-23.339464E+0	373.443554E+0	82.369071E+0	41.935484E-3
1142	1.836300E+0	-23.339464E+0	373.443554E+0	82.369071E+0	41.935484E-3
1143	1.819603E+0	-23.339464E+0	373.443554E+0	82.369071E+0	41.935484E-3
1144	1.802906E+0	-23.623124E+0	366.679357E+0	82.664588E+0	41.935484E-3
1145	1.572045E+0	-23.623124E+0	366.679357E+0	82.664588E+0	41.935484E-3
1146	1.553930E+0	-23.623124E+0	366.679357E+0	82.664588E+0	41.935484E-3
1147	1.535814E+0	-23.623124E+0	366.679357E+0	82.664588E+0	41.935484E-3
1148	1.517698E+0	-23.233682E+0	375.966047E+0	80.836643E+0	41.935484E-3
1149	1.793610E+0	-23.233682E+0	375.966047E+0	80.836643E+0	41.935484E-3
1150	1.777443E+0	-23.233682E+0	375.966047E+0	80.836643E+0	41.935484E-3
1151	1.761275E+0	-22.560934E+0	392.008491E+0	80.754088E+0	41.935484E-3
1152	2.253031E+0	-22.560934E+0	392.008491E+0	80.754088E+0	41.935484E-3
1153	2.240226E+0	-22.560934E+0	392.008491E+0	80.754088E+0	41.935484E-3
1154	2.227421E+0	-22.560934E+0	392.008491E+0	80.754088E+0	41.935484E-3
1155	2.214616E+0	-22.560934E+0	392.008491E+0	80.754088E+0	41.935484E-3
1156	2.201812E+0	-21.860659E+0	408.707363E+0	81.338614E+0	41.935484E-3
1157	2.717715E+0	-21.860659E+0	408.707363E+0	81.338614E+0	41.935484E-3
1158	2.708412E+0	-21.860659E+0	408.707363E+0	81.338614E+0	41.935484E-3
1159	2.699109E+0	-21.860659E+0	408.707363E+0	81.338614E+0	41.935484E-3
1160	2.689804E+0	-21.065017E+0	427.680353E+0	81.910168E+0	41.935484E-3
1161	3.281211E+0	-21.065017E+0	427.680353E+0	81.910168E+0	41.935484E-3
1162	3.275886E+0	-21.065017E+0	427.680353E+0	81.910168E+0	41.935484E-3
1163	3.270561E+0	-21.065017E+0	427.680353E+0	81.910168E+0	41.935484E-3
1164	3.265236E+0	-20.123817E+0	450.124355E+0	83.228996E+0	41.935484E-3
1165	3.970517E+0	-20.123817E+0	450.124355E+0	83.228996E+0	41.935484E-3
1166	3.969898E+0	-20.123817E+0	450.124355E+0	83.228996E+0	41.935484E-3
1167	3.969278E+0	-20.123817E+0	450.124355E+0	83.228996E+0	41.935484E-3
1168	3.968659E+0	-19.176486E+0	472.714571E+0	82.816035E+0	41.935484E-3
1169	4.683276E+0	-19.176486E+0	472.714571E+0	82.816035E+0	41.935484E-3
1170	4.687393E+0	-19.176486E+0	472.714571E+0	82.816035E+0	41.935484E-3
1171	4.691511E+0	-19.176486E+0	472.714571E+0	82.816035E+0	41.935484E-3
1172	4.695628E+0	-18.410462E+0	490.981290E+0	82.623548E+0	41.935484E-3
1173	5.278095E+0	-18.410462E+0	490.981290E+0	82.623548E+0	41.935484E-3
1174	5.286042E+0	-18.410462E+0	490.981290E+0	82.623548E+0	41.935484E-3
1175	5.293990E+0	-18.410462E+0	490.981290E+0	82.623548E+0	41.935484E-3
1176	5.301937E+0	-17.741190E+0	506.940862E+0	82.900446E+0	41.935484E-3
1177	5.815185E+0	-17.741190E+0	506.940862E+0	82.900446E+0	41.935484E-3
1178	5.826479E+0	-17.741190E+0	506.940862E+0	82.900446E+0	41.935484E-3
1179	5.837773E+0	-17.741190E+0	506.940862E+0	82.900446E+0	41.935484E-3
1180	5.849067E+0	-17.292275E+0	517.645759E+0	86.161985E+0	41.935484E-3
1181	6.199292E+0	-17.292275E+0	517.645759E+0	86.161985E+0	41.935484E-3
1182	6.212831E+0	-17.292275E+0	517.645759E+0	86.161985E+0	41.935484E-3
1183	6.226370E+0	-17.292275E+0	517.645759E+0	86.161985E+0	41.935484E-3
1184	6.239910E+0	-16.805842E+0	529.245302E+0	86.320467E+0	41.935484E-3
1185	6.620704E+0	-16.805842E+0	529.245302E+0	86.320467E+0	41.935484E-3
1186	6.636674E+0	-16.805842E+0	529.245302E+0	86.320467E+0	41.935484E-3
1187	6.652645E+0	-16.407996E+0	538.732394E+0	85.007771E+0	41.935484E-3
1188	6.968989E+0	-16.407996E+0	538.732394E+0	85.007771E+0	41.935484E-3
1189	6.986949E+0	-16.407996E+0	538.732394E+0	85.007771E+0	41.935484E-3
1190	7.004909E+0	-16.407996E+0	538.732394E+0	85.007771E+0	41.935484E-3
1191	7.022869E+0	-16.407996E+0	538.732394E+0	85.007771E+0	41.935484E-3
1192	7.040829E+0	-16.153371E+0	544.804226E+0	84.763663E+0	41.935484E-3
1193	7.251031E+0	-16.153371E+0	544.804226E+0	84.763663E+0	41.935484E-3
1194	7.270264E+0	-16.153371E+0	544.804226E+0	84.763663E+0	41.935484E-3
1195	7.289498E+0	-16.029774E+0	547.751541E+0	84.395859E+0	41.935484E-3
1196	7.402046E+0	-16.029774E+0	547.751541E+0	84.395859E+0	41.935484E-3
1197	7.421899E+0	-16.029774E+0	547.751541E+0	84.395859E+0	41.935484E-3
1198	7.441749E+0	-16.029774E+0	547.751541E+0	84.395859E+0	41.935484E-3
1199	7.461600E+0	-16.029774E+0	547.751541E+0	84.395859E+0	41.935484E-3
1200	7.481451E+0	-15.916861E+0	550.444079E+0	82.801113E+0	41.935484E-3
