lundi 9 mars 2020	15:28:45	Sampling Period : 50  ms		B&B alpha1

t	I1	I2	Alpha1	Alpha2	x	y	dotx	doty
0	0.000000E+0	37.326868E+0	1.820102E+3	87.324520E+0	41.935484E-3
1	0.000000E+0	37.326868E+0	1.820102E+3	87.324520E+0	41.935484E-3
2	0.000000E+0	37.326868E+0	1.820102E+3	87.324520E+0	41.935484E-3
3	0.000000E+0	37.334324E+0	1.820280E+3	87.884759E+0	41.935484E-3
4	0.000000E+0	37.334324E+0	1.820280E+3	87.884759E+0	41.935484E-3
5	0.000000E+0	37.334324E+0	1.820280E+3	87.884759E+0	41.935484E-3
6	0.000000E+0	37.334324E+0	1.820280E+3	87.884759E+0	41.935484E-3
7	0.000000E+0	37.323307E+0	1.820017E+3	87.599625E+0	41.935484E-3
8	0.000000E+0	37.323307E+0	1.820017E+3	87.599625E+0	41.935484E-3
9	0.000000E+0	37.323307E+0	1.820017E+3	87.599625E+0	41.935484E-3
10	0.000000E+0	37.323307E+0	1.820017E+3	87.599625E+0	41.935484E-3
11	0.000000E+0	37.323307E+0	1.820017E+3	87.599625E+0	41.935484E-3
12	0.000000E+0	37.330682E+0	1.820193E+3	87.220019E+0	41.935484E-3
13	0.000000E+0	37.330682E+0	1.820193E+3	87.220019E+0	41.935484E-3
14	0.000000E+0	37.330682E+0	1.820193E+3	87.220019E+0	41.935484E-3
15	0.000000E+0	37.330682E+0	1.820193E+3	87.220019E+0	41.935484E-3
16	0.000000E+0	37.325248E+0	1.820064E+3	86.550748E+0	41.935484E-3
17	0.000000E+0	37.325248E+0	1.820064E+3	86.550748E+0	41.935484E-3
18	0.000000E+0	37.325248E+0	1.820064E+3	86.550748E+0	41.935484E-3
19	0.000000E+0	37.325248E+0	1.820064E+3	86.550748E+0	41.935484E-3
20	0.000000E+0	37.331651E+0	1.820216E+3	85.764214E+0	41.935484E-3
21	0.000000E+0	37.331651E+0	1.820216E+3	85.764214E+0	41.935484E-3
22	0.000000E+0	37.331651E+0	1.820216E+3	85.764214E+0	41.935484E-3
23	0.000000E+0	37.331223E+0	1.820206E+3	85.530363E+0	41.935484E-3
24	0.000000E+0	37.331223E+0	1.820206E+3	85.530363E+0	41.935484E-3
25	0.000000E+0	37.331223E+0	1.820206E+3	85.530363E+0	41.935484E-3
26	0.000000E+0	37.331223E+0	1.820206E+3	85.530363E+0	41.935484E-3
27	0.000000E+0	37.331223E+0	1.820206E+3	85.530363E+0	41.935484E-3
28	0.000000E+0	37.320907E+0	1.819960E+3	85.055869E+0	41.935484E-3
29	0.000000E+0	37.320907E+0	1.819960E+3	85.055869E+0	41.935484E-3
30	0.000000E+0	37.320907E+0	1.819960E+3	85.055869E+0	41.935484E-3
31	0.000000E+0	37.320907E+0	1.819960E+3	85.055869E+0	41.935484E-3
32	0.000000E+0	37.324529E+0	1.820046E+3	85.113472E+0	41.935484E-3
33	0.000000E+0	37.324529E+0	1.820046E+3	85.113472E+0	41.935484E-3
34	0.000000E+0	37.324529E+0	1.820046E+3	85.113472E+0	41.935484E-3
35	0.000000E+0	37.331345E+0	1.820209E+3	85.378269E+0	41.935484E-3
36	0.000000E+0	37.331345E+0	1.820209E+3	85.378269E+0	41.935484E-3
37	0.000000E+0	37.331345E+0	1.820209E+3	85.378269E+0	41.935484E-3
38	40.000000E+0	37.331345E+0	1.820209E+3	85.378269E+0	41.935484E-3
39	13.171825E+0	37.331345E+0	1.820209E+3	85.378269E+0	41.935484E-3
40	13.258486E+0	37.323550E+0	1.820023E+3	86.478661E+0	41.935484E-3
41	13.323667E+0	37.323550E+0	1.820023E+3	86.478661E+0	41.935484E-3
42	13.425871E+0	37.323550E+0	1.820023E+3	86.478661E+0	41.935484E-3
43	13.512487E+0	37.323550E+0	1.820023E+3	86.478661E+0	41.935484E-3
44	13.599107E+0	38.055000E+0	1.837465E+3	86.163888E+0	41.935484E-3
45	15.700843E+0	38.055000E+0	1.837465E+3	86.163888E+0	41.935484E-3
46	14.328245E+0	38.055000E+0	1.837465E+3	86.163888E+0	41.935484E-3
47	14.418518E+0	38.055000E+0	1.837465E+3	86.163888E+0	41.935484E-3
48	14.508793E+0	37.632237E+0	1.827384E+3	87.842922E+0	41.935484E-3
49	13.434354E+0	37.632237E+0	1.827384E+3	87.842922E+0	41.935484E-3
50	14.368048E+0	37.632237E+0	1.827384E+3	87.842922E+0	41.935484E-3
51	14.456211E+0	37.632237E+0	1.827384E+3	87.842922E+0	41.935484E-3
52	14.544365E+0	36.622863E+0	1.803314E+3	87.860061E+0	41.935484E-3
53	14.632526E+0	36.622863E+0	1.803314E+3	87.860061E+0	41.935484E-3
54	11.939905E+0	36.622863E+0	1.803314E+3	87.860061E+0	41.935484E-3
55	14.041726E+0	36.622863E+0	1.803314E+3	87.860061E+0	41.935484E-3
56	14.124850E+0	35.232525E+0	1.770160E+3	88.564769E+0	41.935484E-3
57	10.377183E+0	35.232525E+0	1.770160E+3	88.564769E+0	41.935484E-3
58	13.234411E+0	35.232525E+0	1.770160E+3	88.564769E+0	41.935484E-3
59	13.310577E+0	35.232525E+0	1.770160E+3	88.564769E+0	41.935484E-3
60	13.386741E+0	33.678916E+0	1.733113E+3	87.167812E+0	41.935484E-3
61	13.462902E+0	33.678916E+0	1.733113E+3	87.167812E+0	41.935484E-3
62	9.258809E+0	33.678916E+0	1.733113E+3	87.167812E+0	41.935484E-3
63	12.434482E+0	33.678916E+0	1.733113E+3	87.167812E+0	41.935484E-3
64	12.502880E+0	32.158585E+0	1.696859E+3	85.481783E+0	41.935484E-3
65	8.382762E+0	32.158585E+0	1.696859E+3	85.481783E+0	41.935484E-3
66	11.484215E+0	32.158585E+0	1.696859E+3	85.481783E+0	41.935484E-3
67	11.545009E+0	32.158585E+0	1.696859E+3	85.481783E+0	41.935484E-3
68	11.605803E+0	30.644558E+0	1.660755E+3	81.613947E+0	41.935484E-3
69	7.495452E+0	30.644558E+0	1.660755E+3	81.613947E+0	41.935484E-3
70	10.576730E+0	30.644558E+0	1.660755E+3	81.613947E+0	41.935484E-3
71	10.629954E+0	30.644558E+0	1.660755E+3	81.613947E+0	41.935484E-3
72	10.683174E+0	29.193841E+0	1.626161E+3	81.094009E+0	41.935484E-3
73	6.739671E+0	29.193841E+0	1.626161E+3	81.094009E+0	41.935484E-3
74	9.687074E+0	29.193841E+0	1.626161E+3	81.094009E+0	41.935484E-3
75	9.733043E+0	29.193841E+0	1.626161E+3	81.094009E+0	41.935484E-3
76	9.779011E+0	27.758560E+0	1.591935E+3	83.245902E+0	41.935484E-3
77	9.824981E+0	27.758560E+0	1.591935E+3	83.245902E+0	41.935484E-3
78	5.916751E+0	27.758560E+0	1.591935E+3	83.245902E+0	41.935484E-3
79	8.826105E+0	26.416409E+0	1.559930E+3	84.612029E+0	41.935484E-3
80	8.864904E+0	26.416409E+0	1.559930E+3	84.612029E+0	41.935484E-3
81	5.205798E+0	26.416409E+0	1.559930E+3	84.612029E+0	41.935484E-3
82	7.922451E+0	26.416409E+0	1.559930E+3	84.612029E+0	41.935484E-3
83	7.954533E+0	26.416409E+0	1.559930E+3	84.612029E+0	41.935484E-3
84	7.986615E+0	25.107764E+0	1.528724E+3	85.387152E+0	41.935484E-3
85	8.018697E+0	25.107764E+0	1.528724E+3	85.387152E+0	41.935484E-3
86	4.445568E+0	25.107764E+0	1.528724E+3	85.387152E+0	41.935484E-3
87	7.088291E+0	25.107764E+0	1.528724E+3	85.387152E+0	41.935484E-3
88	7.113829E+0	24.081397E+0	1.504249E+3	88.062768E+0	41.935484E-3
89	4.311809E+0	24.081397E+0	1.504249E+3	88.062768E+0	41.935484E-3
90	6.384869E+0	24.081397E+0	1.504249E+3	88.062768E+0	41.935484E-3
91	6.405275E+0	24.081397E+0	1.504249E+3	88.062768E+0	41.935484E-3
92	6.425681E+0	23.309611E+0	1.485845E+3	88.078461E+0	41.935484E-3
93	6.446090E+0	23.309611E+0	1.485845E+3	88.078461E+0	41.935484E-3
94	4.340104E+0	23.309611E+0	1.485845E+3	88.078461E+0	41.935484E-3
95	5.900346E+0	23.309611E+0	1.485845E+3	88.078461E+0	41.935484E-3
96	5.916894E+0	22.750386E+0	1.472509E+3	87.416667E+0	41.935484E-3
97	5.933442E+0	22.750386E+0	1.472509E+3	87.416667E+0	41.935484E-3
98	4.409302E+0	22.750386E+0	1.472509E+3	87.416667E+0	41.935484E-3
99	5.541527E+0	22.750386E+0	1.472509E+3	87.416667E+0	41.935484E-3
100	5.555279E+0	22.263521E+0	1.460899E+3	84.423108E+0	41.935484E-3
101	5.569032E+0	22.263521E+0	1.460899E+3	84.423108E+0	41.935484E-3
102	4.241410E+0	22.263521E+0	1.460899E+3	84.423108E+0	41.935484E-3
103	5.226518E+0	22.263521E+0	1.460899E+3	84.423108E+0	41.935484E-3
104	5.237836E+0	22.140875E+0	1.457975E+3	86.727871E+0	41.935484E-3
105	5.249153E+0	22.140875E+0	1.457975E+3	86.727871E+0	41.935484E-3
106	4.922587E+0	22.140875E+0	1.457975E+3	86.727871E+0	41.935484E-3
107	5.178577E+0	22.140875E+0	1.457975E+3	86.727871E+0	41.935484E-3
108	5.189281E+0	22.293674E+0	1.461618E+3	87.594207E+0	41.935484E-3
109	5.199986E+0	22.293674E+0	1.461618E+3	87.594207E+0	41.935484E-3
110	5.631641E+0	22.293674E+0	1.461618E+3	87.594207E+0	41.935484E-3
111	5.337522E+0	22.293674E+0	1.461618E+3	87.594207E+0	41.935484E-3
112	5.348990E+0	22.422127E+0	1.464681E+3	85.401058E+0	41.935484E-3
113	5.360459E+0	22.422127E+0	1.464681E+3	85.401058E+0	41.935484E-3
114	5.725808E+0	22.422127E+0	1.464681E+3	85.401058E+0	41.935484E-3
115	5.481019E+0	22.422127E+0	1.464681E+3	85.401058E+0	41.935484E-3
116	5.493130E+0	22.609198E+0	1.469142E+3	84.997152E+0	41.935484E-3
117	6.020593E+0	22.609198E+0	1.469142E+3	84.997152E+0	41.935484E-3
118	5.659526E+0	22.609198E+0	1.469142E+3	84.997152E+0	41.935484E-3
119	5.672571E+0	22.609198E+0	1.469142E+3	84.997152E+0	41.935484E-3
120	5.685618E+0	22.836391E+0	1.474560E+3	85.934337E+0	41.935484E-3
121	6.324562E+0	22.836391E+0	1.474560E+3	85.934337E+0	41.935484E-3
122	5.884376E+0	22.836391E+0	1.474560E+3	85.934337E+0	41.935484E-3
123	5.898557E+0	22.836391E+0	1.474560E+3	85.934337E+0	41.935484E-3
124	5.912739E+0	23.033970E+0	1.479272E+3	83.684089E+0	41.935484E-3
125	5.926922E+0	23.033970E+0	1.479272E+3	83.684089E+0	41.935484E-3
126	6.485442E+0	23.033970E+0	1.479272E+3	83.684089E+0	41.935484E-3
127	6.105446E+0	23.033970E+0	1.479272E+3	83.684089E+0	41.935484E-3
128	6.120617E+0	23.341654E+0	1.486609E+3	86.159016E+0	41.935484E-3
129	6.983493E+0	23.341654E+0	1.486609E+3	86.159016E+0	41.935484E-3
130	6.384796E+0	23.341654E+0	1.486609E+3	86.159016E+0	41.935484E-3
131	6.401504E+0	23.341654E+0	1.486609E+3	86.159016E+0	41.935484E-3
132	6.418212E+0	23.268120E+0	1.484855E+3	85.783513E+0	41.935484E-3
133	6.232336E+0	23.268120E+0	1.484855E+3	85.783513E+0	41.935484E-3
134	6.395742E+0	23.268120E+0	1.484855E+3	85.783513E+0	41.935484E-3
135	6.412083E+0	23.268120E+0	1.484855E+3	85.783513E+0	41.935484E-3
136	6.428423E+0	23.050282E+0	1.479661E+3	83.686809E+0	41.935484E-3
137	6.444764E+0	23.050282E+0	1.479661E+3	83.686809E+0	41.935484E-3
138	5.860963E+0	23.050282E+0	1.479661E+3	83.686809E+0	41.935484E-3
139	6.311889E+0	23.050282E+0	1.479661E+3	83.686809E+0	41.935484E-3
140	6.327141E+0	23.178479E+0	1.482718E+3	87.068511E+0	41.935484E-3
141	6.342394E+0	23.178479E+0	1.482718E+3	87.068511E+0	41.935484E-3
142	6.710856E+0	23.178479E+0	1.482718E+3	87.068511E+0	41.935484E-3
143	6.470324E+0	23.178479E+0	1.482718E+3	87.068511E+0	41.935484E-3
144	6.486216E+0	23.313021E+0	1.485926E+3	87.537429E+0	41.935484E-3
145	6.872766E+0	23.313021E+0	1.485926E+3	87.537429E+0	41.935484E-3
146	6.620253E+0	23.313021E+0	1.485926E+3	87.537429E+0	41.935484E-3
147	6.636819E+0	23.313021E+0	1.485926E+3	87.537429E+0	41.935484E-3
148	6.653383E+0	23.164027E+0	1.482373E+3	87.393100E+0	41.935484E-3
149	6.669948E+0	23.164027E+0	1.482373E+3	87.393100E+0	41.935484E-3
150	6.276047E+0	23.164027E+0	1.482373E+3	87.393100E+0	41.935484E-3
151	6.589844E+0	23.164027E+0	1.482373E+3	87.393100E+0	41.935484E-3
152	6.605665E+0	23.065331E+0	1.480019E+3	85.758890E+0	41.935484E-3
153	6.621484E+0	23.065331E+0	1.480019E+3	85.758890E+0	41.935484E-3
154	6.365390E+0	23.065331E+0	1.480019E+3	85.758890E+0	41.935484E-3
155	6.578114E+0	23.065331E+0	1.480019E+3	85.758890E+0	41.935484E-3
156	6.593441E+0	23.096826E+0	1.480770E+3	84.944697E+0	41.935484E-3
157	6.608768E+0	23.096826E+0	1.480770E+3	84.944697E+0	41.935484E-3
158	6.710863E+0	23.096826E+0	1.480770E+3	84.944697E+0	41.935484E-3
159	6.663357E+0	23.096826E+0	1.480770E+3	84.944697E+0	41.935484E-3
160	6.678842E+0	23.121115E+0	1.481350E+3	86.288084E+0	41.935484E-3
161	6.694326E+0	23.121115E+0	1.481350E+3	86.288084E+0	41.935484E-3
162	6.776731E+0	23.121115E+0	1.481350E+3	86.288084E+0	41.935484E-3
163	6.743754E+0	23.121115E+0	1.481350E+3	86.288084E+0	41.935484E-3
164	6.759359E+0	23.106782E+0	1.481008E+3	84.301599E+0	41.935484E-3
165	6.774967E+0	23.106782E+0	1.481008E+3	84.301599E+0	41.935484E-3
166	6.751078E+0	23.106782E+0	1.481008E+3	84.301599E+0	41.935484E-3
167	6.795283E+0	23.106782E+0	1.481008E+3	84.301599E+0	41.935484E-3
168	6.810816E+0	23.095053E+0	1.480728E+3	85.261745E+0	41.935484E-3
169	6.794039E+0	23.095053E+0	1.480728E+3	85.261745E+0	41.935484E-3
170	6.832971E+0	23.095053E+0	1.480728E+3	85.261745E+0	41.935484E-3
171	6.848446E+0	23.095053E+0	1.480728E+3	85.261745E+0	41.935484E-3
172	6.863921E+0	23.081383E+0	1.480402E+3	84.524578E+0	41.935484E-3
173	6.841734E+0	23.081383E+0	1.480402E+3	84.524578E+0	41.935484E-3
174	6.884482E+0	23.081383E+0	1.480402E+3	84.524578E+0	41.935484E-3
175	6.899889E+0	23.081383E+0	1.480402E+3	84.524578E+0	41.935484E-3
176	6.915297E+0	23.082620E+0	1.480432E+3	84.329977E+0	41.935484E-3
177	6.934112E+0	23.082620E+0	1.480432E+3	84.329977E+0	41.935484E-3
178	6.947050E+0	23.082620E+0	1.480432E+3	84.329977E+0	41.935484E-3
179	6.962463E+0	23.082620E+0	1.480432E+3	84.329977E+0	41.935484E-3
180	6.977877E+0	23.092126E+0	1.480658E+3	84.676678E+0	41.935484E-3
181	6.993290E+0	23.092126E+0	1.480658E+3	84.676678E+0	41.935484E-3
182	7.034893E+0	23.092126E+0	1.480658E+3	84.676678E+0	41.935484E-3
183	7.031340E+0	23.092126E+0	1.480658E+3	84.676678E+0	41.935484E-3
184	7.046801E+0	23.085230E+0	1.480494E+3	85.287111E+0	41.935484E-3
185	7.062262E+0	23.085230E+0	1.480494E+3	85.287111E+0	41.935484E-3
186	7.058724E+0	23.085230E+0	1.480494E+3	85.287111E+0	41.935484E-3
187	7.087942E+0	23.085230E+0	1.480494E+3	85.287111E+0	41.935484E-3
188	7.103368E+0	23.085125E+0	1.480491E+3	85.814881E+0	41.935484E-3
189	7.118796E+0	23.085125E+0	1.480491E+3	85.814881E+0	41.935484E-3
190	7.133930E+0	23.085125E+0	1.480491E+3	85.814881E+0	41.935484E-3
191	7.149567E+0	23.085125E+0	1.480491E+3	85.814881E+0	41.935484E-3
192	7.164992E+0	23.095534E+0	1.480740E+3	86.045687E+0	41.935484E-3
193	7.180418E+0	23.095534E+0	1.480740E+3	86.045687E+0	41.935484E-3
194	7.224522E+0	23.095534E+0	1.480740E+3	86.045687E+0	41.935484E-3
195	7.219180E+0	23.095534E+0	1.480740E+3	86.045687E+0	41.935484E-3
196	7.234658E+0	23.094652E+0	1.480719E+3	86.565250E+0	41.935484E-3
197	7.250135E+0	23.094652E+0	1.480719E+3	86.565250E+0	41.935484E-3
198	7.263183E+0	23.094652E+0	1.480719E+3	86.565250E+0	41.935484E-3
199	7.280420E+0	23.094652E+0	1.480719E+3	86.565250E+0	41.935484E-3
200	7.295896E+0	23.093811E+0	1.480699E+3	86.344357E+0	41.935484E-3
201	7.309049E+0	23.093811E+0	1.480699E+3	86.344357E+0	41.935484E-3
202	7.326201E+0	23.093811E+0	1.480699E+3	86.344357E+0	41.935484E-3
203	7.341670E+0	23.093811E+0	1.480699E+3	86.344357E+0	41.935484E-3
204	7.357139E+0	23.093811E+0	1.480699E+3	86.344357E+0	41.935484E-3
205	7.372607E+0	23.089127E+0	1.480587E+3	86.107828E+0	41.935484E-3
206	7.375173E+0	23.089127E+0	1.480587E+3	86.107828E+0	41.935484E-3
207	7.399986E+0	23.089127E+0	1.480587E+3	86.107828E+0	41.935484E-3
208	7.415432E+0	23.096180E+0	1.480755E+3	86.060162E+0	41.935484E-3
209	7.450308E+0	23.096180E+0	1.480755E+3	86.060162E+0	41.935484E-3
210	7.451684E+0	23.096180E+0	1.480755E+3	86.060162E+0	41.935484E-3
211	7.467165E+0	23.096180E+0	1.480755E+3	86.060162E+0	41.935484E-3
212	7.482645E+0	23.096180E+0	1.480755E+3	86.060162E+0	41.935484E-3
213	7.498127E+0	23.088591E+0	1.480574E+3	85.270567E+0	41.935484E-3
214	7.513607E+0	23.088591E+0	1.480574E+3	85.270567E+0	41.935484E-3
215	7.508180E+0	23.088591E+0	1.480574E+3	85.270567E+0	41.935484E-3
216	7.538801E+0	23.092719E+0	1.480673E+3	85.257136E+0	41.935484E-3
217	7.554244E+0	23.092719E+0	1.480673E+3	85.257136E+0	41.935484E-3
218	7.581059E+0	23.092719E+0	1.480673E+3	85.257136E+0	41.935484E-3
219	7.588267E+0	23.092719E+0	1.480673E+3	85.257136E+0	41.935484E-3
220	7.603731E+0	23.092719E+0	1.480673E+3	85.257136E+0	41.935484E-3
221	7.619195E+0	23.087877E+0	1.480557E+3	84.953105E+0	41.935484E-3
222	7.634658E+0	23.087877E+0	1.480557E+3	84.953105E+0	41.935484E-3
223	7.636783E+0	23.087877E+0	1.480557E+3	84.953105E+0	41.935484E-3
224	7.661907E+0	23.086283E+0	1.480519E+3	84.879697E+0	41.935484E-3
225	7.672952E+0	23.086283E+0	1.480519E+3	84.879697E+0	41.935484E-3
226	7.691572E+0	23.086283E+0	1.480519E+3	84.879697E+0	41.935484E-3
227	7.707004E+0	23.086283E+0	1.480519E+3	84.879697E+0	41.935484E-3
228	7.722435E+0	23.086283E+0	1.480519E+3	84.879697E+0	41.935484E-3
229	7.737867E+0	23.089645E+0	1.480599E+3	84.868564E+0	41.935484E-3
230	7.753299E+0	23.089645E+0	1.480599E+3	84.868564E+0	41.935484E-3
231	7.777993E+0	23.089645E+0	1.480599E+3	84.868564E+0	41.935484E-3
232	7.786716E+0	23.089636E+0	1.480599E+3	85.249288E+0	41.935484E-3
233	7.802164E+0	23.089636E+0	1.480599E+3	85.249288E+0	41.935484E-3
234	7.817589E+0	23.089636E+0	1.480599E+3	85.249288E+0	41.935484E-3
235	7.833054E+0	23.089636E+0	1.480599E+3	85.249288E+0	41.935484E-3
236	7.848503E+0	23.089636E+0	1.480599E+3	85.249288E+0	41.935484E-3
237	7.863952E+0	23.095903E+0	1.480748E+3	85.308247E+0	41.935484E-3
238	7.896665E+0	23.095903E+0	1.480748E+3	85.308247E+0	41.935484E-3
239	7.899610E+0	23.095903E+0	1.480748E+3	85.308247E+0	41.935484E-3
240	7.915090E+0	23.095903E+0	1.480748E+3	85.308247E+0	41.935484E-3
241	7.930569E+0	23.092487E+0	1.480667E+3	85.933453E+0	41.935484E-3
242	7.936638E+0	23.092487E+0	1.480667E+3	85.933453E+0	41.935484E-3
243	7.958932E+0	23.092487E+0	1.480667E+3	85.933453E+0	41.935484E-3
244	7.974394E+0	23.092487E+0	1.480667E+3	85.933453E+0	41.935484E-3
245	7.989857E+0	23.089156E+0	1.480588E+3	86.254390E+0	41.935484E-3
246	7.996140E+0	23.089156E+0	1.480588E+3	86.254390E+0	41.935484E-3
247	8.018250E+0	23.089156E+0	1.480588E+3	86.254390E+0	41.935484E-3
248	8.033697E+0	23.090038E+0	1.480609E+3	86.230053E+0	41.935484E-3
249	8.049141E+0	23.090038E+0	1.480609E+3	86.230053E+0	41.935484E-3
250	8.067020E+0	23.090038E+0	1.480609E+3	86.230053E+0	41.935484E-3
251	8.080704E+0	23.090038E+0	1.480609E+3	86.230053E+0	41.935484E-3
252	8.096154E+0	23.090038E+0	1.480609E+3	86.230053E+0	41.935484E-3
253	8.111604E+0	23.093827E+0	1.480699E+3	86.249684E+0	41.935484E-3
254	8.137493E+0	23.093827E+0	1.480699E+3	86.249684E+0	41.935484E-3
255	8.145384E+0	23.093827E+0	1.480699E+3	86.249684E+0	41.935484E-3
256	8.160853E+0	23.093827E+0	1.480699E+3	86.249684E+0	41.935484E-3
257	8.176322E+0	23.092315E+0	1.480663E+3	86.066717E+0	41.935484E-3
258	8.191792E+0	23.092315E+0	1.480663E+3	86.066717E+0	41.935484E-3
259	8.203094E+0	23.092315E+0	1.480663E+3	86.066717E+0	41.935484E-3
260	8.221581E+0	23.091136E+0	1.480635E+3	85.612344E+0	41.935484E-3
261	8.237044E+0	23.091136E+0	1.480635E+3	85.612344E+0	41.935484E-3
262	8.249255E+0	23.091136E+0	1.480635E+3	85.612344E+0	41.935484E-3
263	8.267069E+0	23.091136E+0	1.480635E+3	85.612344E+0	41.935484E-3
264	8.282525E+0	23.091136E+0	1.480635E+3	85.612344E+0	41.935484E-3
265	8.297981E+0	23.087518E+0	1.480549E+3	85.419913E+0	41.935484E-3
266	8.303469E+0	23.087518E+0	1.480549E+3	85.419913E+0	41.935484E-3
267	8.326142E+0	23.087518E+0	1.480549E+3	85.419913E+0	41.935484E-3
268	8.341580E+0	23.087518E+0	1.480549E+3	85.419913E+0	41.935484E-3
269	8.357017E+0	23.093276E+0	1.480686E+3	84.947205E+0	41.935484E-3
270	8.388319E+0	23.093276E+0	1.480686E+3	84.947205E+0	41.935484E-3
271	8.392269E+0	23.093276E+0	1.480686E+3	84.947205E+0	41.935484E-3
272	8.407737E+0	23.093276E+0	1.480686E+3	84.947205E+0	41.935484E-3
273	8.423201E+0	23.087537E+0	1.480549E+3	84.651259E+0	41.935484E-3
274	8.422855E+0	23.087537E+0	1.480549E+3	84.651259E+0	41.935484E-3
275	8.449772E+0	23.087537E+0	1.480549E+3	84.651259E+0	41.935484E-3
276	8.465210E+0	23.087537E+0	1.480549E+3	84.651259E+0	41.935484E-3
277	8.480647E+0	23.086914E+0	1.480534E+3	85.055743E+0	41.935484E-3
278	8.494369E+0	23.086914E+0	1.480534E+3	85.055743E+0	41.935484E-3
279	8.511049E+0	23.086914E+0	1.480534E+3	85.055743E+0	41.935484E-3
280	8.526484E+0	23.086914E+0	1.480534E+3	85.055743E+0	41.935484E-3
281	8.541919E+0	23.086225E+0	1.480518E+3	85.006964E+0	41.935484E-3
282	8.555455E+0	23.086225E+0	1.480518E+3	85.006964E+0	41.935484E-3
283	8.572264E+0	23.086225E+0	1.480518E+3	85.006964E+0	41.935484E-3
284	8.587695E+0	23.086225E+0	1.480518E+3	85.006964E+0	41.935484E-3
285	8.603128E+0	23.095995E+0	1.480751E+3	85.502837E+0	41.935484E-3
286	8.645476E+0	23.095995E+0	1.480751E+3	85.502837E+0	41.935484E-3
287	8.641414E+0	23.095995E+0	1.480751E+3	85.502837E+0	41.935484E-3
288	8.656894E+0	23.095995E+0	1.480751E+3	85.502837E+0	41.935484E-3
289	8.672373E+0	23.094528E+0	1.480716E+3	85.710311E+0	41.935484E-3
290	8.683814E+0	23.094528E+0	1.480716E+3	85.710311E+0	41.935484E-3
291	8.702220E+0	23.094528E+0	1.480716E+3	85.710311E+0	41.935484E-3
292	8.717691E+0	23.094528E+0	1.480716E+3	85.710311E+0	41.935484E-3
293	8.733164E+0	23.096075E+0	1.480753E+3	86.128703E+0	41.935484E-3
294	8.748637E+0	23.096075E+0	1.480753E+3	86.128703E+0	41.935484E-3
295	8.768371E+0	23.096075E+0	1.480753E+3	86.128703E+0	41.935484E-3
296	8.780759E+0	23.096075E+0	1.480753E+3	86.128703E+0	41.935484E-3
297	8.796238E+0	23.098348E+0	1.480807E+3	86.536232E+0	41.935484E-3
298	8.811718E+0	23.098348E+0	1.480807E+3	86.536232E+0	41.935484E-3
299	8.833462E+0	23.098348E+0	1.480807E+3	86.536232E+0	41.935484E-3
300	8.844408E+0	23.098348E+0	1.480807E+3	86.536232E+0	41.935484E-3
301	8.859899E+0	23.093878E+0	1.480700E+3	86.312108E+0	41.935484E-3
302	8.863075E+0	23.093878E+0	1.480700E+3	86.312108E+0	41.935484E-3
303	8.887485E+0	23.093878E+0	1.480700E+3	86.312108E+0	41.935484E-3
304	8.902954E+0	23.093878E+0	1.480700E+3	86.312108E+0	41.935484E-3
305	8.918424E+0	23.098433E+0	1.480809E+3	86.474512E+0	41.935484E-3
306	8.946440E+0	23.098433E+0	1.480809E+3	86.474512E+0	41.935484E-3
307	8.952824E+0	23.098433E+0	1.480809E+3	86.474512E+0	41.935484E-3
308	8.968316E+0	23.098433E+0	1.480809E+3	86.474512E+0	41.935484E-3
309	8.983810E+0	23.099101E+0	1.480825E+3	85.843972E+0	41.935484E-3
310	9.001143E+0	23.099101E+0	1.480825E+3	85.843972E+0	41.935484E-3
311	9.015301E+0	23.099101E+0	1.480825E+3	85.843972E+0	41.935484E-3
312	9.030796E+0	23.099101E+0	1.480825E+3	85.843972E+0	41.935484E-3
313	9.046291E+0	23.094072E+0	1.480705E+3	85.796717E+0	41.935484E-3
314	9.047933E+0	23.094072E+0	1.480705E+3	85.796717E+0	41.935484E-3
315	9.073460E+0	23.094072E+0	1.480705E+3	85.796717E+0	41.935484E-3
316	9.088931E+0	23.094072E+0	1.480705E+3	85.796717E+0	41.935484E-3
317	9.104401E+0	23.086059E+0	1.480514E+3	85.491673E+0	41.935484E-3
318	9.097794E+0	23.086059E+0	1.480514E+3	85.491673E+0	41.935484E-3
319	9.129252E+0	23.086059E+0	1.480514E+3	85.491673E+0	41.935484E-3
320	9.144684E+0	23.086059E+0	1.480514E+3	85.491673E+0	41.935484E-3
321	9.160113E+0	23.085042E+0	1.480489E+3	85.073045E+0	41.935484E-3
322	9.172741E+0	23.085042E+0	1.480489E+3	85.073045E+0	41.935484E-3
323	9.190200E+0	23.085042E+0	1.480489E+3	85.073045E+0	41.935484E-3
324	9.205625E+0	23.085042E+0	1.480489E+3	85.073045E+0	41.935484E-3
325	9.221050E+0	23.083095E+0	1.480443E+3	84.625515E+0	41.935484E-3
326	9.236475E+0	23.083095E+0	1.480443E+3	84.625515E+0	41.935484E-3
327	9.246539E+0	23.083095E+0	1.480443E+3	84.625515E+0	41.935484E-3
328	9.265847E+0	23.083095E+0	1.480443E+3	84.625515E+0	41.935484E-3
329	9.281262E+0	23.091127E+0	1.480635E+3	84.681028E+0	41.935484E-3
330	9.318805E+0	23.091127E+0	1.480635E+3	84.681028E+0	41.935484E-3
331	9.318198E+0	23.091127E+0	1.480635E+3	84.681028E+0	41.935484E-3
332	9.333653E+0	23.091127E+0	1.480635E+3	84.681028E+0	41.935484E-3
333	9.349110E+0	23.091864E+0	1.480652E+3	84.983670E+0	41.935484E-3
334	9.364564E+0	23.091864E+0	1.480652E+3	84.983670E+0	41.935484E-3
335	9.382051E+0	23.091864E+0	1.480652E+3	84.983670E+0	41.935484E-3
336	9.396036E+0	23.091864E+0	1.480652E+3	84.983670E+0	41.935484E-3
337	9.411495E+0	23.080619E+0	1.480384E+3	85.448622E+0	41.935484E-3
338	9.395972E+0	23.080619E+0	1.480384E+3	85.448622E+0	41.935484E-3
339	40.000000E+0	23.080619E+0	1.480384E+3	85.448622E+0	41.935484E-3
340	32.525880E+0	23.080619E+0	1.480384E+3	85.448622E+0	41.935484E-3
341	32.525858E+0	23.093760E+0	1.480697E+3	85.814344E+0	41.935484E-3
342	32.562064E+0	23.093760E+0	1.480697E+3	85.814344E+0	41.935484E-3
343	32.535789E+0	23.093760E+0	1.480697E+3	85.814344E+0	41.935484E-3
344	32.535819E+0	23.093760E+0	1.480697E+3	85.814344E+0	41.935484E-3
345	32.535759E+0	23.274772E+0	1.485014E+3	85.815759E+0	41.935484E-3
346	32.535793E+0	23.274772E+0	1.485014E+3	85.815759E+0	41.935484E-3
347	33.034480E+0	23.274772E+0	1.485014E+3	85.815759E+0	41.935484E-3
348	32.672453E+0	23.274772E+0	1.485014E+3	85.815759E+0	41.935484E-3
349	32.672457E+0	21.710632E+0	1.447715E+3	85.062139E+0	41.935484E-3
350	32.672462E+0	21.710632E+0	1.447715E+3	85.062139E+0	41.935484E-3
351	28.363181E+0	21.710632E+0	1.447715E+3	85.062139E+0	41.935484E-3
352	31.491523E+0	21.710632E+0	1.447715E+3	85.062139E+0	41.935484E-3
353	31.491527E+0	18.443291E+0	1.369802E+3	86.435151E+0	41.935484E-3
354	22.489868E+0	18.443291E+0	1.369802E+3	86.435151E+0	41.935484E-3
355	29.024689E+0	18.443291E+0	1.369802E+3	86.435151E+0	41.935484E-3
356	29.024685E+0	18.443291E+0	1.369802E+3	86.435151E+0	41.935484E-3
357	29.024704E+0	15.164005E+0	1.291603E+3	84.450150E+0	41.935484E-3
358	29.024666E+0	15.164005E+0	1.291603E+3	84.450150E+0	41.935484E-3
359	19.990251E+0	15.164005E+0	1.291603E+3	84.450150E+0	41.935484E-3
360	26.548831E+0	15.164005E+0	1.291603E+3	84.450150E+0	41.935484E-3
361	26.548824E+0	12.159241E+0	1.219951E+3	84.441804E+0	41.935484E-3
362	18.270451E+0	12.159241E+0	1.219951E+3	84.441804E+0	41.935484E-3
363	24.280227E+0	12.159241E+0	1.219951E+3	84.441804E+0	41.935484E-3
364	24.280227E+0	12.159241E+0	1.219951E+3	84.441804E+0	41.935484E-3
365	24.280227E+0	9.345616E+0	1.152857E+3	83.094797E+0	41.935484E-3
366	24.280227E+0	9.345616E+0	1.152857E+3	83.094797E+0	41.935484E-3
367	16.528690E+0	9.345616E+0	1.152857E+3	83.094797E+0	41.935484E-3
368	22.155954E+0	9.345616E+0	1.152857E+3	83.094797E+0	41.935484E-3
369	22.155925E+0	6.624376E+0	1.087966E+3	81.329720E+0	41.935484E-3
370	22.155946E+0	6.624376E+0	1.087966E+3	81.329720E+0	41.935484E-3
371	14.658925E+0	6.624376E+0	1.087966E+3	81.329720E+0	41.935484E-3
372	20.101399E+0	6.624376E+0	1.087966E+3	81.329720E+0	41.935484E-3
373	20.101404E+0	4.216972E+0	1.030559E+3	82.514706E+0	41.935484E-3
374	13.469202E+0	4.216972E+0	1.030559E+3	82.514706E+0	41.935484E-3
375	18.283809E+0	4.216972E+0	1.030559E+3	82.514706E+0	41.935484E-3
376	18.283813E+0	4.216972E+0	1.030559E+3	82.514706E+0	41.935484E-3
377	18.283816E+0	1.925499E+0	975.915738E+0	79.879440E+0	41.935484E-3
378	11.970712E+0	1.925499E+0	975.915738E+0	79.879440E+0	41.935484E-3
379	16.553749E+0	1.925499E+0	975.915738E+0	79.879440E+0	41.935484E-3
380	16.553758E+0	1.925499E+0	975.915738E+0	79.879440E+0	41.935484E-3
381	16.553762E+0	-268.625367E-3	923.594318E+0	79.908239E+0	41.935484E-3
382	16.553736E+0	-268.625367E-3	923.594318E+0	79.908239E+0	41.935484E-3
383	10.508850E+0	-268.625367E-3	923.594318E+0	79.908239E+0	41.935484E-3
384	14.995843E+0	-268.625367E-3	923.594318E+0	79.908239E+0	41.935484E-3
385	15.094502E+0	-2.294777E+0	875.278387E+0	79.945420E+0	41.935484E-3
386	15.193158E+0	-2.294777E+0	875.278387E+0	79.945420E+0	41.935484E-3
387	9.709850E+0	-2.294777E+0	875.278387E+0	79.945420E+0	41.935484E-3
388	13.850595E+0	-2.294777E+0	875.278387E+0	79.945420E+0	41.935484E-3
389	13.939121E+0	-4.038789E+0	833.690422E+0	80.237172E+0	41.935484E-3
390	14.027653E+0	-4.038789E+0	833.690422E+0	80.237172E+0	41.935484E-3
391	9.311427E+0	-4.038789E+0	833.690422E+0	80.237172E+0	41.935484E-3
392	12.879259E+0	-4.038789E+0	833.690422E+0	80.237172E+0	41.935484E-3
393	12.959057E+0	-5.651639E+0	795.230137E+0	83.624384E+0	41.935484E-3
394	13.038865E+0	-5.651639E+0	795.230137E+0	83.624384E+0	41.935484E-3
395	8.675267E+0	-5.651639E+0	795.230137E+0	83.624384E+0	41.935484E-3
396	11.972711E+0	-5.651639E+0	795.230137E+0	83.624384E+0	41.935484E-3
397	12.044452E+0	-7.343064E+0	754.896171E+0	85.327679E+0	41.935484E-3
398	7.456251E+0	-7.343064E+0	754.896171E+0	85.327679E+0	41.935484E-3
399	10.902452E+0	-7.343064E+0	754.896171E+0	85.327679E+0	41.935484E-3
400	10.965739E+0	-7.343064E+0	754.896171E+0	85.327679E+0	41.935484E-3
401	11.029025E+0	-9.099119E+0	713.021007E+0	87.560463E+0	41.935484E-3
402	6.254306E+0	-9.099119E+0	713.021007E+0	87.560463E+0	41.935484E-3
403	9.820992E+0	-9.099119E+0	713.021007E+0	87.560463E+0	41.935484E-3
404	9.875494E+0	-9.099119E+0	713.021007E+0	87.560463E+0	41.935484E-3
405	9.930005E+0	-10.654229E+0	675.937607E+0	87.476787E+0	41.935484E-3
406	5.699865E+0	-10.654229E+0	675.937607E+0	87.476787E+0	41.935484E-3
407	8.857125E+0	-10.654229E+0	675.937607E+0	87.476787E+0	41.935484E-3
408	8.903854E+0	-10.654229E+0	675.937607E+0	87.476787E+0	41.935484E-3
409	8.950583E+0	-11.964429E+0	644.694391E+0	87.032882E+0	41.935484E-3
410	8.997314E+0	-11.964429E+0	644.694391E+0	87.032882E+0	41.935484E-3
411	5.434443E+0	-11.964429E+0	644.694391E+0	87.032882E+0	41.935484E-3
412	8.095018E+0	-11.964429E+0	644.694391E+0	87.032882E+0	41.935484E-3
413	8.135196E+0	-13.088484E+0	617.889990E+0	85.261992E+0	41.935484E-3
414	8.175375E+0	-13.088484E+0	617.889990E+0	85.261992E+0	41.935484E-3
415	5.118734E+0	-13.088484E+0	617.889990E+0	85.261992E+0	41.935484E-3
416	7.401452E+0	-13.088484E+0	617.889990E+0	85.261992E+0	41.935484E-3
417	7.436006E+0	-14.112984E+0	593.459608E+0	84.062484E+0	41.935484E-3
418	7.470563E+0	-14.112984E+0	593.459608E+0	84.062484E+0	41.935484E-3
419	4.682624E+0	-14.112984E+0	593.459608E+0	84.062484E+0	41.935484E-3
420	6.761060E+0	-14.112984E+0	593.459608E+0	84.062484E+0	41.935484E-3
421	6.790495E+0	-14.112984E+0	593.459608E+0	84.062484E+0	41.935484E-3
422	6.819928E+0	-15.117847E+0	569.497486E+0	84.029412E+0	41.935484E-3
423	4.080965E+0	-15.117847E+0	569.497486E+0	84.029412E+0	41.935484E-3
424	6.115102E+0	-15.117847E+0	569.497486E+0	84.029412E+0	41.935484E-3
425	6.139513E+0	-16.090027E+0	546.314742E+0	83.329730E+0	41.935484E-3
426	6.163924E+0	-16.090027E+0	546.314742E+0	83.329730E+0	41.935484E-3
427	3.509980E+0	-16.090027E+0	546.314742E+0	83.329730E+0	41.935484E-3
428	5.473890E+0	-16.090027E+0	546.314742E+0	83.329730E+0	41.935484E-3
429	5.493441E+0	-17.096758E+0	522.308071E+0	83.277155E+0	41.935484E-3
430	5.512990E+0	-17.096758E+0	522.308071E+0	83.277155E+0	41.935484E-3
431	2.758954E+0	-17.096758E+0	522.308071E+0	83.277155E+0	41.935484E-3
432	4.786973E+0	-17.096758E+0	522.308071E+0	83.277155E+0	41.935484E-3
433	4.801489E+0	-18.094688E+0	498.511291E+0	81.178344E+0	41.935484E-3
434	2.066709E+0	-18.094688E+0	498.511291E+0	81.178344E+0	41.935484E-3
435	4.072095E+0	-18.094688E+0	498.511291E+0	81.178344E+0	41.935484E-3
436	4.081621E+0	-18.094688E+0	498.511291E+0	81.178344E+0	41.935484E-3
437	4.091148E+0	-18.861451E+0	480.226935E+0	82.397214E+0	41.935484E-3
438	4.100675E+0	-18.861451E+0	480.226935E+0	82.397214E+0	41.935484E-3
439	1.997768E+0	-18.861451E+0	480.226935E+0	82.397214E+0	41.935484E-3
440	3.536989E+0	-18.861451E+0	480.226935E+0	82.397214E+0	41.935484E-3
441	3.542681E+0	-19.541227E+0	464.016902E+0	82.965888E+0	41.935484E-3
442	1.675619E+0	-19.541227E+0	464.016902E+0	82.965888E+0	41.935484E-3
443	3.037437E+0	-19.541227E+0	464.016902E+0	82.965888E+0	41.935484E-3
444	3.039730E+0	-19.541227E+0	464.016902E+0	82.965888E+0	41.935484E-3
445	3.042024E+0	-19.541227E+0	464.016902E+0	82.965888E+0	41.935484E-3
446	3.044318E+0	-19.973723E+0	453.703529E+0	81.410294E+0	41.935484E-3
447	3.046612E+0	-19.973723E+0	453.703529E+0	81.410294E+0	41.935484E-3
448	1.857361E+0	-19.973723E+0	453.703529E+0	81.410294E+0	41.935484E-3
449	2.722503E+0	-20.128449E+0	450.013897E+0	83.005740E+0	41.935484E-3
450	2.296375E+0	-20.128449E+0	450.013897E+0	83.005740E+0	41.935484E-3
451	2.605173E+0	-20.128449E+0	450.013897E+0	83.005740E+0	41.935484E-3
452	2.604531E+0	-20.128449E+0	450.013897E+0	83.005740E+0	41.935484E-3
453	2.603889E+0	-20.128449E+0	450.013897E+0	83.005740E+0	41.935484E-3
454	2.603247E+0	-19.904787E+0	455.347392E+0	85.210316E+0	41.935484E-3
455	2.602604E+0	-19.904787E+0	455.347392E+0	85.210316E+0	41.935484E-3
456	3.218153E+0	-19.904787E+0	455.347392E+0	85.210316E+0	41.935484E-3
457	2.771303E+0	-19.904787E+0	455.347392E+0	85.210316E+0	41.935484E-3
458	2.771780E+0	-19.569142E+0	463.351227E+0	83.838672E+0	41.935484E-3
459	3.696957E+0	-19.569142E+0	463.351227E+0	83.838672E+0	41.935484E-3
460	3.027822E+0	-19.569142E+0	463.351227E+0	83.838672E+0	41.935484E-3
461	3.029976E+0	-19.569142E+0	463.351227E+0	83.838672E+0	41.935484E-3
462	3.032130E+0	-19.129178E+0	473.842684E+0	83.394737E+0	41.935484E-3
463	4.246386E+0	-19.129178E+0	473.842684E+0	83.394737E+0	41.935484E-3
464	3.370812E+0	-19.129178E+0	473.842684E+0	83.394737E+0	41.935484E-3
465	3.375166E+0	-19.129178E+0	473.842684E+0	83.394737E+0	41.935484E-3
466	3.379520E+0	-18.654262E+0	485.167588E+0	84.710177E+0	41.935484E-3
467	4.692266E+0	-18.654262E+0	485.167588E+0	84.710177E+0	41.935484E-3
468	3.749164E+0	-18.654262E+0	485.167588E+0	84.710177E+0	41.935484E-3
469	3.755893E+0	-18.654262E+0	485.167588E+0	84.710177E+0	41.935484E-3
470	3.762621E+0	-18.338225E+0	492.703867E+0	84.515193E+0	41.935484E-3
471	4.640033E+0	-18.338225E+0	492.703867E+0	84.515193E+0	41.935484E-3
472	4.016267E+0	-18.338225E+0	492.703867E+0	84.515193E+0	41.935484E-3
473	4.024576E+0	-18.338225E+0	492.703867E+0	84.515193E+0	41.935484E-3
474	4.032885E+0	-17.734580E+0	507.098477E+0	82.652067E+0	41.935484E-3
475	5.704235E+0	-17.734580E+0	507.098477E+0	82.652067E+0	41.935484E-3
476	4.508273E+0	-17.734580E+0	507.098477E+0	82.652067E+0	41.935484E-3
477	4.519601E+0	-17.373451E+0	515.710011E+0	81.901251E+0	41.935484E-3
478	4.530927E+0	-17.373451E+0	515.710011E+0	81.901251E+0	41.935484E-3
479	5.537164E+0	-17.373451E+0	515.710011E+0	81.901251E+0	41.935484E-3
480	4.828040E+0	-17.373451E+0	515.710011E+0	81.901251E+0	41.935484E-3
481	4.841172E+0	-17.373451E+0	515.710011E+0	81.901251E+0	41.935484E-3
482	4.854304E+0	-17.027696E+0	523.954930E+0	82.692707E+0	41.935484E-3
483	5.819978E+0	-17.027696E+0	523.954930E+0	82.692707E+0	41.935484E-3
484	5.143343E+0	-17.027696E+0	523.954930E+0	82.692707E+0	41.935484E-3
485	5.158205E+0	-17.027696E+0	523.954930E+0	82.692707E+0	41.935484E-3
486	5.173066E+0	-16.774774E+0	529.986168E+0	82.303499E+0	41.935484E-3
487	5.884721E+0	-16.774774E+0	529.986168E+0	82.303499E+0	41.935484E-3
488	5.395013E+0	-16.774774E+0	529.986168E+0	82.303499E+0	41.935484E-3
489	5.411137E+0	-16.774774E+0	529.986168E+0	82.303499E+0	41.935484E-3
490	5.427264E+0	-16.545556E+0	535.452115E+0	83.146521E+0	41.935484E-3
491	6.074883E+0	-16.545556E+0	535.452115E+0	83.146521E+0	41.935484E-3
492	5.633720E+0	-16.545556E+0	535.452115E+0	83.146521E+0	41.935484E-3
493	5.650993E+0	-16.545556E+0	535.452115E+0	83.146521E+0	41.935484E-3
494	5.668264E+0	-16.359480E+0	539.889325E+0	81.905024E+0	41.935484E-3
495	6.198163E+0	-16.359480E+0	539.889325E+0	81.905024E+0	41.935484E-3
496	5.844227E+0	-16.359480E+0	539.889325E+0	81.905024E+0	41.935484E-3
497	5.862430E+0	-16.359480E+0	539.889325E+0	81.905024E+0	41.935484E-3
498	5.880633E+0	-16.598808E+0	534.182266E+0	83.547072E+0	41.935484E-3
499	5.898835E+0	-16.598808E+0	534.182266E+0	83.547072E+0	41.935484E-3
500	5.257708E+0	-16.598808E+0	534.182266E+0	83.547072E+0	41.935484E-3
501	5.753353E+0	-16.598808E+0	534.182266E+0	83.547072E+0	41.935484E-3
502	5.770357E+0	-16.481857E+0	536.971106E+0	86.496979E+0	41.935484E-3
503	6.109564E+0	-16.481857E+0	536.971106E+0	86.496979E+0	41.935484E-3
504	5.893252E+0	-16.481857E+0	536.971106E+0	86.496979E+0	41.935484E-3
505	5.910843E+0	-16.481857E+0	536.971106E+0	86.496979E+0	41.935484E-3
506	5.928433E+0	-16.384709E+0	539.287720E+0	86.536125E+0	41.935484E-3
507	6.213668E+0	-16.384709E+0	539.287720E+0	86.536125E+0	41.935484E-3
508	6.037447E+0	-16.384709E+0	539.287720E+0	86.536125E+0	41.935484E-3
509	6.055524E+0	-16.384709E+0	539.287720E+0	86.536125E+0	41.935484E-3
510	6.073601E+0	-16.509980E+0	536.300483E+0	85.358649E+0	41.935484E-3
511	6.091678E+0	-16.509980E+0	536.300483E+0	85.358649E+0	41.935484E-3
512	5.764653E+0	-16.509980E+0	536.300483E+0	85.358649E+0	41.935484E-3
513	6.032623E+0	-16.509980E+0	536.300483E+0	85.358649E+0	41.935484E-3
514	6.050074E+0	-16.507382E+0	536.362428E+0	85.322297E+0	41.935484E-3
515	6.074681E+0	-16.507382E+0	536.362428E+0	85.322297E+0	41.935484E-3
516	6.086948E+0	-16.507382E+0	536.362428E+0	85.322297E+0	41.935484E-3
517	6.104412E+0	-16.507382E+0	536.362428E+0	85.322297E+0	41.935484E-3
518	6.121874E+0	-16.447994E+0	537.778607E+0	84.866418E+0	41.935484E-3
519	6.139337E+0	-16.447994E+0	537.778607E+0	84.866418E+0	41.935484E-3
520	6.320409E+0	-16.447994E+0	537.778607E+0	84.866418E+0	41.935484E-3
521	6.219399E+0	-16.447994E+0	537.778607E+0	84.866418E+0	41.935484E-3
522	6.237159E+0	-16.362193E+0	539.824635E+0	83.313134E+0	41.935484E-3
523	6.491301E+0	-16.362193E+0	539.824635E+0	83.313134E+0	41.935484E-3
524	6.337887E+0	-16.362193E+0	539.824635E+0	83.313134E+0	41.935484E-3
525	6.356078E+0	-16.362193E+0	539.824635E+0	83.313134E+0	41.935484E-3
526	6.374266E+0	-16.431177E+0	538.179636E+0	82.823143E+0	41.935484E-3
527	6.392454E+0	-16.431177E+0	538.179636E+0	82.823143E+0	41.935484E-3
528	6.220593E+0	-16.431177E+0	538.179636E+0	82.823143E+0	41.935484E-3
529	6.376405E+0	-16.431177E+0	538.179636E+0	82.823143E+0	41.935484E-3
530	6.394250E+0	-16.392974E+0	539.090614E+0	82.348727E+0	41.935484E-3
531	6.517340E+0	-16.392974E+0	539.090614E+0	82.348727E+0	41.935484E-3
532	6.458971E+0	-16.392974E+0	539.090614E+0	82.348727E+0	41.935484E-3
533	6.477006E+0	-16.392974E+0	539.090614E+0	82.348727E+0	41.935484E-3
534	6.495042E+0	-16.378405E+0	539.438027E+0	81.795553E+0	41.935484E-3
535	6.553215E+0	-16.378405E+0	539.438027E+0	81.795553E+0	41.935484E-3
536	6.542186E+0	-16.378405E+0	539.438027E+0	81.795553E+0	41.935484E-3
537	6.560292E+0	-16.378405E+0	539.438027E+0	81.795553E+0	41.935484E-3
538	6.578400E+0	-16.398829E+0	538.951011E+0	82.222913E+0	41.935484E-3
539	6.540242E+0	-16.398829E+0	538.951011E+0	82.222913E+0	41.935484E-3
540	6.599095E+0	-16.398829E+0	538.951011E+0	82.222913E+0	41.935484E-3
541	6.617101E+0	-16.398829E+0	538.951011E+0	82.222913E+0	41.935484E-3
542	6.635107E+0	-16.413334E+0	538.605109E+0	82.896221E+0	41.935484E-3
543	6.613147E+0	-16.413334E+0	538.605109E+0	82.896221E+0	41.935484E-3
544	6.660094E+0	-16.413334E+0	538.605109E+0	82.896221E+0	41.935484E-3
545	6.678027E+0	-16.413334E+0	538.605109E+0	82.896221E+0	41.935484E-3
546	6.695960E+0	-16.389567E+0	539.171867E+0	83.727393E+0	41.935484E-3
547	6.779372E+0	-16.389567E+0	539.171867E+0	83.727393E+0	41.935484E-3
548	6.749890E+0	-16.389567E+0	539.171867E+0	83.727393E+0	41.935484E-3
549	6.767944E+0	-16.389567E+0	539.171867E+0	83.727393E+0	41.935484E-3
550	6.785995E+0	-16.410200E+0	538.679854E+0	84.767569E+0	41.935484E-3
551	6.747203E+0	-16.410200E+0	538.679854E+0	84.767569E+0	41.935484E-3
552	6.806418E+0	-16.410200E+0	538.679854E+0	84.767569E+0	41.935484E-3
553	6.824372E+0	-16.410200E+0	538.679854E+0	84.767569E+0	41.935484E-3
554	6.842315E+0	-16.395167E+0	539.038322E+0	85.311756E+0	41.935484E-3
555	6.860264E+0	-16.395167E+0	539.038322E+0	85.311756E+0	41.935484E-3
556	6.919628E+0	-16.395167E+0	539.038322E+0	85.311756E+0	41.935484E-3
557	6.907587E+0	-16.395167E+0	539.038322E+0	85.311756E+0	41.935484E-3
558	6.925612E+0	-16.405735E+0	538.786308E+0	85.494085E+0	41.935484E-3
559	6.943636E+0	-16.405735E+0	538.786308E+0	85.494085E+0	41.935484E-3
560	6.932550E+0	-16.405735E+0	538.786308E+0	85.494085E+0	41.935484E-3
561	6.971653E+0	-16.405735E+0	538.786308E+0	85.494085E+0	41.935484E-3
562	6.989623E+0	-16.405511E+0	538.791667E+0	85.081576E+0	41.935484E-3
563	7.007594E+0	-16.405511E+0	538.791667E+0	85.081576E+0	41.935484E-3
564	7.026185E+0	-16.405511E+0	538.791667E+0	85.081576E+0	41.935484E-3
565	7.043708E+0	-16.405511E+0	538.791667E+0	85.081576E+0	41.935484E-3
566	7.061680E+0	-16.410045E+0	538.683532E+0	84.287450E+0	41.935484E-3
567	7.067160E+0	-16.410045E+0	538.683532E+0	84.287450E+0	41.935484E-3
568	7.094179E+0	-16.410045E+0	538.683532E+0	84.287450E+0	41.935484E-3
569	7.112129E+0	-16.410045E+0	538.683532E+0	84.287450E+0	41.935484E-3
570	7.130081E+0	-16.404130E+0	538.824600E+0	83.534071E+0	41.935484E-3
571	7.164328E+0	-16.404130E+0	538.824600E+0	83.534071E+0	41.935484E-3
572	7.170474E+0	-16.404130E+0	538.824600E+0	83.534071E+0	41.935484E-3
573	7.188455E+0	-16.404130E+0	538.824600E+0	83.534071E+0	41.935484E-3
574	7.206433E+0	-16.402778E+0	538.856823E+0	82.927789E+0	41.935484E-3
575	7.228135E+0	-16.402778E+0	538.856823E+0	82.927789E+0	41.935484E-3
576	7.243418E+0	-16.402778E+0	538.856823E+0	82.927789E+0	41.935484E-3
577	7.261405E+0	-16.402778E+0	538.856823E+0	82.927789E+0	41.935484E-3
578	7.279391E+0	-16.394849E+0	539.045916E+0	82.363775E+0	41.935484E-3
579	7.319223E+0	-16.394849E+0	539.045916E+0	82.363775E+0	41.935484E-3
580	7.321390E+0	-16.394849E+0	539.045916E+0	82.363775E+0	41.935484E-3
581	7.339416E+0	-16.394849E+0	539.045916E+0	82.363775E+0	41.935484E-3
582	7.357441E+0	-16.401066E+0	538.897646E+0	82.202917E+0	41.935484E-3
583	7.358337E+0	-16.401066E+0	538.897646E+0	82.202917E+0	41.935484E-3
584	7.388769E+0	-16.401066E+0	538.897646E+0	82.202917E+0	41.935484E-3
585	7.406762E+0	-16.401066E+0	538.897646E+0	82.202917E+0	41.935484E-3
586	7.424757E+0	-16.399820E+0	538.927368E+0	82.535263E+0	41.935484E-3
587	7.442751E+0	-16.399820E+0	538.927368E+0	82.535263E+0	41.935484E-3
588	7.464180E+0	-16.399820E+0	538.927368E+0	82.535263E+0	41.935484E-3
589	7.479688E+0	-16.399820E+0	538.927368E+0	82.535263E+0	41.935484E-3
590	7.497689E+0	-16.400928E+0	538.900948E+0	83.039779E+0	41.935484E-3
591	7.512638E+0	-16.400928E+0	538.900948E+0	83.039779E+0	41.935484E-3
592	7.532848E+0	-16.400928E+0	538.900948E+0	83.039779E+0	41.935484E-3
593	7.550844E+0	-16.400928E+0	538.900948E+0	83.039779E+0	41.935484E-3
594	7.568839E+0	-16.405917E+0	538.781973E+0	84.252327E+0	41.935484E-3
595	7.586835E+0	-16.405917E+0	538.781973E+0	84.252327E+0	41.935484E-3
596	7.591084E+0	-16.405917E+0	538.781973E+0	84.252327E+0	41.935484E-3
597	7.619035E+0	-16.405917E+0	538.781973E+0	84.252327E+0	41.935484E-3
598	7.637005E+0	-16.403300E+0	538.844392E+0	85.367299E+0	41.935484E-3
599	7.662186E+0	-16.403300E+0	538.844392E+0	85.367299E+0	41.935484E-3
600	7.674934E+0	-16.403300E+0	538.844392E+0	85.367299E+0	41.935484E-3
601	7.692918E+0	-16.403300E+0	538.844392E+0	85.367299E+0	41.935484E-3
602	7.710901E+0	-16.402481E+0	538.863922E+0	85.700052E+0	41.935484E-3
603	7.731141E+0	-16.402481E+0	538.863922E+0	85.700052E+0	41.935484E-3
604	7.747490E+0	-16.402481E+0	538.863922E+0	85.700052E+0	41.935484E-3
605	7.765478E+0	-16.402481E+0	538.863922E+0	85.700052E+0	41.935484E-3
606	7.783466E+0	-16.408181E+0	538.727996E+0	86.068258E+0	41.935484E-3
607	7.785749E+0	-16.408181E+0	538.727996E+0	86.068258E+0	41.935484E-3
608	7.815111E+0	-16.408181E+0	538.727996E+0	86.068258E+0	41.935484E-3
609	7.833068E+0	-16.408181E+0	538.727996E+0	86.068258E+0	41.935484E-3
610	7.851028E+0	-16.402480E+0	538.863946E+0	85.171832E+0	41.935484E-3
611	7.884693E+0	-16.402480E+0	538.863946E+0	85.171832E+0	41.935484E-3
612	7.891278E+0	-16.402480E+0	538.863946E+0	85.171832E+0	41.935484E-3
613	7.909265E+0	-16.402480E+0	538.863946E+0	85.171832E+0	41.935484E-3
614	7.927253E+0	-16.415323E+0	538.557673E+0	84.314694E+0	41.935484E-3
615	7.945241E+0	-16.415323E+0	538.557673E+0	84.314694E+0	41.935484E-3
616	7.927844E+0	-16.415323E+0	538.557673E+0	84.314694E+0	41.935484E-3
617	7.971454E+0	-16.415323E+0	538.557673E+0	84.314694E+0	41.935484E-3
618	7.989378E+0	-16.407818E+0	538.736647E+0	83.734174E+0	41.935484E-3
619	8.027979E+0	-16.407818E+0	538.736647E+0	83.734174E+0	41.935484E-3
620	8.030930E+0	-16.407818E+0	538.736647E+0	83.734174E+0	41.935484E-3
621	8.048892E+0	-16.407818E+0	538.736647E+0	83.734174E+0	41.935484E-3
622	8.066851E+0	-16.400045E+0	538.922007E+0	82.943616E+0	41.935484E-3
623	8.106227E+0	-16.400045E+0	538.922007E+0	82.943616E+0	41.935484E-3
624	8.108680E+0	-16.400045E+0	538.922007E+0	82.943616E+0	41.935484E-3
625	8.126680E+0	-16.400045E+0	538.922007E+0	82.943616E+0	41.935484E-3
626	8.144681E+0	-16.405393E+0	538.794486E+0	82.693734E+0	41.935484E-3
627	8.162680E+0	-16.405393E+0	538.794486E+0	82.693734E+0	41.935484E-3
628	8.165947E+0	-16.405393E+0	538.794486E+0	82.693734E+0	41.935484E-3
629	8.194615E+0	-16.405393E+0	538.794486E+0	82.693734E+0	41.935484E-3
630	8.212588E+0	-16.401169E+0	538.895194E+0	82.333845E+0	41.935484E-3
631	8.242197E+0	-16.401169E+0	538.895194E+0	82.333845E+0	41.935484E-3
632	8.251745E+0	-16.401169E+0	538.895194E+0	82.333845E+0	41.935484E-3
633	8.269738E+0	-16.401169E+0	538.895194E+0	82.333845E+0	41.935484E-3
634	8.287732E+0	-16.398876E+0	538.949870E+0	82.020519E+0	41.935484E-3
635	8.305726E+0	-16.398876E+0	538.949870E+0	82.020519E+0	41.935484E-3
636	8.330037E+0	-16.398876E+0	538.949870E+0	82.020519E+0	41.935484E-3
637	8.343457E+0	-16.398876E+0	538.949870E+0	82.020519E+0	41.935484E-3
638	-40.000000E+0	-16.395315E+0	539.034803E+0	82.830765E+0	41.935484E-3
639	-27.471343E+0	-16.395315E+0	539.034803E+0	82.830765E+0	41.935484E-3
640	-27.478470E+0	-16.395315E+0	539.034803E+0	82.830765E+0	41.935484E-3
641	-27.478463E+0	-16.395315E+0	539.034803E+0	82.830765E+0	41.935484E-3
642	-27.478455E+0	-16.490643E+0	536.761586E+0	83.571390E+0	41.935484E-3
643	-27.741093E+0	-16.490643E+0	536.761586E+0	83.571390E+0	41.935484E-3
644	-27.550439E+0	-16.490643E+0	536.761586E+0	83.571390E+0	41.935484E-3
645	-27.550454E+0	-16.490643E+0	536.761586E+0	83.571390E+0	41.935484E-3
646	-27.550417E+0	-15.741043E+0	554.636675E+0	85.136280E+0	41.935484E-3
647	-27.550432E+0	-15.741043E+0	554.636675E+0	85.136280E+0	41.935484E-3
648	-25.485320E+0	-15.741043E+0	554.636675E+0	85.136280E+0	41.935484E-3
649	-26.984487E+0	-15.741043E+0	554.636675E+0	85.136280E+0	41.935484E-3
650	-26.984494E+0	-12.733690E+0	626.350474E+0	87.772395E+0	41.935484E-3
651	-18.699107E+0	-12.733690E+0	626.350474E+0	87.772395E+0	41.935484E-3
652	-24.713933E+0	-12.733690E+0	626.350474E+0	87.772395E+0	41.935484E-3
653	-24.713933E+0	-12.733690E+0	626.350474E+0	87.772395E+0	41.935484E-3
654	-24.713942E+0	-12.733690E+0	626.350474E+0	87.772395E+0	41.935484E-3
655	-24.713933E+0	-8.766244E+0	720.958808E+0	85.020867E+0	41.935484E-3
656	-13.783783E+0	-8.766244E+0	720.958808E+0	85.020867E+0	41.935484E-3
657	-21.718511E+0	-8.766244E+0	720.958808E+0	85.020867E+0	41.935484E-3
658	-21.718514E+0	-5.037307E+0	809.879591E+0	83.822977E+0	41.935484E-3
659	-21.718514E+0	-5.037307E+0	809.879591E+0	83.822977E+0	41.935484E-3
660	-11.445598E+0	-5.037307E+0	809.879591E+0	83.822977E+0	41.935484E-3
661	-18.903167E+0	-5.037307E+0	809.879591E+0	83.822977E+0	41.935484E-3
662	-18.903162E+0	-1.461589E+0	895.146726E+0	86.425191E+0	41.935484E-3
663	-9.052062E+0	-1.461589E+0	895.146726E+0	86.425191E+0	41.935484E-3
664	-16.203500E+0	-1.461589E+0	895.146726E+0	86.425191E+0	41.935484E-3
665	-16.203497E+0	-1.461589E+0	895.146726E+0	86.425191E+0	41.935484E-3
666	-16.203502E+0	1.856943E+0	974.280946E+0	86.094019E+0	41.935484E-3
667	-7.060945E+0	1.856943E+0	974.280946E+0	86.094019E+0	41.935484E-3
668	-13.788727E+0	1.856943E+0	974.280946E+0	86.094019E+0	41.935484E-3
669	-13.879450E+0	1.856943E+0	974.280946E+0	86.094019E+0	41.935484E-3
670	-13.970158E+0	1.856943E+0	974.280946E+0	86.094019E+0	41.935484E-3
671	-14.060873E+0	4.881617E+0	1.046408E+3	85.857578E+0	41.935484E-3
672	-5.818243E+0	4.881617E+0	1.046408E+3	85.857578E+0	41.935484E-3
673	-11.943548E+0	4.881617E+0	1.046408E+3	85.857578E+0	41.935484E-3
674	-12.019140E+0	4.881617E+0	1.046408E+3	85.857578E+0	41.935484E-3
675	-12.094732E+0	7.737464E+0	1.114509E+3	83.045953E+0	41.935484E-3
676	-12.170322E+0	7.737464E+0	1.114509E+3	83.045953E+0	41.935484E-3
677	-4.378173E+0	7.737464E+0	1.114509E+3	83.045953E+0	41.935484E-3
678	-10.151064E+0	10.493735E+0	1.180235E+3	85.205114E+0	41.935484E-3
679	-2.618848E+0	10.493735E+0	1.180235E+3	85.205114E+0	41.935484E-3
680	-8.178929E+0	10.493735E+0	1.180235E+3	85.205114E+0	41.935484E-3
681	-8.226456E+0	10.493735E+0	1.180235E+3	85.205114E+0	41.935484E-3
682	-8.273985E+0	10.493735E+0	1.180235E+3	85.205114E+0	41.935484E-3
683	-8.321517E+0	13.089085E+0	1.242124E+3	84.272967E+0	41.935484E-3
684	-8.369048E+0	13.089085E+0	1.242124E+3	84.272967E+0	41.935484E-3
685	-1.266390E+0	13.089085E+0	1.242124E+3	84.272967E+0	41.935484E-3
686	-6.491645E+0	15.454696E+0	1.298535E+3	83.855978E+0	41.935484E-3
687	-6.526199E+0	15.454696E+0	1.298535E+3	83.855978E+0	41.935484E-3
688	-43.591324E-3	15.454696E+0	1.298535E+3	83.855978E+0	41.935484E-3
689	-4.797444E+0	15.454696E+0	1.298535E+3	83.855978E+0	41.935484E-3
690	-4.820172E+0	17.880170E+0	1.356373E+3	82.627273E+0	41.935484E-3
691	-4.842898E+0	17.880170E+0	1.356373E+3	82.627273E+0	41.935484E-3
692	1.816169E+0	17.880170E+0	1.356373E+3	82.627273E+0	41.935484E-3
693	-3.044990E+0	17.880170E+0	1.356373E+3	82.627273E+0	41.935484E-3
694	-3.055589E+0	17.880170E+0	1.356373E+3	82.627273E+0	41.935484E-3
695	-3.066188E+0	20.030145E+0	1.407642E+3	84.323379E+0	41.935484E-3
696	-3.076787E+0	20.030145E+0	1.407642E+3	84.323379E+0	41.935484E-3
697	2.835792E+0	20.030145E+0	1.407642E+3	84.323379E+0	41.935484E-3
698	-1.464005E+0	22.026108E+0	1.455238E+3	86.923513E+0	41.935484E-3
699	-1.463855E+0	22.026108E+0	1.455238E+3	86.923513E+0	41.935484E-3
700	4.034937E+0	22.026108E+0	1.455238E+3	86.923513E+0	41.935484E-3
701	53.379690E-3	22.026108E+0	1.455238E+3	86.923513E+0	41.935484E-3
702	63.509622E-3	24.002620E+0	1.502370E+3	85.777854E+0	41.935484E-3
703	5.518852E+0	24.002620E+0	1.502370E+3	85.777854E+0	41.935484E-3
704	1.585922E+0	24.002620E+0	1.502370E+3	85.777854E+0	41.935484E-3
705	1.605933E+0	24.002620E+0	1.502370E+3	85.777854E+0	41.935484E-3
706	1.625946E+0	24.002620E+0	1.502370E+3	85.777854E+0	41.935484E-3
707	1.645959E+0	25.911695E+0	1.547894E+3	83.884387E+0	41.935484E-3
708	6.925323E+0	25.911695E+0	1.547894E+3	83.884387E+0	41.935484E-3
709	3.136882E+0	25.911695E+0	1.547894E+3	83.884387E+0	41.935484E-3
710	3.166445E+0	25.911695E+0	1.547894E+3	83.884387E+0	41.935484E-3
711	3.196001E+0	27.571782E+0	1.587481E+3	84.188743E+0	41.935484E-3
712	7.799231E+0	27.571782E+0	1.587481E+3	84.188743E+0	41.935484E-3
713	4.516783E+0	27.571782E+0	1.587481E+3	84.188743E+0	41.935484E-3
714	4.554642E+0	27.571782E+0	1.587481E+3	84.188743E+0	41.935484E-3
715	4.592500E+0	29.031995E+0	1.622301E+3	85.067561E+0	41.935484E-3
716	8.653245E+0	29.031995E+0	1.622301E+3	85.067561E+0	41.935484E-3
717	5.777984E+0	29.031995E+0	1.622301E+3	85.067561E+0	41.935484E-3
718	5.823140E+0	29.031995E+0	1.622301E+3	85.067561E+0	41.935484E-3
719	5.868300E+0	30.261350E+0	1.651617E+3	85.002863E+0	41.935484E-3
720	9.300188E+0	30.261350E+0	1.651617E+3	85.002863E+0	41.935484E-3
721	6.892931E+0	30.261350E+0	1.651617E+3	85.002863E+0	41.935484E-3
722	6.944235E+0	30.261350E+0	1.651617E+3	85.002863E+0	41.935484E-3
723	6.995543E+0	31.205673E+0	1.674135E+3	85.124706E+0	41.935484E-3
724	9.648460E+0	31.205673E+0	1.674135E+3	85.124706E+0	41.935484E-3
725	7.815842E+0	31.205673E+0	1.674135E+3	85.124706E+0	41.935484E-3
726	7.871869E+0	31.205673E+0	1.674135E+3	85.124706E+0	41.935484E-3
727	7.927899E+0	32.212370E+0	1.698141E+3	85.178409E+0	41.935484E-3
728	10.757379E+0	32.212370E+0	1.698141E+3	85.178409E+0	41.935484E-3
729	8.805052E+0	32.212370E+0	1.698141E+3	85.178409E+0	41.935484E-3
730	8.866110E+0	32.212370E+0	1.698141E+3	85.178409E+0	41.935484E-3
731	8.927173E+0	33.216260E+0	1.722080E+3	87.664713E+0	41.935484E-3
732	11.754068E+0	33.216260E+0	1.722080E+3	87.664713E+0	41.935484E-3
733	9.812248E+0	33.216260E+0	1.722080E+3	87.664713E+0	41.935484E-3
734	9.878330E+0	33.216260E+0	1.722080E+3	87.664713E+0	41.935484E-3
735	9.944412E+0	34.276610E+0	1.747365E+3	87.124011E+0	41.935484E-3
736	12.931757E+0	34.276610E+0	1.747365E+3	87.124011E+0	41.935484E-3
737	10.882440E+0	34.276610E+0	1.747365E+3	87.124011E+0	41.935484E-3
738	10.953823E+0	34.276610E+0	1.747365E+3	87.124011E+0	41.935484E-3
739	11.025208E+0	35.132373E+0	1.767772E+3	87.290095E+0	41.935484E-3
740	13.454184E+0	35.132373E+0	1.767772E+3	87.290095E+0	41.935484E-3
741	11.818364E+0	35.132373E+0	1.767772E+3	87.290095E+0	41.935484E-3
742	11.894014E+0	35.132373E+0	1.767772E+3	87.290095E+0	41.935484E-3
743	11.969676E+0	35.567199E+0	1.778141E+3	88.163230E+0	41.935484E-3
744	13.243299E+0	35.567199E+0	1.778141E+3	88.163230E+0	41.935484E-3
745	12.451467E+0	35.567199E+0	1.778141E+3	88.163230E+0	41.935484E-3
746	12.529302E+0	35.567199E+0	1.778141E+3	88.163230E+0	41.935484E-3
747	12.607141E+0	35.374826E+0	1.773554E+3	88.713533E+0	41.935484E-3
748	12.154970E+0	35.374826E+0	1.773554E+3	88.713533E+0	41.935484E-3
749	12.616608E+0	35.374826E+0	1.773554E+3	88.713533E+0	41.935484E-3
750	12.693488E+0	35.374826E+0	1.773554E+3	88.713533E+0	41.935484E-3
751	12.770359E+0	34.908732E+0	1.762439E+3	89.218551E+0	41.935484E-3
752	11.563185E+0	34.908732E+0	1.762439E+3	89.218551E+0	41.935484E-3
753	12.569871E+0	34.908732E+0	1.762439E+3	89.218551E+0	41.935484E-3
754	12.644417E+0	34.908732E+0	1.762439E+3	89.218551E+0	41.935484E-3
755	12.718966E+0	34.319727E+0	1.748393E+3	88.491067E+0	41.935484E-3
756	11.170702E+0	34.319727E+0	1.748393E+3	88.491067E+0	41.935484E-3
757	12.420404E+0	34.319727E+0	1.748393E+3	88.491067E+0	41.935484E-3
758	12.492003E+0	34.319727E+0	1.748393E+3	88.491067E+0	41.935484E-3
759	12.563602E+0	33.615070E+0	1.731590E+3	89.173021E+0	41.935484E-3
760	10.693927E+0	33.615070E+0	1.731590E+3	89.173021E+0	41.935484E-3
761	12.171262E+0	33.615070E+0	1.731590E+3	89.173021E+0	41.935484E-3
762	12.239334E+0	33.615070E+0	1.731590E+3	89.173021E+0	41.935484E-3
763	12.307410E+0	32.869592E+0	1.713813E+3	89.238936E+0	41.935484E-3
764	10.321694E+0	32.869592E+0	1.713813E+3	89.238936E+0	41.935484E-3
765	11.877005E+0	32.869592E+0	1.713813E+3	89.238936E+0	41.935484E-3
766	11.941348E+0	32.869592E+0	1.713813E+3	89.238936E+0	41.935484E-3
767	12.005693E+0	32.125575E+0	1.696071E+3	87.421893E+0	41.935484E-3
768	10.020276E+0	32.125575E+0	1.696071E+3	87.421893E+0	41.935484E-3
769	11.568937E+0	32.125575E+0	1.696071E+3	87.421893E+0	41.935484E-3
770	11.629567E+0	32.125575E+0	1.696071E+3	87.421893E+0	41.935484E-3
771	11.690195E+0	31.391437E+0	1.678565E+3	82.197926E+0	41.935484E-3
772	11.750820E+0	31.391437E+0	1.678565E+3	82.197926E+0	41.935484E-3
773	9.788866E+0	31.391437E+0	1.678565E+3	82.197926E+0	41.935484E-3
774	11.314131E+0	31.391437E+0	1.678565E+3	82.197926E+0	41.935484E-3
775	11.371088E+0	30.628095E+0	1.660362E+3	84.691950E+0	41.935484E-3
776	11.428051E+0	30.628095E+0	1.660362E+3	84.691950E+0	41.935484E-3
777	9.381874E+0	30.628095E+0	1.660362E+3	84.691950E+0	41.935484E-3
778	10.961820E+0	30.628095E+0	1.660362E+3	84.691950E+0	41.935484E-3
779	11.014960E+0	29.642338E+0	1.636856E+3	86.850719E+0	41.935484E-3
780	11.068103E+0	29.642338E+0	1.636856E+3	86.850719E+0	41.935484E-3
781	8.405482E+0	29.642338E+0	1.636856E+3	86.850719E+0	41.935484E-3
782	10.425206E+0	29.642338E+0	1.636856E+3	86.850719E+0	41.935484E-3
783	10.473418E+0	28.528665E+0	1.610299E+3	87.674281E+0	41.935484E-3
784	10.521630E+0	28.528665E+0	1.610299E+3	87.674281E+0	41.935484E-3
785	7.501673E+0	28.528665E+0	1.610299E+3	87.674281E+0	41.935484E-3
786	9.771661E+0	28.528665E+0	1.610299E+3	87.674281E+0	41.935484E-3
787	9.814305E+0	27.333643E+0	1.581802E+3	86.769655E+0	41.935484E-3
788	9.856948E+0	27.333643E+0	1.581802E+3	86.769655E+0	41.935484E-3
789	6.607597E+0	27.333643E+0	1.581802E+3	86.769655E+0	41.935484E-3
790	9.034020E+0	27.333643E+0	1.581802E+3	86.769655E+0	41.935484E-3
791	9.070688E+0	26.093069E+0	1.552219E+3	82.621985E+0	41.935484E-3
792	9.107354E+0	26.093069E+0	1.552219E+3	82.621985E+0	41.935484E-3
793	5.726243E+0	26.093069E+0	1.552219E+3	82.621985E+0	41.935484E-3
794	8.237857E+0	26.093069E+0	1.552219E+3	82.621985E+0	41.935484E-3
795	8.268321E+0	25.000901E+0	1.526175E+3	86.262863E+0	41.935484E-3
796	8.298786E+0	25.000901E+0	1.526175E+3	86.262863E+0	41.935484E-3
797	5.320326E+0	25.000901E+0	1.526175E+3	86.262863E+0	41.935484E-3
798	7.529669E+0	25.000901E+0	1.526175E+3	86.262863E+0	41.935484E-3
799	7.554673E+0	24.019685E+0	1.502777E+3	87.565652E+0	41.935484E-3
800	4.876547E+0	24.019685E+0	1.502777E+3	87.565652E+0	41.935484E-3
801	6.858959E+0	24.019685E+0	1.502777E+3	87.565652E+0	41.935484E-3
802	6.879056E+0	24.019685E+0	1.502777E+3	87.565652E+0	41.935484E-3
803	6.899155E+0	23.140989E+0	1.481824E+3	87.053199E+0	41.935484E-3
804	6.919254E+0	23.140989E+0	1.481824E+3	87.053199E+0	41.935484E-3
805	4.518546E+0	23.140989E+0	1.481824E+3	87.053199E+0	41.935484E-3
806	6.291642E+0	23.140989E+0	1.481824E+3	87.053199E+0	41.935484E-3
807	6.307347E+0	22.360031E+0	1.463201E+3	86.355609E+0	41.935484E-3
808	4.171512E+0	22.360031E+0	1.463201E+3	86.355609E+0	41.935484E-3
809	5.745228E+0	22.360031E+0	1.463201E+3	86.355609E+0	41.935484E-3
810	5.757029E+0	22.360031E+0	1.463201E+3	86.355609E+0	41.935484E-3
811	5.768829E+0	22.201477E+0	1.459420E+3	82.654651E+0	41.935484E-3
812	5.780629E+0	22.201477E+0	1.459420E+3	82.654651E+0	41.935484E-3
813	5.355670E+0	22.201477E+0	1.459420E+3	82.654651E+0	41.935484E-3
814	5.683727E+0	22.201477E+0	1.459420E+3	82.654651E+0	41.935484E-3
815	5.694735E+0	22.651576E+0	1.470153E+3	85.704393E+0	41.935484E-3
816	5.705743E+0	22.651576E+0	1.470153E+3	85.704393E+0	41.935484E-3
817	6.956792E+0	22.651576E+0	1.470153E+3	85.704393E+0	41.935484E-3
818	6.069833E+0	22.651576E+0	1.470153E+3	85.704393E+0	41.935484E-3
819	6.083091E+0	23.062031E+0	1.479941E+3	84.485184E+0	41.935484E-3
820	6.096349E+0	23.062031E+0	1.479941E+3	84.485184E+0	41.935484E-3
821	7.240410E+0	23.062031E+0	1.479941E+3	84.485184E+0	41.935484E-3
822	6.434810E+0	23.062031E+0	1.479941E+3	84.485184E+0	41.935484E-3
823	6.450120E+0	23.283169E+0	1.485214E+3	84.128571E+0	41.935484E-3
824	7.074648E+0	23.283169E+0	1.485214E+3	84.128571E+0	41.935484E-3
825	6.648805E+0	23.283169E+0	1.485214E+3	84.128571E+0	41.935484E-3
826	6.665221E+0	23.283169E+0	1.485214E+3	84.128571E+0	41.935484E-3
827	6.681637E+0	23.441957E+0	1.489001E+3	84.221717E+0	41.935484E-3
828	7.135507E+0	23.441957E+0	1.489001E+3	84.221717E+0	41.935484E-3
829	6.835148E+0	23.441957E+0	1.489001E+3	84.221717E+0	41.935484E-3
830	6.852358E+0	23.441957E+0	1.489001E+3	84.221717E+0	41.935484E-3
831	6.869568E+0	23.268723E+0	1.484870E+3	84.366332E+0	41.935484E-3
832	6.886776E+0	23.268723E+0	1.484870E+3	84.366332E+0	41.935484E-3
833	6.426728E+0	23.268723E+0	1.484870E+3	84.366332E+0	41.935484E-3
834	6.789539E+0	23.268723E+0	1.484870E+3	84.366332E+0	41.935484E-3
835	6.805883E+0	23.301142E+0	1.485643E+3	86.477616E+0	41.935484E-3
836	6.822226E+0	23.301142E+0	1.485643E+3	86.477616E+0	41.935484E-3
837	6.927879E+0	23.301142E+0	1.485643E+3	86.477616E+0	41.935484E-3
838	6.879552E+0	23.301142E+0	1.485643E+3	86.477616E+0	41.935484E-3
839	6.896057E+0	23.346934E+0	1.486735E+3	85.586553E+0	41.935484E-3
840	6.912564E+0	23.346934E+0	1.486735E+3	85.586553E+0	41.935484E-3
841	7.055228E+0	23.346934E+0	1.486735E+3	85.586553E+0	41.935484E-3
842	6.980376E+0	23.346934E+0	1.486735E+3	85.586553E+0	41.935484E-3
843	6.997111E+0	23.235922E+0	1.484087E+3	87.155984E+0	41.935484E-3
844	6.708009E+0	23.235922E+0	1.484087E+3	87.155984E+0	41.935484E-3
845	6.946211E+0	23.235922E+0	1.484087E+3	87.155984E+0	41.935484E-3
846	6.962391E+0	23.235922E+0	1.484087E+3	87.155984E+0	41.935484E-3
847	6.978571E+0	23.331260E+0	1.486361E+3	85.464018E+0	41.935484E-3
848	7.257395E+0	23.331260E+0	1.486361E+3	85.464018E+0	41.935484E-3
849	7.083387E+0	23.331260E+0	1.486361E+3	85.464018E+0	41.935484E-3
850	7.100044E+0	23.331260E+0	1.486361E+3	85.464018E+0	41.935484E-3
851	7.116700E+0	23.349452E+0	1.486795E+3	85.433906E+0	41.935484E-3
852	7.133356E+0	23.349452E+0	1.486795E+3	85.433906E+0	41.935484E-3
853	7.200130E+0	23.349452E+0	1.486795E+3	85.433906E+0	41.935484E-3
854	7.180494E+0	23.349452E+0	1.486795E+3	85.433906E+0	41.935484E-3
855	7.197241E+0	23.277133E+0	1.485070E+3	85.385036E+0	41.935484E-3
856	7.014753E+0	23.277133E+0	1.485070E+3	85.385036E+0	41.935484E-3
857	7.175773E+0	23.277133E+0	1.485070E+3	85.385036E+0	41.935484E-3
858	7.192159E+0	23.277133E+0	1.485070E+3	85.385036E+0	41.935484E-3
859	7.208544E+0	23.243103E+0	1.484259E+3	86.141734E+0	41.935484E-3
860	7.224931E+0	23.243103E+0	1.484259E+3	86.141734E+0	41.935484E-3
861	7.147573E+0	23.243103E+0	1.484259E+3	86.141734E+0	41.935484E-3
862	7.231839E+0	23.243103E+0	1.484259E+3	86.141734E+0	41.935484E-3
863	7.248055E+0	23.264963E+0	1.484780E+3	84.746778E+0	41.935484E-3
864	7.324493E+0	23.264963E+0	1.484780E+3	84.746778E+0	41.935484E-3
865	7.297099E+0	23.264963E+0	1.484780E+3	84.746778E+0	41.935484E-3
866	7.313424E+0	23.264963E+0	1.484780E+3	84.746778E+0	41.935484E-3
867	7.329748E+0	23.233835E+0	1.484038E+3	85.039624E+0	41.935484E-3
868	7.260314E+0	23.233835E+0	1.484038E+3	85.039624E+0	41.935484E-3
869	7.338741E+0	23.233835E+0	1.484038E+3	85.039624E+0	41.935484E-3
870	7.354910E+0	23.233835E+0	1.484038E+3	85.039624E+0	41.935484E-3
871	7.371080E+0	23.234322E+0	1.484049E+3	85.141764E+0	41.935484E-3
872	7.387250E+0	23.234322E+0	1.484049E+3	85.141764E+0	41.935484E-3
873	7.404759E+0	23.234322E+0	1.484049E+3	85.141764E+0	41.935484E-3
874	7.419957E+0	23.234322E+0	1.484049E+3	85.141764E+0	41.935484E-3
875	7.436128E+0	23.241970E+0	1.484232E+3	84.910571E+0	41.935484E-3
876	7.452300E+0	23.241970E+0	1.484232E+3	84.910571E+0	41.935484E-3
877	7.489542E+0	23.241970E+0	1.484232E+3	84.910571E+0	41.935484E-3
878	7.490456E+0	23.241970E+0	1.484232E+3	84.910571E+0	41.935484E-3
879	7.506665E+0	23.237218E+0	1.484118E+3	85.127796E+0	41.935484E-3
880	7.509786E+0	23.237218E+0	1.484118E+3	85.127796E+0	41.935484E-3
881	7.535475E+0	23.237218E+0	1.484118E+3	85.127796E+0	41.935484E-3
882	7.551660E+0	23.237218E+0	1.484118E+3	85.127796E+0	41.935484E-3
883	7.567846E+0	23.240054E+0	1.484186E+3	85.766488E+0	41.935484E-3
884	7.584032E+0	23.240054E+0	1.484186E+3	85.766488E+0	41.935484E-3
885	7.608031E+0	23.240054E+0	1.484186E+3	85.766488E+0	41.935484E-3
886	7.618559E+0	23.240054E+0	1.484186E+3	85.766488E+0	41.935484E-3
887	7.634759E+0	23.240054E+0	1.484186E+3	85.766488E+0	41.935484E-3
888	7.650960E+0	23.239915E+0	1.484183E+3	86.244872E+0	41.935484E-3
889	7.667160E+0	23.239915E+0	1.484183E+3	86.244872E+0	41.935484E-3
890	7.682978E+0	23.239915E+0	1.484183E+3	86.244872E+0	41.935484E-3
891	7.699456E+0	23.239915E+0	1.484183E+3	86.244872E+0	41.935484E-3
892	7.715655E+0	23.235420E+0	1.484075E+3	86.834207E+0	41.935484E-3
893	7.719472E+0	23.235420E+0	1.484075E+3	86.834207E+0	41.935484E-3
894	7.744638E+0	23.235420E+0	1.484075E+3	86.834207E+0	41.935484E-3
895	7.760815E+0	23.234178E+0	1.484046E+3	86.747772E+0	41.935484E-3
896	7.776994E+0	23.234178E+0	1.484046E+3	86.747772E+0	41.935484E-3
897	7.789748E+0	23.234178E+0	1.484046E+3	86.747772E+0	41.935484E-3
898	7.808403E+0	23.234178E+0	1.484046E+3	86.747772E+0	41.935484E-3
899	7.824573E+0	23.234178E+0	1.484046E+3	86.747772E+0	41.935484E-3
900	7.840745E+0	23.230720E+0	1.483963E+3	86.914229E+0	41.935484E-3
901	7.856916E+0	23.230720E+0	1.483963E+3	86.914229E+0	41.935484E-3
902	7.863556E+0	23.230720E+0	1.483963E+3	86.914229E+0	41.935484E-3
903	7.886628E+0	23.220765E+0	1.483726E+3	86.522321E+0	41.935484E-3
904	7.902782E+0	23.220765E+0	1.483726E+3	86.522321E+0	41.935484E-3
905	7.891513E+0	23.220765E+0	1.483726E+3	86.522321E+0	41.935484E-3
906	7.927525E+0	23.220765E+0	1.483726E+3	86.522321E+0	41.935484E-3
907	7.943628E+0	23.220765E+0	1.483726E+3	86.522321E+0	41.935484E-3
908	7.959731E+0	23.276072E+0	1.485045E+3	85.826660E+0	41.935484E-3
909	8.128193E+0	23.276072E+0	1.485045E+3	85.826660E+0	41.935484E-3
910	8.033973E+0	23.276072E+0	1.485045E+3	85.826660E+0	41.935484E-3
911	8.050353E+0	23.338487E+0	1.486533E+3	84.999131E+0	41.935484E-3
912	8.066733E+0	23.338487E+0	1.486533E+3	84.999131E+0	41.935484E-3
913	8.255071E+0	23.338487E+0	1.486533E+3	84.999131E+0	41.935484E-3
914	8.146929E+0	23.338487E+0	1.486533E+3	84.999131E+0	41.935484E-3
915	8.163622E+0	23.338487E+0	1.486533E+3	84.999131E+0	41.935484E-3
916	8.180314E+0	23.332983E+0	1.486402E+3	84.118365E+0	41.935484E-3
917	8.181843E+0	23.332983E+0	1.486402E+3	84.118365E+0	41.935484E-3
918	8.209516E+0	23.332983E+0	1.486402E+3	84.118365E+0	41.935484E-3
919	8.226181E+0	23.233076E+0	1.484020E+3	83.168480E+0	41.935484E-3
920	7.967619E+0	23.233076E+0	1.484020E+3	83.168480E+0	41.935484E-3
921	8.183582E+0	23.233076E+0	1.484020E+3	83.168480E+0	41.935484E-3
922	8.199747E+0	23.233076E+0	1.484020E+3	83.168480E+0	41.935484E-3
923	8.215912E+0	23.223532E+0	1.483792E+3	83.205395E+0	41.935484E-3
924	8.232077E+0	23.223532E+0	1.483792E+3	83.205395E+0	41.935484E-3
925	8.221948E+0	23.223532E+0	1.483792E+3	83.205395E+0	41.935484E-3
926	8.257154E+0	23.223532E+0	1.483792E+3	83.205395E+0	41.935484E-3
927	8.273272E+0	23.223532E+0	1.483792E+3	83.205395E+0	41.935484E-3
928	8.289390E+0	23.239975E+0	1.484184E+3	83.078371E+0	41.935484E-3
929	8.350809E+0	23.239975E+0	1.484184E+3	83.078371E+0	41.935484E-3
930	8.334123E+0	23.239975E+0	1.484184E+3	83.078371E+0	41.935484E-3
931	8.350323E+0	23.239975E+0	1.484184E+3	83.078371E+0	41.935484E-3
932	8.366521E+0	23.181722E+0	1.482795E+3	83.755388E+0	41.935484E-3
933	8.222239E+0	23.181722E+0	1.482795E+3	83.755388E+0	41.935484E-3
934	8.354650E+0	23.181722E+0	1.482795E+3	83.755388E+0	41.935484E-3
935	8.370558E+0	23.181722E+0	1.482795E+3	83.755388E+0	41.935484E-3
936	8.386466E+0	23.095752E+0	1.480745E+3	85.262617E+0	41.935484E-3
937	8.165529E+0	23.095752E+0	1.480745E+3	85.262617E+0	41.935484E-3
938	8.352946E+0	23.095752E+0	1.480745E+3	85.262617E+0	41.935484E-3
939	40.000000E+0	23.095752E+0	1.480745E+3	85.262617E+0	41.935484E-3
940	32.537302E+0	23.123789E+0	1.481413E+3	86.142533E+0	41.935484E-3
941	32.614535E+0	23.123789E+0	1.481413E+3	86.142533E+0	41.935484E-3
942	32.558452E+0	23.123789E+0	1.481413E+3	86.142533E+0	41.935484E-3
943	32.558461E+0	23.231081E+0	1.483972E+3	84.785510E+0	41.935484E-3
944	32.558482E+0	23.231081E+0	1.483972E+3	84.785510E+0	41.935484E-3
945	32.854050E+0	23.231081E+0	1.483972E+3	84.785510E+0	41.935484E-3
946	32.639466E+0	23.231081E+0	1.483972E+3	84.785510E+0	41.935484E-3
947	32.639471E+0	23.231081E+0	1.483972E+3	84.785510E+0	41.935484E-3
948	32.639466E+0	22.676254E+0	1.470741E+3	85.588487E+0	41.935484E-3
949	31.110917E+0	22.676254E+0	1.470741E+3	85.588487E+0	41.935484E-3
950	32.220580E+0	22.676254E+0	1.470741E+3	85.588487E+0	41.935484E-3
951	32.220572E+0	22.676254E+0	1.470741E+3	85.588487E+0	41.935484E-3
952	32.220563E+0	19.943476E+0	1.405575E+3	85.904132E+0	41.935484E-3
953	24.691770E+0	19.943476E+0	1.405575E+3	85.904132E+0	41.935484E-3
954	30.157325E+0	19.943476E+0	1.405575E+3	85.904132E+0	41.935484E-3
955	30.157321E+0	16.602422E+0	1.325904E+3	86.297790E+0	41.935484E-3
956	30.157325E+0	16.602422E+0	1.325904E+3	86.297790E+0	41.935484E-3
957	20.956425E+0	16.602422E+0	1.325904E+3	86.297790E+0	41.935484E-3
958	27.634733E+0	16.602422E+0	1.325904E+3	86.297790E+0	41.935484E-3
959	27.634828E+0	16.602422E+0	1.325904E+3	86.297790E+0	41.935484E-3
960	27.634836E+0	13.641534E+0	1.255298E+3	85.730193E+0	41.935484E-3
961	19.477583E+0	13.641534E+0	1.255298E+3	85.730193E+0	41.935484E-3
962	25.399362E+0	13.641534E+0	1.255298E+3	85.730193E+0	41.935484E-3
963	25.399348E+0	13.641534E+0	1.255298E+3	85.730193E+0	41.935484E-3
964	25.399358E+0	10.705120E+0	1.185276E+3	85.730337E+0	41.935484E-3
965	17.309416E+0	10.705120E+0	1.185276E+3	85.730337E+0	41.935484E-3
966	23.182365E+0	10.705120E+0	1.185276E+3	85.730337E+0	41.935484E-3
967	23.182369E+0	10.705120E+0	1.185276E+3	85.730337E+0	41.935484E-3
968	23.182381E+0	7.842578E+0	1.117015E+3	85.813876E+0	41.935484E-3
969	15.295477E+0	7.842578E+0	1.117015E+3	85.813876E+0	41.935484E-3
970	21.021152E+0	7.842578E+0	1.117015E+3	85.813876E+0	41.935484E-3
971	21.021146E+0	7.842578E+0	1.117015E+3	85.813876E+0	41.935484E-3
972	21.021138E+0	5.255163E+0	1.055315E+3	87.951768E+0	41.935484E-3
973	13.892818E+0	5.255163E+0	1.055315E+3	87.951768E+0	41.935484E-3
974	19.067651E+0	5.255163E+0	1.055315E+3	87.951768E+0	41.935484E-3
975	19.067648E+0	5.255163E+0	1.055315E+3	87.951768E+0	41.935484E-3
976	19.067648E+0	2.893979E+0	999.010276E+0	84.937804E+0	41.935484E-3
977	19.067648E+0	2.893979E+0	999.010276E+0	84.937804E+0	41.935484E-3
978	12.562587E+0	2.893979E+0	999.010276E+0	84.937804E+0	41.935484E-3
979	17.284954E+0	2.893979E+0	999.010276E+0	84.937804E+0	41.935484E-3
980	17.284959E+0	589.395717E-3	944.054821E+0	85.494215E+0	41.935484E-3
981	10.936204E+0	589.395717E-3	944.054821E+0	85.494215E+0	41.935484E-3
982	15.544981E+0	589.395717E-3	944.054821E+0	85.494215E+0	41.935484E-3
983	15.544992E+0	-1.604544E+0	891.737786E+0	83.169197E+0	41.935484E-3
984	15.544994E+0	-1.604544E+0	891.737786E+0	83.169197E+0	41.935484E-3
985	9.500778E+0	-1.604544E+0	891.737786E+0	83.169197E+0	41.935484E-3
986	13.980548E+0	-1.604544E+0	891.737786E+0	83.169197E+0	41.935484E-3
987	14.072525E+0	-1.604544E+0	891.737786E+0	83.169197E+0	41.935484E-3
988	14.164501E+0	-3.579832E+0	844.634783E+0	85.656662E+0	41.935484E-3
989	8.814562E+0	-3.579832E+0	844.634783E+0	85.656662E+0	41.935484E-3
990	12.847247E+0	-3.579832E+0	844.634783E+0	85.656662E+0	41.935484E-3
991	12.929343E+0	-3.579832E+0	844.634783E+0	85.656662E+0	41.935484E-3
992	13.011449E+0	-5.324897E+0	803.021678E+0	84.256475E+0	41.935484E-3
993	8.285466E+0	-5.324897E+0	803.021678E+0	84.256475E+0	41.935484E-3
994	11.849392E+0	-5.324897E+0	803.021678E+0	84.256475E+0	41.935484E-3
995	11.922768E+0	-5.324897E+0	803.021678E+0	84.256475E+0	41.935484E-3
996	11.996144E+0	-7.033417E+0	762.280061E+0	85.096144E+0	41.935484E-3
997	7.362549E+0	-7.033417E+0	762.280061E+0	85.096144E+0	41.935484E-3
998	10.844420E+0	-7.033417E+0	762.280061E+0	85.096144E+0	41.935484E-3
999	10.909253E+0	-7.033417E+0	762.280061E+0	85.096144E+0	41.935484E-3
1000	10.974089E+0	-8.694755E+0	722.663539E+0	86.085523E+0	41.935484E-3
1001	6.461935E+0	-8.694755E+0	722.663539E+0	86.085523E+0	41.935484E-3
1002	9.841138E+0	-8.694755E+0	722.663539E+0	86.085523E+0	41.935484E-3
1003	9.897660E+0	-8.694755E+0	722.663539E+0	86.085523E+0	41.935484E-3
1004	9.954187E+0	-10.323309E+0	683.828788E+0	83.834596E+0	41.935484E-3
1005	5.524377E+0	-10.323309E+0	683.828788E+0	83.834596E+0	41.935484E-3
1006	8.829538E+0	-10.323309E+0	683.828788E+0	83.834596E+0	41.935484E-3
1007	8.877922E+0	-10.323309E+0	683.828788E+0	83.834596E+0	41.935484E-3
1008	8.926305E+0	-11.664434E+0	651.848101E+0	83.952649E+0	41.935484E-3
1009	5.279887E+0	-11.664434E+0	651.848101E+0	83.952649E+0	41.935484E-3
1010	8.003819E+0	-11.664434E+0	651.848101E+0	83.952649E+0	41.935484E-3
1011	8.045497E+0	-11.664434E+0	651.848101E+0	83.952649E+0	41.935484E-3
1012	8.087173E+0	-12.763995E+0	625.627818E+0	84.857070E+0	41.935484E-3
1013	5.099562E+0	-12.763995E+0	625.627818E+0	84.857070E+0	41.935484E-3
1014	7.334863E+0	-12.763995E+0	625.627818E+0	84.857070E+0	41.935484E-3
1015	7.371043E+0	-12.763995E+0	625.627818E+0	84.857070E+0	41.935484E-3
1016	7.407227E+0	-13.716999E+0	602.902322E+0	84.137977E+0	41.935484E-3
1017	4.817647E+0	-13.716999E+0	602.902322E+0	84.137977E+0	41.935484E-3
1018	6.755302E+0	-13.716999E+0	602.902322E+0	84.137977E+0	41.935484E-3
1019	6.786715E+0	-13.716999E+0	602.902322E+0	84.137977E+0	41.935484E-3
1020	6.818131E+0	-14.449537E+0	585.434115E+0	81.160604E+0	41.935484E-3
1021	6.849546E+0	-14.449537E+0	585.434115E+0	81.160604E+0	41.935484E-3
1022	4.862790E+0	-14.449537E+0	585.434115E+0	81.160604E+0	41.935484E-3
1023	6.355646E+0	-14.449537E+0	585.434115E+0	81.160604E+0	41.935484E-3
1024	6.383398E+0	-15.360071E+0	563.721393E+0	80.868552E+0	41.935484E-3
1025	3.902668E+0	-15.360071E+0	563.721393E+0	80.868552E+0	41.935484E-3
1026	5.746898E+0	-15.360071E+0	563.721393E+0	80.868552E+0	41.935484E-3
1027	5.770097E+0	-15.360071E+0	563.721393E+0	80.868552E+0	41.935484E-3
1028	5.793297E+0	-16.322136E+0	540.779840E+0	82.081722E+0	41.935484E-3
1029	3.166046E+0	-16.322136E+0	540.779840E+0	82.081722E+0	41.935484E-3
1030	5.108528E+0	-16.322136E+0	540.779840E+0	82.081722E+0	41.935484E-3
1031	5.126917E+0	-16.322136E+0	540.779840E+0	82.081722E+0	41.935484E-3
1032	5.145305E+0	-17.357983E+0	516.078868E+0	83.666767E+0	41.935484E-3
1033	5.163695E+0	-17.357983E+0	516.078868E+0	83.666767E+0	41.935484E-3
1034	2.328325E+0	-17.357983E+0	516.078868E+0	83.666767E+0	41.935484E-3
1035	4.413230E+0	-17.357983E+0	516.078868E+0	83.666767E+0	41.935484E-3
1036	4.426440E+0	-18.347258E+0	492.488453E+0	82.210060E+0	41.935484E-3
1037	1.714196E+0	-18.347258E+0	492.488453E+0	82.210060E+0	41.935484E-3
1038	3.701011E+0	-18.347258E+0	492.488453E+0	82.210060E+0	41.935484E-3
1039	3.709274E+0	-18.347258E+0	492.488453E+0	82.210060E+0	41.935484E-3
1040	3.717539E+0	-19.172498E+0	472.809663E+0	82.857977E+0	41.935484E-3
1041	1.452036E+0	-19.172498E+0	472.809663E+0	82.857977E+0	41.935484E-3
1042	3.106884E+0	-19.172498E+0	472.809663E+0	82.857977E+0	41.935484E-3
1043	3.111022E+0	-19.172498E+0	472.809663E+0	82.857977E+0	41.935484E-3
1044	3.115159E+0	-19.884164E+0	455.839163E+0	83.252317E+0	41.935484E-3
1045	1.158656E+0	-19.884164E+0	455.839163E+0	83.252317E+0	41.935484E-3
1046	2.582568E+0	-19.884164E+0	455.839163E+0	83.252317E+0	41.935484E-3
1047	2.583147E+0	-19.884164E+0	455.839163E+0	83.252317E+0	41.935484E-3
1048	2.583726E+0	-20.271629E+0	446.599615E+0	83.642267E+0	41.935484E-3
1049	2.584305E+0	-20.271629E+0	446.599615E+0	83.642267E+0	41.935484E-3
1050	1.517450E+0	-20.271629E+0	446.599615E+0	83.642267E+0	41.935484E-3
1051	2.290990E+0	-20.271629E+0	446.599615E+0	83.642267E+0	41.935484E-3
1052	2.289632E+0	-20.343370E+0	444.888859E+0	85.173890E+0	41.935484E-3
1053	2.090629E+0	-20.343370E+0	444.888859E+0	85.173890E+0	41.935484E-3
1054	2.232392E+0	-20.343370E+0	444.888859E+0	85.173890E+0	41.935484E-3
1055	2.230676E+0	-20.343370E+0	444.888859E+0	85.173890E+0	41.935484E-3
1056	2.228959E+0	-20.173633E+0	448.936441E+0	82.535752E+0	41.935484E-3
1057	2.694861E+0	-20.173633E+0	448.936441E+0	82.535752E+0	41.935484E-3
1058	2.354525E+0	-20.173633E+0	448.936441E+0	82.535752E+0	41.935484E-3
1059	2.353657E+0	-20.173633E+0	448.936441E+0	82.535752E+0	41.935484E-3
1060	2.352789E+0	-19.794676E+0	457.973106E+0	84.252744E+0	41.935484E-3
1061	2.351921E+0	-19.794676E+0	457.973106E+0	84.252744E+0	41.935484E-3
1062	3.395109E+0	-19.794676E+0	457.973106E+0	84.252744E+0	41.935484E-3
1063	2.638192E+0	-19.794676E+0	457.973106E+0	84.252744E+0	41.935484E-3
1064	2.639218E+0	-19.181632E+0	472.591854E+0	81.267416E+0	41.935484E-3
1065	2.640245E+0	-19.181632E+0	472.591854E+0	81.267416E+0	41.935484E-3
1066	4.330184E+0	-19.181632E+0	472.591854E+0	81.267416E+0	41.935484E-3
1067	3.108212E+0	-19.181632E+0	472.591854E+0	81.267416E+0	41.935484E-3
1068	3.112304E+0	-18.565886E+0	487.275036E+0	84.067618E+0	41.935484E-3
1069	4.812777E+0	-18.565886E+0	487.275036E+0	84.067618E+0	41.935484E-3
1070	3.588455E+0	-18.565886E+0	487.275036E+0	84.067618E+0	41.935484E-3
1071	3.595625E+0	-18.565886E+0	487.275036E+0	84.067618E+0	41.935484E-3
1072	3.602796E+0	-17.962844E+0	501.655253E+0	84.402692E+0	41.935484E-3
1073	5.271345E+0	-17.962844E+0	501.655253E+0	84.402692E+0	41.935484E-3
1074	4.075448E+0	-17.962844E+0	501.655253E+0	84.402692E+0	41.935484E-3
1075	4.085634E+0	-17.962844E+0	501.655253E+0	84.402692E+0	41.935484E-3
1076	4.095820E+0	-17.613054E+0	509.996416E+0	84.932497E+0	41.935484E-3
1077	5.069665E+0	-17.613054E+0	509.996416E+0	84.932497E+0	41.935484E-3
1078	4.382033E+0	-17.613054E+0	509.996416E+0	84.932497E+0	41.935484E-3
1079	4.393967E+0	-17.613054E+0	509.996416E+0	84.932497E+0	41.935484E-3
1080	4.405902E+0	-17.269931E+0	518.178561E+0	84.710930E+0	41.935484E-3
1081	4.417837E+0	-17.269931E+0	518.178561E+0	84.710930E+0	41.935484E-3
1082	5.375114E+0	-17.269931E+0	518.178561E+0	84.710930E+0	41.935484E-3
1083	4.702479E+0	-17.269931E+0	518.178561E+0	84.710930E+0	41.935484E-3
1084	4.716129E+0	-17.391019E+0	515.291083E+0	86.885774E+0	41.935484E-3
1085	4.729779E+0	-17.391019E+0	515.291083E+0	86.885774E+0	41.935484E-3
1086	4.409838E+0	-17.391019E+0	515.291083E+0	86.885774E+0	41.935484E-3
1087	4.665054E+0	-17.391019E+0	515.291083E+0	86.885774E+0	41.935484E-3
1088	4.678100E+0	-17.597664E+0	510.363398E+0	87.101833E+0	41.935484E-3
1089	4.691143E+0	-17.597664E+0	510.363398E+0	87.101833E+0	41.935484E-3
1090	4.134899E+0	-17.597664E+0	510.363398E+0	87.101833E+0	41.935484E-3
1091	4.560184E+0	-17.597664E+0	510.363398E+0	87.101833E+0	41.935484E-3
1092	4.572195E+0	-17.474910E+0	513.290608E+0	86.432772E+0	41.935484E-3
1093	4.922399E+0	-17.474910E+0	513.290608E+0	86.432772E+0	41.935484E-3
1094	4.689511E+0	-17.474910E+0	513.290608E+0	86.432772E+0	41.935484E-3
1095	4.702137E+0	-17.474910E+0	513.290608E+0	86.432772E+0	41.935484E-3
1096	4.714762E+0	-17.318156E+0	517.028587E+0	86.463167E+0	41.935484E-3
1097	4.727388E+0	-17.318156E+0	517.028587E+0	86.463167E+0	41.935484E-3
1098	5.171864E+0	-17.318156E+0	517.028587E+0	86.463167E+0	41.935484E-3
1099	4.871772E+0	-17.318156E+0	517.028587E+0	86.463167E+0	41.935484E-3
1100	4.885181E+0	-17.320563E+0	516.971196E+0	85.908696E+0	41.935484E-3
1101	4.898592E+0	-17.320563E+0	516.971196E+0	85.908696E+0	41.935484E-3
1102	4.905368E+0	-17.320563E+0	516.971196E+0	85.908696E+0	41.935484E-3
1103	4.923579E+0	-17.320563E+0	516.971196E+0	85.908696E+0	41.935484E-3
1104	4.936976E+0	-17.294926E+0	517.582527E+0	84.040860E+0	41.935484E-3
1105	5.021002E+0	-17.294926E+0	517.582527E+0	84.040860E+0	41.935484E-3
1106	4.983255E+0	-17.294926E+0	517.582527E+0	84.040860E+0	41.935484E-3
1107	4.996780E+0	-17.294926E+0	517.582527E+0	84.040860E+0	41.935484E-3
1108	5.010305E+0	-17.507730E+0	512.507984E+0	83.565359E+0	41.935484E-3
1109	5.023831E+0	-17.507730E+0	512.507984E+0	83.565359E+0	41.935484E-3
1110	4.451100E+0	-17.507730E+0	512.507984E+0	83.565359E+0	41.935484E-3
1111	4.889151E+0	-17.507730E+0	512.507984E+0	83.565359E+0	41.935484E-3
1112	4.901613E+0	-17.512151E+0	512.402541E+0	83.075155E+0	41.935484E-3
1113	4.901891E+0	-17.512151E+0	512.402541E+0	83.075155E+0	41.935484E-3
1114	4.923174E+0	-17.512151E+0	512.402541E+0	83.075155E+0	41.935484E-3
1115	4.935614E+0	-17.512151E+0	512.402541E+0	83.075155E+0	41.935484E-3
1116	4.948053E+0	-17.512151E+0	512.402541E+0	83.075155E+0	41.935484E-3
1117	4.960492E+0	-17.396827E+0	515.152576E+0	83.491041E+0	41.935484E-3
1118	5.290645E+0	-17.396827E+0	515.152576E+0	83.491041E+0	41.935484E-3
1119	5.073017E+0	-17.396827E+0	515.152576E+0	83.491041E+0	41.935484E-3
1120	5.086033E+0	-17.451464E+0	513.849714E+0	83.738857E+0	41.935484E-3
1121	5.099049E+0	-17.451464E+0	513.849714E+0	83.738857E+0	41.935484E-3
1122	4.961537E+0	-17.451464E+0	513.849714E+0	83.738857E+0	41.935484E-3
1123	5.083557E+0	-17.451464E+0	513.849714E+0	83.738857E+0	41.935484E-3
1124	5.096300E+0	-17.486779E+0	513.007587E+0	83.301430E+0	41.935484E-3
1125	5.011750E+0	-17.486779E+0	513.007587E+0	83.301430E+0	41.935484E-3
1126	5.094946E+0	-17.486779E+0	513.007587E+0	83.301430E+0	41.935484E-3
1127	5.107512E+0	-17.486779E+0	513.007587E+0	83.301430E+0	41.935484E-3
1128	5.120078E+0	-17.505833E+0	512.553210E+0	83.992866E+0	41.935484E-3
1129	5.080149E+0	-17.505833E+0	512.553210E+0	83.992866E+0	41.935484E-3
1130	5.130730E+0	-17.505833E+0	512.553210E+0	83.992866E+0	41.935484E-3
1131	5.143200E+0	-17.505833E+0	512.553210E+0	83.992866E+0	41.935484E-3
1132	5.155670E+0	-17.505833E+0	512.553210E+0	83.992866E+0	41.935484E-3
1133	5.168141E+0	-17.459492E+0	513.658262E+0	85.633047E+0	41.935484E-3
1134	5.180612E+0	-17.459492E+0	513.658262E+0	85.633047E+0	41.935484E-3
1135	5.320753E+0	-17.459492E+0	513.658262E+0	85.633047E+0	41.935484E-3
1136	5.240774E+0	-17.444398E+0	514.018203E+0	86.947668E+0	41.935484E-3
1137	5.295063E+0	-17.444398E+0	514.018203E+0	86.947668E+0	41.935484E-3
1138	5.277649E+0	-17.444398E+0	514.018203E+0	86.947668E+0	41.935484E-3
1139	5.290427E+0	-17.444398E+0	514.018203E+0	86.947668E+0	41.935484E-3
1140	5.303205E+0	-17.445209E+0	513.998869E+0	86.552855E+0	41.935484E-3
1141	5.315984E+0	-17.445209E+0	513.998869E+0	86.552855E+0	41.935484E-3
1142	5.326528E+0	-17.445209E+0	513.998869E+0	86.552855E+0	41.935484E-3
1143	5.340923E+0	-17.445209E+0	513.998869E+0	86.552855E+0	41.935484E-3
1144	5.353697E+0	-17.440850E+0	514.102819E+0	86.571310E+0	41.935484E-3
1145	5.378480E+0	-17.440850E+0	514.102819E+0	86.571310E+0	41.935484E-3
1146	5.382558E+0	-17.440850E+0	514.102819E+0	86.571310E+0	41.935484E-3
1147	5.395354E+0	-17.440850E+0	514.102819E+0	86.571310E+0	41.935484E-3
1148	5.408150E+0	-17.440850E+0	514.102819E+0	86.571310E+0	41.935484E-3
1149	5.420946E+0	-17.443867E+0	514.030866E+0	85.719202E+0	41.935484E-3
1150	5.425428E+0	-17.443867E+0	514.030866E+0	85.719202E+0	41.935484E-3
1151	5.444244E+0	-17.443867E+0	514.030866E+0	85.719202E+0	41.935484E-3
1152	5.457024E+0	-17.443867E+0	514.030866E+0	85.719202E+0	41.935484E-3
1153	5.469805E+0	-17.443408E+0	514.041802E+0	85.076052E+0	41.935484E-3
1154	5.483849E+0	-17.443408E+0	514.041802E+0	85.076052E+0	41.935484E-3
1155	5.495714E+0	-17.443408E+0	514.041802E+0	85.076052E+0	41.935484E-3
1156	5.508497E+0	-17.443408E+0	514.041802E+0	85.076052E+0	41.935484E-3
1157	5.521281E+0	-17.440688E+0	514.106678E+0	84.410423E+0	41.935484E-3
1158	5.541559E+0	-17.440688E+0	514.106678E+0	84.410423E+0	41.935484E-3
1159	5.548918E+0	-17.440688E+0	514.106678E+0	84.410423E+0	41.935484E-3
1160	5.561713E+0	-17.440688E+0	514.106678E+0	84.410423E+0	41.935484E-3
1161	5.574508E+0	-17.445771E+0	513.985471E+0	84.193257E+0	41.935484E-3
1162	5.573300E+0	-17.445771E+0	513.985471E+0	84.193257E+0	41.935484E-3
1163	5.596237E+0	-17.445771E+0	513.985471E+0	84.193257E+0	41.935484E-3
1164	5.609009E+0	-17.445771E+0	513.985471E+0	84.193257E+0	41.935484E-3
1165	5.621780E+0	-17.442582E+0	514.061500E+0	83.971076E+0	41.935484E-3
1166	5.634551E+0	-17.442582E+0	514.061500E+0	83.971076E+0	41.935484E-3
1167	5.656105E+0	-17.442582E+0	514.061500E+0	83.971076E+0	41.935484E-3
1168	5.662516E+0	-17.442582E+0	514.061500E+0	83.971076E+0	41.935484E-3
1169	5.675303E+0	-17.453103E+0	513.810622E+0	84.438284E+0	41.935484E-3
1170	5.688091E+0	-17.453103E+0	513.810622E+0	84.438284E+0	41.935484E-3
1171	5.671894E+0	-17.453103E+0	513.810622E+0	84.438284E+0	41.935484E-3
1172	5.705669E+0	-17.453103E+0	513.810622E+0	84.438284E+0	41.935484E-3
1173	5.718405E+0	-17.444871E+0	514.006926E+0	85.327311E+0	41.935484E-3
1174	5.731138E+0	-17.444871E+0	514.006926E+0	85.327311E+0	41.935484E-3
1175	5.766552E+0	-17.444871E+0	514.006926E+0	85.327311E+0	41.935484E-3
1176	5.762864E+0	-17.445850E+0	513.983582E+0	85.921861E+0	41.935484E-3
1177	5.775639E+0	-17.445850E+0	513.983582E+0	85.921861E+0	41.935484E-3
1178	5.785718E+0	-17.445850E+0	513.983582E+0	85.921861E+0	41.935484E-3
1179	5.800446E+0	-17.445850E+0	513.983582E+0	85.921861E+0	41.935484E-3
1180	5.813217E+0	-17.445850E+0	513.983582E+0	85.921861E+0	41.935484E-3
1181	5.825988E+0	-17.444779E+0	514.009104E+0	86.713069E+0	41.935484E-3
1182	5.838759E+0	-17.444779E+0	514.009104E+0	86.713069E+0	41.935484E-3
1183	5.854478E+0	-17.444779E+0	514.009104E+0	86.713069E+0	41.935484E-3
1184	5.865115E+0	-17.444779E+0	514.009104E+0	86.713069E+0	41.935484E-3
1185	5.877889E+0	-17.442471E+0	514.064165E+0	86.960183E+0	41.935484E-3
1186	5.890666E+0	-17.442471E+0	514.064165E+0	86.960183E+0	41.935484E-3
1187	5.909803E+0	-17.442471E+0	514.064165E+0	86.960183E+0	41.935484E-3
1188	5.917973E+0	-17.442471E+0	514.064165E+0	86.960183E+0	41.935484E-3
1189	5.930760E+0	-17.449138E+0	513.905163E+0	86.645062E+0	41.935484E-3
1190	5.943549E+0	-17.449138E+0	513.905163E+0	86.645062E+0	41.935484E-3
1191	5.937966E+0	-17.449138E+0	513.905163E+0	86.645062E+0	41.935484E-3
1192	5.964056E+0	-17.449138E+0	513.905163E+0	86.645062E+0	41.935484E-3
1193	5.976810E+0	-17.444364E+0	514.019003E+0	86.337373E+0	41.935484E-3
1194	5.989564E+0	-17.444364E+0	514.019003E+0	86.337373E+0	41.935484E-3
1195	6.015471E+0	-17.444364E+0	514.019003E+0	86.337373E+0	41.935484E-3
1196	6.018701E+0	-17.444364E+0	514.019003E+0	86.337373E+0	41.935484E-3
1197	6.031481E+0	-17.454671E+0	513.773229E+0	85.559925E+0	41.935484E-3
1198	6.015861E+0	-17.454671E+0	513.773229E+0	85.559925E+0	41.935484E-3
1199	6.049203E+0	-17.454671E+0	513.773229E+0	85.559925E+0	41.935484E-3
1200	6.061930E+0	-17.454671E+0	513.773229E+0	85.559925E+0	41.935484E-3
