vendredi 21 février 2020	22:08:12	Sampling Period : 50  ms		B&B alpha1

t	I1	I2	Alpha1	Alpha2	x	y	dotx	doty
0	0.000000E+0	38.048206E+0	1.837303E+3	82.340169E+0	41.935484E-3
1	0.000000E+0	38.048206E+0	1.837303E+3	82.340169E+0	41.935484E-3
2	0.000000E+0	38.048206E+0	1.837303E+3	82.340169E+0	41.935484E-3
3	0.000000E+0	38.048206E+0	1.837303E+3	82.340169E+0	41.935484E-3
4	0.000000E+0	38.041683E+0	1.837148E+3	81.792861E+0	41.935484E-3
5	0.000000E+0	38.041683E+0	1.837148E+3	81.792861E+0	41.935484E-3
6	0.000000E+0	38.041683E+0	1.837148E+3	81.792861E+0	41.935484E-3
7	0.000000E+0	38.041683E+0	1.837148E+3	81.792861E+0	41.935484E-3
8	0.000000E+0	38.047240E+0	1.837280E+3	81.380669E+0	41.935484E-3
9	0.000000E+0	38.047240E+0	1.837280E+3	81.380669E+0	41.935484E-3
10	0.000000E+0	38.047240E+0	1.837280E+3	81.380669E+0	41.935484E-3
11	0.000000E+0	38.047240E+0	1.837280E+3	81.380669E+0	41.935484E-3
12	0.000000E+0	38.047240E+0	1.837280E+3	81.380669E+0	41.935484E-3
13	3.000000E+0	38.048541E+0	1.837311E+3	81.165569E+0	41.935484E-3
14	6.000000E+0	38.048541E+0	1.837311E+3	81.165569E+0	41.935484E-3
15	9.000000E+0	38.048541E+0	1.837311E+3	81.165569E+0	41.935484E-3
16	12.000000E+0	38.061033E+0	1.837609E+3	81.975561E+0	41.935484E-3
17	15.000000E+0	38.061033E+0	1.837609E+3	81.975561E+0	41.935484E-3
18	18.000000E+0	38.061033E+0	1.837609E+3	81.975561E+0	41.935484E-3
19	21.000000E+0	38.061033E+0	1.837609E+3	81.975561E+0	41.935484E-3
20	24.000000E+0	38.061033E+0	1.837609E+3	81.975561E+0	41.935484E-3
21	27.000000E+0	38.312526E+0	1.843606E+3	80.678947E+0	41.935484E-3
22	30.000000E+0	38.312526E+0	1.843606E+3	80.678947E+0	41.935484E-3
23	33.000000E+0	38.312526E+0	1.843606E+3	80.678947E+0	41.935484E-3
24	36.000000E+0	38.727026E+0	1.853491E+3	78.833780E+0	41.935484E-3
25	39.000000E+0	38.727026E+0	1.853491E+3	78.833780E+0	41.935484E-3
26	38.727026E+0	38.727026E+0	1.853491E+3	78.833780E+0	41.935484E-3
27	38.727026E+0	38.727026E+0	1.853491E+3	78.833780E+0	41.935484E-3
28	38.727026E+0	38.727026E+0	1.853491E+3	78.833780E+0	41.935484E-3
29	38.727026E+0	38.788092E+0	1.854947E+3	78.751064E+0	41.935484E-3
30	39.276621E+0	38.788092E+0	1.854947E+3	78.751064E+0	41.935484E-3
31	38.788092E+0	38.788092E+0	1.854947E+3	78.751064E+0	41.935484E-3
32	38.788092E+0	37.710891E+0	1.829260E+3	82.952802E+0	41.935484E-3
33	35.788092E+0	37.710891E+0	1.829260E+3	82.952802E+0	41.935484E-3
34	37.710891E+0	37.710891E+0	1.829260E+3	82.952802E+0	41.935484E-3
35	37.710891E+0	37.710891E+0	1.829260E+3	82.952802E+0	41.935484E-3
36	37.710891E+0	37.710891E+0	1.829260E+3	82.952802E+0	41.935484E-3
37	37.710891E+0	33.966773E+0	1.739977E+3	84.941792E+0	41.935484E-3
38	34.710891E+0	33.966773E+0	1.739977E+3	84.941792E+0	41.935484E-3
39	33.966773E+0	33.966773E+0	1.739977E+3	84.941792E+0	41.935484E-3
40	33.966773E+0	30.104284E+0	1.647871E+3	86.090509E+0	41.935484E-3
41	30.966773E+0	30.104284E+0	1.647871E+3	86.090509E+0	41.935484E-3
42	30.104284E+0	30.104284E+0	1.647871E+3	86.090509E+0	41.935484E-3
43	30.104284E+0	30.104284E+0	1.647871E+3	86.090509E+0	41.935484E-3
44	30.104284E+0	30.104284E+0	1.647871E+3	86.090509E+0	41.935484E-3
45	30.104284E+0	26.153742E+0	1.553666E+3	84.902620E+0	41.935484E-3
46	27.104284E+0	26.153742E+0	1.553666E+3	84.902620E+0	41.935484E-3
47	26.153742E+0	26.153742E+0	1.553666E+3	84.902620E+0	41.935484E-3
48	26.153742E+0	26.153742E+0	1.553666E+3	84.902620E+0	41.935484E-3
49	26.153742E+0	22.359736E+0	1.463194E+3	83.893607E+0	41.935484E-3
50	23.153742E+0	22.359736E+0	1.463194E+3	83.893607E+0	41.935484E-3
51	22.359736E+0	22.359736E+0	1.463194E+3	83.893607E+0	41.935484E-3
52	22.359736E+0	22.359736E+0	1.463194E+3	83.893607E+0	41.935484E-3
53	22.359736E+0	18.960791E+0	1.382142E+3	83.399484E+0	41.935484E-3
54	19.359736E+0	18.960791E+0	1.382142E+3	83.399484E+0	41.935484E-3
55	18.960791E+0	18.960791E+0	1.382142E+3	83.399484E+0	41.935484E-3
56	18.960791E+0	18.960791E+0	1.382142E+3	83.399484E+0	41.935484E-3
57	18.960791E+0	15.894900E+0	1.309032E+3	82.883286E+0	41.935484E-3
58	15.960791E+0	15.894900E+0	1.309032E+3	82.883286E+0	41.935484E-3
59	15.894900E+0	15.894900E+0	1.309032E+3	82.883286E+0	41.935484E-3
60	15.894900E+0	13.167373E+0	1.243991E+3	84.198239E+0	41.935484E-3
61	12.894900E+0	13.167373E+0	1.243991E+3	84.198239E+0	41.935484E-3
62	13.167373E+0	13.167373E+0	1.243991E+3	84.198239E+0	41.935484E-3
63	13.167373E+0	13.167373E+0	1.243991E+3	84.198239E+0	41.935484E-3
64	13.167373E+0	13.167373E+0	1.243991E+3	84.198239E+0	41.935484E-3
65	13.167373E+0	10.833647E+0	1.188341E+3	84.165658E+0	41.935484E-3
66	10.167373E+0	10.833647E+0	1.188341E+3	84.165658E+0	41.935484E-3
67	10.833647E+0	10.833647E+0	1.188341E+3	84.165658E+0	41.935484E-3
68	10.833647E+0	10.833647E+0	1.188341E+3	84.165658E+0	41.935484E-3
69	10.833647E+0	8.792992E+0	1.139679E+3	85.607876E+0	41.935484E-3
70	7.833647E+0	8.792992E+0	1.139679E+3	85.607876E+0	41.935484E-3
71	8.792992E+0	8.792992E+0	1.139679E+3	85.607876E+0	41.935484E-3
72	8.792992E+0	8.792992E+0	1.139679E+3	85.607876E+0	41.935484E-3
73	8.792992E+0	6.881236E+0	1.094091E+3	86.004761E+0	41.935484E-3
74	5.792992E+0	6.881236E+0	1.094091E+3	86.004761E+0	41.935484E-3
75	6.881236E+0	6.881236E+0	1.094091E+3	86.004761E+0	41.935484E-3
76	6.881236E+0	5.155240E+0	1.052933E+3	84.223071E+0	41.935484E-3
77	3.881236E+0	5.155240E+0	1.052933E+3	84.223071E+0	41.935484E-3
78	5.155240E+0	5.155240E+0	1.052933E+3	84.223071E+0	41.935484E-3
79	5.155240E+0	5.155240E+0	1.052933E+3	84.223071E+0	41.935484E-3
80	5.155240E+0	5.155240E+0	1.052933E+3	84.223071E+0	41.935484E-3
81	5.155240E+0	3.783133E+0	1.020213E+3	86.050173E+0	41.935484E-3
82	2.155240E+0	3.783133E+0	1.020213E+3	86.050173E+0	41.935484E-3
83	3.783133E+0	3.783133E+0	1.020213E+3	86.050173E+0	41.935484E-3
84	3.783133E+0	3.783133E+0	1.020213E+3	86.050173E+0	41.935484E-3
85	3.783133E+0	2.853045E+0	998.034140E+0	83.023656E+0	41.935484E-3
86	783.132809E-3	2.853045E+0	998.034140E+0	83.023656E+0	41.935484E-3
87	2.853045E+0	2.853045E+0	998.034140E+0	83.023656E+0	41.935484E-3
88	2.853045E+0	2.853045E+0	998.034140E+0	83.023656E+0	41.935484E-3
89	2.853045E+0	2.199938E+0	982.460054E+0	79.996515E+0	41.935484E-3
90	-146.955428E-3	2.199938E+0	982.460054E+0	79.996515E+0	41.935484E-3
91	2.199938E+0	2.199938E+0	982.460054E+0	79.996515E+0	41.935484E-3
92	2.199938E+0	2.199938E+0	982.460054E+0	79.996515E+0	41.935484E-3
93	2.199938E+0	2.380345E+0	986.762080E+0	81.030725E+0	41.935484E-3
94	3.823635E+0	2.380345E+0	986.762080E+0	81.030725E+0	41.935484E-3
95	2.380345E+0	2.380345E+0	986.762080E+0	81.030725E+0	41.935484E-3
96	2.380345E+0	2.380345E+0	986.762080E+0	81.030725E+0	41.935484E-3
97	2.380345E+0	2.997624E+0	1.001482E+3	83.662942E+0	41.935484E-3
98	5.380345E+0	2.997624E+0	1.001482E+3	83.662942E+0	41.935484E-3
99	2.997624E+0	2.997624E+0	1.001482E+3	83.662942E+0	41.935484E-3
100	2.997624E+0	2.997624E+0	1.001482E+3	83.662942E+0	41.935484E-3
101	2.997624E+0	3.778254E+0	1.020097E+3	85.257282E+0	41.935484E-3
102	5.997624E+0	3.778254E+0	1.020097E+3	85.257282E+0	41.935484E-3
103	3.778254E+0	3.778254E+0	1.020097E+3	85.257282E+0	41.935484E-3
104	3.778254E+0	3.778254E+0	1.020097E+3	85.257282E+0	41.935484E-3
105	3.778254E+0	4.682715E+0	1.041665E+3	85.083676E+0	41.935484E-3
106	6.778254E+0	4.682715E+0	1.041665E+3	85.083676E+0	41.935484E-3
107	4.682715E+0	4.682715E+0	1.041665E+3	85.083676E+0	41.935484E-3
108	4.682715E+0	4.682715E+0	1.041665E+3	85.083676E+0	41.935484E-3
109	4.682715E+0	5.674201E+0	1.065308E+3	85.114442E+0	41.935484E-3
110	7.682715E+0	5.674201E+0	1.065308E+3	85.114442E+0	41.935484E-3
111	5.674201E+0	5.674201E+0	1.065308E+3	85.114442E+0	41.935484E-3
112	5.674201E+0	5.674201E+0	1.065308E+3	85.114442E+0	41.935484E-3
113	5.674201E+0	6.841961E+0	1.093154E+3	80.141835E+0	41.935484E-3
114	2.674201E+0	6.841961E+0	1.093154E+3	80.141835E+0	41.935484E-3
115	-325.799012E-3	6.841961E+0	1.093154E+3	80.141835E+0	41.935484E-3
116	-3.325799E+0	6.841961E+0	1.093154E+3	80.141835E+0	41.935484E-3
117	-6.325799E+0	7.776302E+0	1.115435E+3	80.363454E+0	41.935484E-3
118	-9.325799E+0	7.776302E+0	1.115435E+3	80.363454E+0	41.935484E-3
119	-12.325799E+0	7.776302E+0	1.115435E+3	80.363454E+0	41.935484E-3
120	-15.325799E+0	7.776302E+0	1.115435E+3	80.363454E+0	41.935484E-3
121	-17.223698E+0	8.843494E+0	1.140883E+3	80.087714E+0	41.935484E-3
122	-14.223698E+0	8.843494E+0	1.140883E+3	80.087714E+0	41.935484E-3
123	-16.156506E+0	8.843494E+0	1.140883E+3	80.087714E+0	41.935484E-3
124	-16.156506E+0	8.843494E+0	1.140883E+3	80.087714E+0	41.935484E-3
125	-16.156506E+0	10.227741E+0	1.173892E+3	79.631048E+0	41.935484E-3
126	-13.156506E+0	10.227741E+0	1.173892E+3	79.631048E+0	41.935484E-3
127	-14.772259E+0	10.227741E+0	1.173892E+3	79.631048E+0	41.935484E-3
128	-14.772259E+0	10.227741E+0	1.173892E+3	79.631048E+0	41.935484E-3
129	-14.772259E+0	12.408266E+0	1.225889E+3	81.611143E+0	41.935484E-3
130	-11.772259E+0	12.408266E+0	1.225889E+3	81.611143E+0	41.935484E-3
131	-12.591734E+0	12.408266E+0	1.225889E+3	81.611143E+0	41.935484E-3
132	-12.591734E+0	12.408266E+0	1.225889E+3	81.611143E+0	41.935484E-3
133	-12.591734E+0	15.264481E+0	1.293999E+3	80.533020E+0	41.935484E-3
134	-9.591734E+0	15.264481E+0	1.293999E+3	80.533020E+0	41.935484E-3
135	-9.735519E+0	15.264481E+0	1.293999E+3	80.533020E+0	41.935484E-3
136	-9.735519E+0	15.264481E+0	1.293999E+3	80.533020E+0	41.935484E-3
137	-9.735519E+0	18.087175E+0	1.361310E+3	82.134301E+0	41.935484E-3
138	-6.735519E+0	18.087175E+0	1.361310E+3	82.134301E+0	41.935484E-3
139	-6.912825E+0	18.087175E+0	1.361310E+3	82.134301E+0	41.935484E-3
140	-6.912825E+0	18.087175E+0	1.361310E+3	82.134301E+0	41.935484E-3
141	-6.912825E+0	20.906304E+0	1.428535E+3	86.280102E+0	41.935484E-3
142	-3.912825E+0	20.906304E+0	1.428535E+3	86.280102E+0	41.935484E-3
143	-4.093696E+0	20.906304E+0	1.428535E+3	86.280102E+0	41.935484E-3
144	-4.093696E+0	20.906304E+0	1.428535E+3	86.280102E+0	41.935484E-3
145	-4.093696E+0	23.752175E+0	1.496398E+3	84.542774E+0	41.935484E-3
146	-1.093696E+0	23.752175E+0	1.496398E+3	84.542774E+0	41.935484E-3
147	-1.247825E+0	23.752175E+0	1.496398E+3	84.542774E+0	41.935484E-3
148	-1.247825E+0	23.752175E+0	1.496398E+3	84.542774E+0	41.935484E-3
149	-1.247825E+0	26.335677E+0	1.558005E+3	82.233003E+0	41.935484E-3
150	1.752175E+0	26.335677E+0	1.558005E+3	82.233003E+0	41.935484E-3
151	1.335677E+0	26.335677E+0	1.558005E+3	82.233003E+0	41.935484E-3
152	1.335677E+0	26.335677E+0	1.558005E+3	82.233003E+0	41.935484E-3
153	1.335677E+0	28.752582E+0	1.615638E+3	81.535080E+0	41.935484E-3
154	4.335677E+0	28.752582E+0	1.615638E+3	81.535080E+0	41.935484E-3
155	3.752582E+0	28.752582E+0	1.615638E+3	81.535080E+0	41.935484E-3
156	3.752582E+0	28.752582E+0	1.615638E+3	81.535080E+0	41.935484E-3
157	3.752582E+0	30.996445E+0	1.669146E+3	80.987560E+0	41.935484E-3
158	6.752582E+0	30.996445E+0	1.669146E+3	80.987560E+0	41.935484E-3
159	5.996445E+0	30.996445E+0	1.669146E+3	80.987560E+0	41.935484E-3
160	5.996445E+0	30.996445E+0	1.669146E+3	80.987560E+0	41.935484E-3
161	5.996445E+0	33.151334E+0	1.720532E+3	80.431843E+0	41.935484E-3
162	8.996445E+0	33.151334E+0	1.720532E+3	80.431843E+0	41.935484E-3
163	8.151334E+0	33.151334E+0	1.720532E+3	80.431843E+0	41.935484E-3
164	8.151334E+0	33.151334E+0	1.720532E+3	80.431843E+0	41.935484E-3
165	8.151334E+0	34.995526E+0	1.764509E+3	82.310593E+0	41.935484E-3
166	11.151334E+0	34.995526E+0	1.764509E+3	82.310593E+0	41.935484E-3
167	9.995526E+0	34.995526E+0	1.764509E+3	82.310593E+0	41.935484E-3
168	9.995526E+0	34.995526E+0	1.764509E+3	82.310593E+0	41.935484E-3
169	9.995526E+0	36.448483E+0	1.799156E+3	82.010307E+0	41.935484E-3
170	12.995526E+0	36.448483E+0	1.799156E+3	82.010307E+0	41.935484E-3
171	11.448483E+0	36.448483E+0	1.799156E+3	82.010307E+0	41.935484E-3
172	11.448483E+0	36.448483E+0	1.799156E+3	82.010307E+0	41.935484E-3
173	11.448483E+0	37.559776E+0	1.825656E+3	80.636425E+0	41.935484E-3
174	14.448483E+0	37.559776E+0	1.825656E+3	80.636425E+0	41.935484E-3
175	17.448483E+0	37.559776E+0	1.825656E+3	80.636425E+0	41.935484E-3
176	20.448483E+0	37.559776E+0	1.825656E+3	80.636425E+0	41.935484E-3
177	23.448483E+0	37.968799E+0	1.835410E+3	83.268943E+0	41.935484E-3
178	26.448483E+0	37.968799E+0	1.835410E+3	83.268943E+0	41.935484E-3
179	29.448483E+0	37.968799E+0	1.835410E+3	83.268943E+0	41.935484E-3
180	32.448483E+0	37.968799E+0	1.835410E+3	83.268943E+0	41.935484E-3
181	35.448483E+0	38.250023E+0	1.842116E+3	83.258385E+0	41.935484E-3
182	38.448483E+0	38.250023E+0	1.842116E+3	83.258385E+0	41.935484E-3
183	38.250023E+0	38.250023E+0	1.842116E+3	83.258385E+0	41.935484E-3
184	38.250023E+0	38.250023E+0	1.842116E+3	83.258385E+0	41.935484E-3
185	38.250023E+0	38.520174E+0	1.848558E+3	79.192560E+0	41.935484E-3
186	40.000000E+0	38.520174E+0	1.848558E+3	79.192560E+0	41.935484E-3
187	38.520174E+0	38.520174E+0	1.848558E+3	79.192560E+0	41.935484E-3
188	38.520174E+0	38.520174E+0	1.848558E+3	79.192560E+0	41.935484E-3
189	38.520174E+0	38.306690E+0	1.843467E+3	77.072411E+0	41.935484E-3
190	36.598825E+0	38.306690E+0	1.843467E+3	77.072411E+0	41.935484E-3
191	38.306690E+0	38.306690E+0	1.843467E+3	77.072411E+0	41.935484E-3
192	38.306690E+0	38.306690E+0	1.843467E+3	77.072411E+0	41.935484E-3
193	38.306690E+0	35.531042E+0	1.777279E+3	81.864060E+0	41.935484E-3
194	35.306690E+0	35.531042E+0	1.777279E+3	81.864060E+0	41.935484E-3
195	35.531042E+0	35.531042E+0	1.777279E+3	81.864060E+0	41.935484E-3
196	35.531042E+0	35.531042E+0	1.777279E+3	81.864060E+0	41.935484E-3
197	35.531042E+0	31.707609E+0	1.686105E+3	86.650201E+0	41.935484E-3
198	32.531042E+0	31.707609E+0	1.686105E+3	86.650201E+0	41.935484E-3
199	31.707609E+0	31.707609E+0	1.686105E+3	86.650201E+0	41.935484E-3
200	31.707609E+0	31.707609E+0	1.686105E+3	86.650201E+0	41.935484E-3
201	31.707609E+0	27.756434E+0	1.591884E+3	83.770820E+0	41.935484E-3
202	28.707609E+0	27.756434E+0	1.591884E+3	83.770820E+0	41.935484E-3
203	27.756434E+0	27.756434E+0	1.591884E+3	83.770820E+0	41.935484E-3
204	27.756434E+0	27.756434E+0	1.591884E+3	83.770820E+0	41.935484E-3
205	27.756434E+0	23.894890E+0	1.499801E+3	80.640935E+0	41.935484E-3
206	24.756434E+0	23.894890E+0	1.499801E+3	80.640935E+0	41.935484E-3
207	23.894890E+0	23.894890E+0	1.499801E+3	80.640935E+0	41.935484E-3
208	23.894890E+0	23.894890E+0	1.499801E+3	80.640935E+0	41.935484E-3
209	23.894890E+0	20.400898E+0	1.416483E+3	81.383494E+0	41.935484E-3
210	20.894890E+0	20.400898E+0	1.416483E+3	81.383494E+0	41.935484E-3
211	20.400898E+0	20.400898E+0	1.416483E+3	81.383494E+0	41.935484E-3
212	20.400898E+0	20.400898E+0	1.416483E+3	81.383494E+0	41.935484E-3
213	20.400898E+0	17.204273E+0	1.340256E+3	79.875191E+0	41.935484E-3
214	17.400898E+0	17.204273E+0	1.340256E+3	79.875191E+0	41.935484E-3
215	17.204273E+0	17.204273E+0	1.340256E+3	79.875191E+0	41.935484E-3
216	17.204273E+0	17.204273E+0	1.340256E+3	79.875191E+0	41.935484E-3
217	17.204273E+0	14.371503E+0	1.272705E+3	77.939924E+0	41.935484E-3
218	14.204273E+0	14.371503E+0	1.272705E+3	77.939924E+0	41.935484E-3
219	14.371503E+0	14.371503E+0	1.272705E+3	77.939924E+0	41.935484E-3
220	14.371503E+0	14.371503E+0	1.272705E+3	77.939924E+0	41.935484E-3
221	14.371503E+0	11.964730E+0	1.215313E+3	79.103987E+0	41.935484E-3
222	11.371503E+0	11.964730E+0	1.215313E+3	79.103987E+0	41.935484E-3
223	11.964730E+0	11.964730E+0	1.215313E+3	79.103987E+0	41.935484E-3
224	11.964730E+0	11.964730E+0	1.215313E+3	79.103987E+0	41.935484E-3
225	11.964730E+0	9.922010E+0	1.166602E+3	75.892704E+0	41.935484E-3
226	8.964730E+0	9.922010E+0	1.166602E+3	75.892704E+0	41.935484E-3
227	9.922010E+0	9.922010E+0	1.166602E+3	75.892704E+0	41.935484E-3
228	9.922010E+0	9.922010E+0	1.166602E+3	75.892704E+0	41.935484E-3
229	9.922010E+0	7.810120E+0	1.116241E+3	78.027685E+0	41.935484E-3
230	6.922010E+0	7.810120E+0	1.116241E+3	78.027685E+0	41.935484E-3
231	7.810120E+0	7.810120E+0	1.116241E+3	78.027685E+0	41.935484E-3
232	7.810120E+0	7.810120E+0	1.116241E+3	78.027685E+0	41.935484E-3
233	7.810120E+0	7.810120E+0	1.116241E+3	78.027685E+0	41.935484E-3
234	7.810120E+0	6.023059E+0	1.073627E+3	77.916758E+0	41.935484E-3
235	4.810120E+0	6.023059E+0	1.073627E+3	77.916758E+0	41.935484E-3
236	6.023059E+0	6.023059E+0	1.073627E+3	77.916758E+0	41.935484E-3
237	6.023059E+0	6.023059E+0	1.073627E+3	77.916758E+0	41.935484E-3
238	6.023059E+0	4.642086E+0	1.040696E+3	79.547483E+0	41.935484E-3
239	3.023059E+0	4.642086E+0	1.040696E+3	79.547483E+0	41.935484E-3
240	4.642086E+0	4.642086E+0	1.040696E+3	79.547483E+0	41.935484E-3
241	4.642086E+0	3.589397E+0	1.015593E+3	79.336404E+0	41.935484E-3
242	1.642086E+0	3.589397E+0	1.015593E+3	79.336404E+0	41.935484E-3
243	3.589397E+0	3.589397E+0	1.015593E+3	79.336404E+0	41.935484E-3
244	3.589397E+0	3.589397E+0	1.015593E+3	79.336404E+0	41.935484E-3
245	3.589397E+0	3.589397E+0	1.015593E+3	79.336404E+0	41.935484E-3
246	3.589397E+0	2.917551E+0	999.572377E+0	78.898805E+0	41.935484E-3
247	589.397040E-3	2.917551E+0	999.572377E+0	78.898805E+0	41.935484E-3
248	2.917551E+0	2.917551E+0	999.572377E+0	78.898805E+0	41.935484E-3
249	2.917551E+0	2.322525E+0	985.383288E+0	79.989589E+0	41.935484E-3
250	-82.448700E-3	2.322525E+0	985.383288E+0	79.989589E+0	41.935484E-3
251	2.322525E+0	2.322525E+0	985.383288E+0	79.989589E+0	41.935484E-3
252	2.322525E+0	2.322525E+0	985.383288E+0	79.989589E+0	41.935484E-3
253	2.322525E+0	2.322525E+0	985.383288E+0	79.989589E+0	41.935484E-3
254	2.322525E+0	2.393380E+0	987.072914E+0	82.974494E+0	41.935484E-3
255	2.960211E+0	2.393380E+0	987.072914E+0	82.974494E+0	41.935484E-3
256	2.393380E+0	2.393380E+0	987.072914E+0	82.974494E+0	41.935484E-3
257	2.393380E+0	3.030196E+0	1.002259E+3	80.206470E+0	41.935484E-3
258	5.393380E+0	3.030196E+0	1.002259E+3	80.206470E+0	41.935484E-3
259	3.030196E+0	3.030196E+0	1.002259E+3	80.206470E+0	41.935484E-3
260	3.030196E+0	3.030196E+0	1.002259E+3	80.206470E+0	41.935484E-3
261	3.030196E+0	3.953426E+0	1.024274E+3	80.690062E+0	41.935484E-3
262	3.030196E+0	3.953426E+0	1.024274E+3	80.690062E+0	41.935484E-3
263	6.030196E+0	3.953426E+0	1.024274E+3	80.690062E+0	41.935484E-3
264	3.953426E+0	3.953426E+0	1.024274E+3	80.690062E+0	41.935484E-3
265	3.953426E+0	5.041641E+0	1.050224E+3	81.607182E+0	41.935484E-3
266	6.953426E+0	5.041641E+0	1.050224E+3	81.607182E+0	41.935484E-3
267	5.041641E+0	5.041641E+0	1.050224E+3	81.607182E+0	41.935484E-3
268	5.041641E+0	5.041641E+0	1.050224E+3	81.607182E+0	41.935484E-3
269	5.041641E+0	5.041641E+0	1.050224E+3	81.607182E+0	41.935484E-3
270	5.041641E+0	6.268570E+0	1.079481E+3	80.385205E+0	41.935484E-3
271	8.041641E+0	6.268570E+0	1.079481E+3	80.385205E+0	41.935484E-3
272	6.268570E+0	6.268570E+0	1.079481E+3	80.385205E+0	41.935484E-3
273	6.268570E+0	6.268570E+0	1.079481E+3	80.385205E+0	41.935484E-3
274	6.268570E+0	7.394020E+0	1.106319E+3	81.724779E+0	41.935484E-3
275	9.268570E+0	7.394020E+0	1.106319E+3	81.724779E+0	41.935484E-3
276	7.394020E+0	7.394020E+0	1.106319E+3	81.724779E+0	41.935484E-3
277	7.394020E+0	7.394020E+0	1.106319E+3	81.724779E+0	41.935484E-3
278	7.394020E+0	8.389881E+0	1.130066E+3	81.696694E+0	41.935484E-3
279	10.394020E+0	8.389881E+0	1.130066E+3	81.696694E+0	41.935484E-3
280	8.389881E+0	8.389881E+0	1.130066E+3	81.696694E+0	41.935484E-3
281	8.389881E+0	8.389881E+0	1.130066E+3	81.696694E+0	41.935484E-3
282	8.389881E+0	9.217645E+0	1.149805E+3	83.082796E+0	41.935484E-3
283	11.389881E+0	9.217645E+0	1.149805E+3	83.082796E+0	41.935484E-3
284	9.217645E+0	9.217645E+0	1.149805E+3	83.082796E+0	41.935484E-3
285	9.217645E+0	9.836564E+0	1.164564E+3	81.695629E+0	41.935484E-3
286	12.217645E+0	9.836564E+0	1.164564E+3	81.695629E+0	41.935484E-3
287	9.836564E+0	9.836564E+0	1.164564E+3	81.695629E+0	41.935484E-3
288	9.836564E+0	9.836564E+0	1.164564E+3	81.695629E+0	41.935484E-3
289	9.836564E+0	9.836564E+0	1.164564E+3	81.695629E+0	41.935484E-3
290	9.836564E+0	10.134478E+0	1.171668E+3	80.233663E+0	41.935484E-3
291	12.517789E+0	10.134478E+0	1.171668E+3	80.233663E+0	41.935484E-3
292	10.134478E+0	10.134478E+0	1.171668E+3	80.233663E+0	41.935484E-3
293	10.134478E+0	10.134478E+0	1.171668E+3	80.233663E+0	41.935484E-3
294	10.134478E+0	10.271624E+0	1.174939E+3	79.637732E+0	41.935484E-3
295	11.368685E+0	10.271624E+0	1.174939E+3	79.637732E+0	41.935484E-3
296	10.271624E+0	10.271624E+0	1.174939E+3	79.637732E+0	41.935484E-3
297	10.271624E+0	10.271624E+0	1.174939E+3	79.637732E+0	41.935484E-3
298	10.271624E+0	10.144365E+0	1.171904E+3	82.501233E+0	41.935484E-3
299	9.126311E+0	10.144365E+0	1.171904E+3	82.501233E+0	41.935484E-3
300	10.144365E+0	10.144365E+0	1.171904E+3	82.501233E+0	41.935484E-3
301	10.144365E+0	10.144365E+0	1.171904E+3	82.501233E+0	41.935484E-3
302	10.144365E+0	9.908683E+0	1.166284E+3	80.872071E+0	41.935484E-3
303	8.023192E+0	9.908683E+0	1.166284E+3	80.872071E+0	41.935484E-3
304	9.908683E+0	9.908683E+0	1.166284E+3	80.872071E+0	41.935484E-3
305	9.908683E+0	9.908683E+0	1.166284E+3	80.872071E+0	41.935484E-3
306	9.908683E+0	9.540686E+0	1.157509E+3	80.107565E+0	41.935484E-3
307	6.908683E+0	9.540686E+0	1.157509E+3	80.107565E+0	41.935484E-3
308	9.540686E+0	9.540686E+0	1.157509E+3	80.107565E+0	41.935484E-3
309	9.540686E+0	9.540686E+0	1.157509E+3	80.107565E+0	41.935484E-3
310	9.540686E+0	9.004394E+0	1.144720E+3	80.153153E+0	41.935484E-3
311	6.540686E+0	9.004394E+0	1.144720E+3	80.153153E+0	41.935484E-3
312	9.004394E+0	9.004394E+0	1.144720E+3	80.153153E+0	41.935484E-3
313	9.004394E+0	9.004394E+0	1.144720E+3	80.153153E+0	41.935484E-3
314	9.004394E+0	8.297784E+0	1.127870E+3	78.702809E+0	41.935484E-3
315	6.004394E+0	8.297784E+0	1.127870E+3	78.702809E+0	41.935484E-3
316	8.297784E+0	8.297784E+0	1.127870E+3	78.702809E+0	41.935484E-3
317	8.297784E+0	8.297784E+0	1.127870E+3	78.702809E+0	41.935484E-3
318	8.297784E+0	7.551673E+0	1.110078E+3	79.966868E+0	41.935484E-3
319	5.297784E+0	7.551673E+0	1.110078E+3	79.966868E+0	41.935484E-3
320	7.551673E+0	7.551673E+0	1.110078E+3	79.966868E+0	41.935484E-3
321	7.551673E+0	7.551673E+0	1.110078E+3	79.966868E+0	41.935484E-3
322	7.551673E+0	6.620403E+0	1.087871E+3	79.206688E+0	41.935484E-3
323	4.551673E+0	6.620403E+0	1.087871E+3	79.206688E+0	41.935484E-3
324	6.620403E+0	6.620403E+0	1.087871E+3	79.206688E+0	41.935484E-3
325	6.620403E+0	6.620403E+0	1.087871E+3	79.206688E+0	41.935484E-3
326	6.620403E+0	5.757327E+0	1.067290E+3	80.558976E+0	41.935484E-3
327	3.620403E+0	5.757327E+0	1.067290E+3	80.558976E+0	41.935484E-3
328	5.757327E+0	5.757327E+0	1.067290E+3	80.558976E+0	41.935484E-3
329	5.757327E+0	5.757327E+0	1.067290E+3	80.558976E+0	41.935484E-3
330	5.757327E+0	4.927912E+0	1.047512E+3	81.463185E+0	41.935484E-3
331	2.757327E+0	4.927912E+0	1.047512E+3	81.463185E+0	41.935484E-3
332	4.927912E+0	4.927912E+0	1.047512E+3	81.463185E+0	41.935484E-3
333	1.927912E+0	4.927912E+0	1.047512E+3	81.463185E+0	41.935484E-3
334	-1.072088E+0	4.299364E+0	1.032523E+3	82.016133E+0	41.935484E-3
335	-4.072088E+0	4.299364E+0	1.032523E+3	82.016133E+0	41.935484E-3
336	-7.072088E+0	4.299364E+0	1.032523E+3	82.016133E+0	41.935484E-3
337	-10.072088E+0	3.980907E+0	1.024929E+3	84.532628E+0	41.935484E-3
338	-13.072088E+0	3.980907E+0	1.024929E+3	84.532628E+0	41.935484E-3
339	-16.072088E+0	3.980907E+0	1.024929E+3	84.532628E+0	41.935484E-3
340	-19.072088E+0	3.980907E+0	1.024929E+3	84.532628E+0	41.935484E-3
341	-21.019093E+0	3.980907E+0	1.024929E+3	84.532628E+0	41.935484E-3
342	-21.019093E+0	4.230138E+0	1.030873E+3	83.248714E+0	41.935484E-3
343	-21.019093E+0	4.230138E+0	1.030873E+3	83.248714E+0	41.935484E-3
344	-18.775813E+0	4.230138E+0	1.030873E+3	83.248714E+0	41.935484E-3
345	-20.769862E+0	4.230138E+0	1.030873E+3	83.248714E+0	41.935484E-3
346	-20.769862E+0	5.793583E+0	1.068155E+3	80.668467E+0	41.935484E-3
347	-17.769862E+0	5.793583E+0	1.068155E+3	80.668467E+0	41.935484E-3
348	-19.206417E+0	5.793583E+0	1.068155E+3	80.668467E+0	41.935484E-3
349	-19.206417E+0	5.793583E+0	1.068155E+3	80.668467E+0	41.935484E-3
350	-19.206417E+0	8.526499E+0	1.133324E+3	83.145063E+0	41.935484E-3
351	-16.206417E+0	8.526499E+0	1.133324E+3	83.145063E+0	41.935484E-3
352	-16.473501E+0	8.526499E+0	1.133324E+3	83.145063E+0	41.935484E-3
353	-16.473501E+0	8.526499E+0	1.133324E+3	83.145063E+0	41.935484E-3
354	-16.473501E+0	11.426224E+0	1.202471E+3	79.742825E+0	41.935484E-3
355	-13.473501E+0	11.426224E+0	1.202471E+3	79.742825E+0	41.935484E-3
356	-13.573776E+0	11.426224E+0	1.202471E+3	79.742825E+0	41.935484E-3
357	-13.573776E+0	11.426224E+0	1.202471E+3	79.742825E+0	41.935484E-3
358	-13.573776E+0	14.821545E+0	1.283437E+3	79.728823E+0	41.935484E-3
359	-10.573776E+0	14.821545E+0	1.283437E+3	79.728823E+0	41.935484E-3
360	-10.178455E+0	14.821545E+0	1.283437E+3	79.728823E+0	41.935484E-3
361	-10.178455E+0	14.821545E+0	1.283437E+3	79.728823E+0	41.935484E-3
362	-10.178455E+0	17.969822E+0	1.358511E+3	79.463644E+0	41.935484E-3
363	-7.178455E+0	17.969822E+0	1.358511E+3	79.463644E+0	41.935484E-3
364	-7.030178E+0	17.969822E+0	1.358511E+3	79.463644E+0	41.935484E-3
365	-7.030178E+0	17.969822E+0	1.358511E+3	79.463644E+0	41.935484E-3
366	-7.030178E+0	20.909763E+0	1.428617E+3	79.853897E+0	41.935484E-3
367	-4.030178E+0	20.909763E+0	1.428617E+3	79.853897E+0	41.935484E-3
368	-4.090237E+0	20.909763E+0	1.428617E+3	79.853897E+0	41.935484E-3
369	-4.090237E+0	20.909763E+0	1.428617E+3	79.853897E+0	41.935484E-3
370	-4.090237E+0	23.750002E+0	1.496346E+3	78.142163E+0	41.935484E-3
371	-1.090237E+0	23.750002E+0	1.496346E+3	78.142163E+0	41.935484E-3
372	-1.249998E+0	23.750002E+0	1.496346E+3	78.142163E+0	41.935484E-3
373	-1.249998E+0	23.750002E+0	1.496346E+3	78.142163E+0	41.935484E-3
374	-1.249998E+0	26.330578E+0	1.557883E+3	78.251656E+0	41.935484E-3
375	1.750002E+0	26.330578E+0	1.557883E+3	78.251656E+0	41.935484E-3
376	1.330578E+0	26.330578E+0	1.557883E+3	78.251656E+0	41.935484E-3
377	1.330578E+0	26.330578E+0	1.557883E+3	78.251656E+0	41.935484E-3
378	1.330578E+0	28.681285E+0	1.613938E+3	79.383994E+0	41.935484E-3
379	4.330578E+0	28.681285E+0	1.613938E+3	79.383994E+0	41.935484E-3
380	3.681285E+0	28.681285E+0	1.613938E+3	79.383994E+0	41.935484E-3
381	3.681285E+0	28.681285E+0	1.613938E+3	79.383994E+0	41.935484E-3
382	3.681285E+0	30.886766E+0	1.666531E+3	79.005933E+0	41.935484E-3
383	6.681285E+0	30.886766E+0	1.666531E+3	79.005933E+0	41.935484E-3
384	5.886766E+0	30.886766E+0	1.666531E+3	79.005933E+0	41.935484E-3
385	5.886766E+0	30.886766E+0	1.666531E+3	79.005933E+0	41.935484E-3
386	5.886766E+0	32.890684E+0	1.714316E+3	79.559873E+0	41.935484E-3
387	8.886766E+0	32.890684E+0	1.714316E+3	79.559873E+0	41.935484E-3
388	7.890684E+0	32.890684E+0	1.714316E+3	79.559873E+0	41.935484E-3
389	7.890684E+0	32.890684E+0	1.714316E+3	79.559873E+0	41.935484E-3
390	7.890684E+0	34.675714E+0	1.756882E+3	79.414040E+0	41.935484E-3
391	10.890684E+0	34.675714E+0	1.756882E+3	79.414040E+0	41.935484E-3
392	9.675714E+0	34.675714E+0	1.756882E+3	79.414040E+0	41.935484E-3
393	9.675714E+0	34.675714E+0	1.756882E+3	79.414040E+0	41.935484E-3
394	9.675714E+0	36.041135E+0	1.789442E+3	79.568221E+0	41.935484E-3
395	12.675714E+0	36.041135E+0	1.789442E+3	79.568221E+0	41.935484E-3
396	11.041135E+0	36.041135E+0	1.789442E+3	79.568221E+0	41.935484E-3
397	11.041135E+0	36.041135E+0	1.789442E+3	79.568221E+0	41.935484E-3
398	11.041135E+0	37.194693E+0	1.816950E+3	79.386541E+0	41.935484E-3
399	14.041135E+0	37.194693E+0	1.816950E+3	79.386541E+0	41.935484E-3
400	12.194693E+0	37.194693E+0	1.816950E+3	79.386541E+0	41.935484E-3
