lundi 9 mars 2020	15:30:58	Sampling Period : 50  ms		B&B alpha1

t	I1	I2	Alpha1	Alpha2	x	y	dotx	doty
0	0.000000E+0	37.161941E+0	1.816169E+3	85.562485E+0	41.935484E-3
1	0.000000E+0	37.164935E+0	1.816241E+3	84.949352E+0	41.935484E-3
2	0.000000E+0	37.164935E+0	1.816241E+3	84.949352E+0	41.935484E-3
3	0.000000E+0	37.164935E+0	1.816241E+3	84.949352E+0	41.935484E-3
4	0.000000E+0	37.164935E+0	1.816241E+3	84.949352E+0	41.935484E-3
5	0.000000E+0	37.164291E+0	1.816225E+3	84.596973E+0	41.935484E-3
6	0.000000E+0	37.164291E+0	1.816225E+3	84.596973E+0	41.935484E-3
7	0.000000E+0	37.164291E+0	1.816225E+3	84.596973E+0	41.935484E-3
8	0.000000E+0	37.164291E+0	1.816225E+3	84.596973E+0	41.935484E-3
9	0.000000E+0	37.168087E+0	1.816316E+3	84.534756E+0	41.935484E-3
10	0.000000E+0	37.168087E+0	1.816316E+3	84.534756E+0	41.935484E-3
11	0.000000E+0	37.168087E+0	1.816316E+3	84.534756E+0	41.935484E-3
12	0.000000E+0	37.168087E+0	1.816316E+3	84.534756E+0	41.935484E-3
13	400.016000E-3	37.163753E+0	1.816213E+3	84.824247E+0	41.935484E-3
14	1.200032E+0	37.163753E+0	1.816213E+3	84.824247E+0	41.935484E-3
15	2.400048E+0	37.163753E+0	1.816213E+3	84.824247E+0	41.935484E-3
16	4.000112E+0	37.163753E+0	1.816213E+3	84.824247E+0	41.935484E-3
17	6.000144E+0	37.160914E+0	1.816145E+3	85.393197E+0	41.935484E-3
18	8.400160E+0	37.160914E+0	1.816145E+3	85.393197E+0	41.935484E-3
19	11.200160E+0	37.160914E+0	1.816145E+3	85.393197E+0	41.935484E-3
20	13.600032E+0	37.160914E+0	1.816145E+3	85.393197E+0	41.935484E-3
21	15.600016E+0	37.325432E+0	1.820068E+3	86.598764E+0	41.935484E-3
22	17.200000E+0	37.325432E+0	1.820068E+3	86.598764E+0	41.935484E-3
23	18.399984E+0	37.325432E+0	1.820068E+3	86.598764E+0	41.935484E-3
24	19.199968E+0	37.325432E+0	1.820068E+3	86.598764E+0	41.935484E-3
25	19.599952E+0	38.046959E+0	1.837274E+3	87.600521E+0	41.935484E-3
26	19.599904E+0	38.046959E+0	1.837274E+3	87.600521E+0	41.935484E-3
27	19.199872E+0	38.046959E+0	1.837274E+3	87.600521E+0	41.935484E-3
28	18.399824E+0	38.046959E+0	1.837274E+3	87.600521E+0	41.935484E-3
29	17.199824E+0	38.013987E+0	1.836487E+3	88.602553E+0	41.935484E-3
30	15.599776E+0	38.013987E+0	1.836487E+3	88.602553E+0	41.935484E-3
31	14.399792E+0	38.013987E+0	1.836487E+3	88.602553E+0	41.935484E-3
32	13.599696E+0	38.013987E+0	1.836487E+3	88.602553E+0	41.935484E-3
33	13.199600E+0	37.030876E+0	1.813044E+3	88.630347E+0	41.935484E-3
34	12.732192E+0	37.030876E+0	1.813044E+3	88.630347E+0	41.935484E-3
35	12.664784E+0	37.030876E+0	1.813044E+3	88.630347E+0	41.935484E-3
36	12.997440E+0	37.030876E+0	1.813044E+3	88.630347E+0	41.935484E-3
37	13.730048E+0	37.030876E+0	1.813044E+3	88.630347E+0	41.935484E-3
38	14.862641E+0	35.176567E+0	1.768826E+3	85.099118E+0	41.935484E-3
39	15.595217E+0	35.176567E+0	1.768826E+3	85.099118E+0	41.935484E-3
40	15.927825E+0	35.176567E+0	1.768826E+3	85.099118E+0	41.935484E-3
41	15.860417E+0	33.205759E+0	1.721830E+3	86.244257E+0	41.935484E-3
42	15.392993E+0	33.205759E+0	1.721830E+3	86.244257E+0	41.935484E-3
43	14.525569E+0	33.205759E+0	1.721830E+3	86.244257E+0	41.935484E-3
44	13.258082E+0	33.205759E+0	1.721830E+3	86.244257E+0	41.935484E-3
45	12.390498E+0	33.205759E+0	1.721830E+3	86.244257E+0	41.935484E-3
46	11.922962E+0	31.529522E+0	1.681858E+3	87.176282E+0	41.935484E-3
47	11.055442E+0	31.529522E+0	1.681858E+3	87.176282E+0	41.935484E-3
48	10.587906E+0	31.529522E+0	1.681858E+3	87.176282E+0	41.935484E-3
49	10.520370E+0	31.529522E+0	1.681858E+3	87.176282E+0	41.935484E-3
50	10.852851E+0	29.849758E+0	1.641802E+3	85.295225E+0	41.935484E-3
51	10.785347E+0	29.849758E+0	1.641802E+3	85.295225E+0	41.935484E-3
52	10.540035E+0	29.849758E+0	1.641802E+3	85.295225E+0	41.935484E-3
53	10.589284E+0	29.849758E+0	1.641802E+3	85.295225E+0	41.935484E-3
54	10.638532E+0	28.054285E+0	1.598987E+3	84.939458E+0	41.935484E-3
55	10.287684E+0	28.054285E+0	1.598987E+3	84.939458E+0	41.935484E-3
56	9.536868E+0	28.054285E+0	1.598987E+3	84.939458E+0	41.935484E-3
57	9.186004E+0	28.054285E+0	1.598987E+3	84.939458E+0	41.935484E-3
58	9.235123E+0	26.262953E+0	1.556270E+3	83.431188E+0	41.935484E-3
59	8.884243E+0	26.262953E+0	1.556270E+3	83.431188E+0	41.935484E-3
60	8.172143E+0	26.262953E+0	1.556270E+3	83.431188E+0	41.935484E-3
61	7.860059E+0	24.618788E+0	1.517063E+3	84.772109E+0	41.935484E-3
62	7.147992E+0	24.618788E+0	1.517063E+3	84.772109E+0	41.935484E-3
63	6.835940E+0	24.618788E+0	1.517063E+3	84.772109E+0	41.935484E-3
64	6.923872E+0	24.618788E+0	1.517063E+3	84.772109E+0	41.935484E-3
65	7.062711E+0	23.169768E+0	1.482510E+3	84.751683E+0	41.935484E-3
66	6.801469E+0	23.169768E+0	1.482510E+3	84.751683E+0	41.935484E-3
67	6.140276E+0	23.169768E+0	1.482510E+3	84.751683E+0	41.935484E-3
68	5.879130E+0	23.169768E+0	1.482510E+3	84.751683E+0	41.935484E-3
69	6.017921E+0	21.830337E+0	1.450570E+3	86.881919E+0	41.935484E-3
70	5.756727E+0	21.830337E+0	1.450570E+3	86.881919E+0	41.935484E-3
71	5.095518E+0	21.830337E+0	1.450570E+3	86.881919E+0	41.935484E-3
72	4.834293E+0	21.830337E+0	1.450570E+3	86.881919E+0	41.935484E-3
73	4.973067E+0	20.948546E+0	1.429542E+3	84.209703E+0	41.935484E-3
74	5.080526E+0	20.948546E+0	1.429542E+3	84.209703E+0	41.935484E-3
75	4.787970E+0	20.948546E+0	1.429542E+3	84.209703E+0	41.935484E-3
76	4.428669E+0	20.948546E+0	1.429542E+3	84.209703E+0	41.935484E-3
77	4.433411E+0	20.010236E+0	1.407167E+3	84.709792E+0	41.935484E-3
78	4.438154E+0	20.010236E+0	1.407167E+3	84.709792E+0	41.935484E-3
79	4.042785E+0	20.010236E+0	1.407167E+3	84.709792E+0	41.935484E-3
80	3.734524E+0	20.010236E+0	1.407167E+3	84.709792E+0	41.935484E-3
81	3.734575E+0	20.010236E+0	1.407167E+3	84.709792E+0	41.935484E-3
82	3.734626E+0	19.007586E+0	1.383258E+3	85.609570E+0	41.935484E-3
83	3.334710E+0	19.007586E+0	1.383258E+3	85.609570E+0	41.935484E-3
84	2.972715E+0	19.007586E+0	1.383258E+3	85.609570E+0	41.935484E-3
85	2.967753E+0	18.131773E+0	1.362373E+3	85.445858E+0	41.935484E-3
86	2.962790E+0	18.131773E+0	1.362373E+3	85.445858E+0	41.935484E-3
87	2.557844E+0	18.131773E+0	1.362373E+3	85.445858E+0	41.935484E-3
88	2.287248E+0	18.131773E+0	1.362373E+3	85.445858E+0	41.935484E-3
89	2.277907E+0	18.131773E+0	1.362373E+3	85.445858E+0	41.935484E-3
90	2.268566E+0	17.398196E+0	1.344880E+3	87.351530E+0	41.935484E-3
91	1.859209E+0	17.398196E+0	1.344880E+3	87.351530E+0	41.935484E-3
92	1.692364E+0	17.398196E+0	1.344880E+3	87.351530E+0	41.935484E-3
93	1.679357E+0	17.398196E+0	1.344880E+3	87.351530E+0	41.935484E-3
94	1.666348E+0	16.978032E+0	1.334861E+3	84.718733E+0	41.935484E-3
95	1.253355E+0	16.978032E+0	1.334861E+3	84.718733E+0	41.935484E-3
96	1.240410E+0	16.978032E+0	1.334861E+3	84.718733E+0	41.935484E-3
97	1.305894E+0	16.978032E+0	1.334861E+3	84.718733E+0	41.935484E-3
98	1.290785E+0	16.520175E+0	1.323943E+3	82.631579E+0	41.935484E-3
99	875.675673E-3	16.520175E+0	1.323943E+3	82.631579E+0	41.935484E-3
100	860.582436E-3	16.520175E+0	1.323943E+3	82.631579E+0	41.935484E-3
101	895.195001E-3	16.520175E+0	1.323943E+3	82.631579E+0	41.935484E-3
102	877.796224E-3	16.399475E+0	1.321064E+3	83.717934E+0	41.935484E-3
103	527.891521E-3	16.399475E+0	1.321064E+3	83.717934E+0	41.935484E-3
104	577.922821E-3	16.399475E+0	1.321064E+3	83.717934E+0	41.935484E-3
105	733.263151E-3	16.772974E+0	1.329971E+3	84.431208E+0	41.935484E-3
106	1.288651E+0	16.772974E+0	1.329971E+3	84.431208E+0	41.935484E-3
107	1.444056E+0	16.772974E+0	1.329971E+3	84.431208E+0	41.935484E-3
108	1.199476E+0	16.772974E+0	1.329971E+3	84.431208E+0	41.935484E-3
109	948.846690E-3	16.772974E+0	1.329971E+3	84.431208E+0	41.935484E-3
110	932.711559E-3	17.047117E+0	1.336508E+3	85.477465E+0	41.935484E-3
111	1.316624E+0	17.047117E+0	1.336508E+3	85.477465E+0	41.935484E-3
112	1.300585E+0	17.047117E+0	1.336508E+3	85.477465E+0	41.935484E-3
113	1.094025E+0	17.047117E+0	1.336508E+3	85.477465E+0	41.935484E-3
114	1.079261E+0	16.725648E+0	1.328842E+3	84.918695E+0	41.935484E-3
115	664.480591E-3	16.725648E+0	1.328842E+3	84.918695E+0	41.935484E-3
116	649.812182E-3	16.725648E+0	1.328842E+3	84.918695E+0	41.935484E-3
117	789.042583E-3	16.759527E+0	1.329650E+3	84.541180E+0	41.935484E-3
118	772.672131E-3	16.759527E+0	1.329650E+3	84.541180E+0	41.935484E-3
119	849.636935E-3	16.759527E+0	1.329650E+3	84.541180E+0	41.935484E-3
120	765.676626E-3	16.759527E+0	1.329650E+3	84.541180E+0	41.935484E-3
121	749.473935E-3	16.759527E+0	1.329650E+3	84.541180E+0	41.935484E-3
122	733.271892E-3	16.958159E+0	1.334387E+3	87.037668E+0	41.935484E-3
123	1.117086E+0	16.958159E+0	1.334387E+3	87.037668E+0	41.935484E-3
124	1.100916E+0	16.958159E+0	1.334387E+3	87.037668E+0	41.935484E-3
125	836.617892E-3	16.958159E+0	1.334387E+3	87.037668E+0	41.935484E-3
126	821.408076E-3	16.758755E+0	1.329632E+3	86.549616E+0	41.935484E-3
127	406.134258E-3	16.758755E+0	1.329632E+3	86.549616E+0	41.935484E-3
128	390.764446E-3	16.758755E+0	1.329632E+3	86.549616E+0	41.935484E-3
129	623.237499E-3	16.758755E+0	1.329632E+3	86.549616E+0	41.935484E-3
130	607.031599E-3	16.772260E+0	1.329954E+3	85.955531E+0	41.935484E-3
131	628.029491E-3	16.772260E+0	1.329954E+3	85.955531E+0	41.935484E-3
132	584.882270E-3	16.772260E+0	1.329954E+3	85.955531E+0	41.935484E-3
133	568.743568E-3	16.772260E+0	1.329954E+3	85.955531E+0	41.935484E-3
134	552.604866E-3	16.928151E+0	1.333671E+3	85.413037E+0	41.935484E-3
135	936.466165E-3	16.928151E+0	1.333671E+3	85.413037E+0	41.935484E-3
136	920.295462E-3	16.928151E+0	1.333671E+3	85.413037E+0	41.935484E-3
137	623.445228E-3	16.928151E+0	1.333671E+3	85.413037E+0	41.935484E-3
138	608.085675E-3	16.843805E+0	1.331660E+3	85.612696E+0	41.935484E-3
139	360.346282E-3	16.843805E+0	1.331660E+3	85.612696E+0	41.935484E-3
140	512.734900E-3	16.843805E+0	1.331660E+3	85.612696E+0	41.935484E-3
141	497.483657E-3	16.843805E+0	1.331660E+3	85.612696E+0	41.935484E-3
142	481.702049E-3	16.935983E+0	1.333858E+3	84.487386E+0	41.935484E-3
143	719.884339E-3	16.935983E+0	1.333858E+3	84.487386E+0	41.935484E-3
144	558.050629E-3	16.935983E+0	1.333858E+3	84.487386E+0	41.935484E-3
145	504.876455E-3	16.935983E+0	1.333858E+3	84.487386E+0	41.935484E-3
146	489.555757E-3	16.896001E+0	1.332905E+3	84.058574E+0	41.935484E-3
147	364.086986E-3	16.896001E+0	1.332905E+3	84.058574E+0	41.935484E-3
148	428.529697E-3	16.896001E+0	1.332905E+3	84.058574E+0	41.935484E-3
149	413.010012E-3	16.910114E+0	1.333241E+3	84.264880E+0	41.935484E-3
150	397.489086E-3	16.910114E+0	1.333241E+3	84.264880E+0	41.935484E-3
151	420.846428E-3	16.910114E+0	1.333241E+3	84.264880E+0	41.935484E-3
152	377.175702E-3	16.910114E+0	1.333241E+3	84.264880E+0	41.935484E-3
153	361.725964E-3	16.910114E+0	1.333241E+3	84.264880E+0	41.935484E-3
154	346.276844E-3	16.922694E+0	1.333541E+3	84.201918E+0	41.935484E-3
155	365.485751E-3	16.922694E+0	1.333541E+3	84.201918E+0	41.935484E-3
156	324.938291E-3	16.922694E+0	1.333541E+3	84.201918E+0	41.935484E-3
157	309.552070E-3	16.922694E+0	1.333541E+3	84.201918E+0	41.935484E-3
158	294.166158E-3	16.934944E+0	1.333833E+3	84.735236E+0	41.935484E-3
159	312.528114E-3	16.934944E+0	1.333833E+3	84.735236E+0	41.935484E-3
160	272.703028E-3	16.934944E+0	1.333833E+3	84.735236E+0	41.935484E-3
161	257.377443E-3	16.934944E+0	1.333833E+3	84.735236E+0	41.935484E-3
162	242.052471E-3	16.937912E+0	1.333904E+3	85.258065E+0	41.935484E-3
163	234.903852E-3	16.937912E+0	1.333904E+3	85.258065E+0	41.935484E-3
164	213.655706E-3	16.937912E+0	1.333904E+3	85.258065E+0	41.935484E-3
165	198.346798E-3	16.937912E+0	1.333904E+3	85.258065E+0	41.935484E-3
166	183.035747E-3	16.953289E+0	1.334271E+3	85.349750E+0	41.935484E-3
167	210.086477E-3	16.953289E+0	1.334271E+3	85.349750E+0	41.935484E-3
168	164.101572E-3	16.953289E+0	1.334271E+3	85.349750E+0	41.935484E-3
169	148.867710E-3	16.953289E+0	1.334271E+3	85.349750E+0	41.935484E-3
170	133.633849E-3	16.948474E+0	1.334156E+3	85.755599E+0	41.935484E-3
171	105.137568E-3	16.948474E+0	1.334156E+3	85.755599E+0	41.935484E-3
172	99.508601E-3	16.948474E+0	1.334156E+3	85.755599E+0	41.935484E-3
173	84.250973E-3	16.948474E+0	1.334156E+3	85.755599E+0	41.935484E-3
174	68.993346E-3	16.939227E+0	1.333935E+3	86.043240E+0	41.935484E-3
175	28.259201E-3	16.939227E+0	1.333935E+3	86.043240E+0	41.935484E-3
176	31.449386E-3	16.939227E+0	1.333935E+3	86.043240E+0	41.935484E-3
177	16.145521E-3	16.939227E+0	1.333935E+3	86.043240E+0	41.935484E-3
178	842.574213E-6	16.946160E+0	1.334101E+3	85.752546E+0	41.935484E-3
179	4.638485E-3	16.946160E+0	1.334101E+3	85.752546E+0	41.935484E-3
180	-24.496236E-3	16.946160E+0	1.334101E+3	85.752546E+0	41.935484E-3
181	-39.765435E-3	16.946160E+0	1.334101E+3	85.752546E+0	41.935484E-3
182	-55.034634E-3	16.934413E+0	1.333821E+3	85.601565E+0	41.935484E-3
183	-102.667064E-3	16.934413E+0	1.333821E+3	85.601565E+0	41.935484E-3
184	-94.500820E-3	16.934413E+0	1.333821E+3	85.601565E+0	41.935484E-3
185	-109.828754E-3	16.934413E+0	1.333821E+3	85.601565E+0	41.935484E-3
186	-125.157302E-3	16.942409E+0	1.334011E+3	84.917630E+0	41.935484E-3
187	-118.457485E-3	16.942409E+0	1.334011E+3	84.917630E+0	41.935484E-3
188	-149.737773E-3	16.942409E+0	1.334011E+3	84.917630E+0	41.935484E-3
189	-165.024506E-3	16.942409E+0	1.334011E+3	84.917630E+0	41.935484E-3
190	-180.311852E-3	16.932464E+0	1.333774E+3	84.737196E+0	41.935484E-3
191	-222.997695E-3	16.932464E+0	1.333774E+3	84.737196E+0	41.935484E-3
192	-218.445471E-3	16.932464E+0	1.333774E+3	84.737196E+0	41.935484E-3
193	-233.784071E-3	16.932464E+0	1.333774E+3	84.737196E+0	41.935484E-3
194	-249.120832E-3	16.945094E+0	1.334075E+3	84.496886E+0	41.935484E-3
195	-229.665045E-3	16.945094E+0	1.334075E+3	84.496886E+0	41.935484E-3
196	-270.198464E-3	16.945094E+0	1.334075E+3	84.496886E+0	41.935484E-3
197	-285.472690E-3	16.945094E+0	1.334075E+3	84.496886E+0	41.935484E-3
198	-300.746611E-3	16.947984E+0	1.334144E+3	84.166151E+0	41.935484E-3
199	-308.062198E-3	16.947984E+0	1.334144E+3	84.166151E+0	41.935484E-3
200	-329.100017E-3	16.947984E+0	1.334144E+3	84.166151E+0	41.935484E-3
201	-344.359794E-3	16.947984E+0	1.334144E+3	84.166151E+0	41.935484E-3
202	-359.619571E-3	16.946424E+0	1.334107E+3	84.031882E+0	41.935484E-3
203	-379.176972E-3	16.946424E+0	1.334107E+3	84.031882E+0	41.935484E-3
204	-391.325374E-3	16.946424E+0	1.334107E+3	84.031882E+0	41.935484E-3
205	-406.593255E-3	16.946424E+0	1.334107E+3	84.031882E+0	41.935484E-3
206	-421.862357E-3	16.942088E+0	1.334004E+3	84.462812E+0	41.935484E-3
207	-449.073844E-3	16.942088E+0	1.334004E+3	84.462812E+0	41.935484E-3
208	-455.691793E-3	16.942088E+0	1.334004E+3	84.462812E+0	41.935484E-3
209	-470.981350E-3	16.942088E+0	1.334004E+3	84.462812E+0	41.935484E-3
210	-486.270602E-3	16.946736E+0	1.334114E+3	84.953714E+0	41.935484E-3
211	-488.756963E-3	16.946736E+0	1.334114E+3	84.953714E+0	41.935484E-3
212	-513.320243E-3	16.946736E+0	1.334114E+3	84.953714E+0	41.935484E-3
213	-528.584732E-3	16.946736E+0	1.334114E+3	84.953714E+0	41.935484E-3
214	-543.850748E-3	16.949704E+0	1.334185E+3	85.514143E+0	41.935484E-3
215	-550.940664E-3	16.949704E+0	1.334185E+3	85.514143E+0	41.935484E-3
216	-572.128207E-3	16.949704E+0	1.334185E+3	85.514143E+0	41.935484E-3
217	-587.379382E-3	16.949704E+0	1.334185E+3	85.514143E+0	41.935484E-3
218	-602.630253E-3	16.950108E+0	1.334195E+3	85.898390E+0	41.935484E-3
219	-616.767434E-3	16.950108E+0	1.334195E+3	85.898390E+0	41.935484E-3
220	-632.826736E-3	16.950108E+0	1.334195E+3	85.898390E+0	41.935484E-3
221	-648.075279E-3	16.950108E+0	1.334195E+3	85.898390E+0	41.935484E-3
222	-663.325042E-3	16.947911E+0	1.334142E+3	86.111884E+0	41.935484E-3
223	-678.576026E-3	16.947911E+0	1.334142E+3	86.111884E+0	41.935484E-3
224	-699.877412E-3	16.947911E+0	1.334142E+3	86.111884E+0	41.935484E-3
225	-710.743824E-3	16.947911E+0	1.334142E+3	86.111884E+0	41.935484E-3
226	-726.004267E-3	16.941177E+0	1.333982E+3	85.999722E+0	41.935484E-3
227	-759.816841E-3	16.941177E+0	1.333982E+3	85.999722E+0	41.935484E-3
228	-761.642076E-3	16.941177E+0	1.333982E+3	85.999722E+0	41.935484E-3
229	-776.936190E-3	16.941177E+0	1.333982E+3	85.999722E+0	41.935484E-3
230	-792.230609E-3	16.940467E+0	1.333965E+3	85.598207E+0	41.935484E-3
231	-809.481926E-3	16.940467E+0	1.333965E+3	85.598207E+0	41.935484E-3
232	-823.358831E-3	16.940467E+0	1.333965E+3	85.598207E+0	41.935484E-3
233	-838.656192E-3	16.940467E+0	1.333965E+3	85.598207E+0	41.935484E-3
234	-853.953858E-3	16.940458E+0	1.333965E+3	85.141810E+0	41.935484E-3
235	-869.276622E-3	16.940458E+0	1.333965E+3	85.141810E+0	41.935484E-3
236	-884.558561E-3	16.940458E+0	1.333965E+3	85.141810E+0	41.935484E-3
237	-899.855049E-3	16.940458E+0	1.333965E+3	85.141810E+0	41.935484E-3
238	-915.151843E-3	16.940064E+0	1.333955E+3	84.820339E+0	41.935484E-3
239	-931.534312E-3	16.940064E+0	1.333955E+3	84.820339E+0	41.935484E-3
240	-946.046590E-3	16.940064E+0	1.333955E+3	84.820339E+0	41.935484E-3
241	-961.346271E-3	16.940064E+0	1.333955E+3	84.820339E+0	41.935484E-3
242	-976.646564E-3	16.936253E+0	1.333864E+3	84.410739E+0	41.935484E-3
243	-1.002445E+0	16.936253E+0	1.333864E+3	84.410739E+0	41.935484E-3
244	-1.010141E+0	16.936253E+0	1.333864E+3	84.410739E+0	41.935484E-3
245	-1.025460E+0	16.936253E+0	1.333864E+3	84.410739E+0	41.935484E-3
246	-1.040780E+0	16.940937E+0	1.333976E+3	83.889325E+0	41.935484E-3
247	-1.043194E+0	16.940937E+0	1.333976E+3	83.889325E+0	41.935484E-3
248	-1.067857E+0	16.940937E+0	1.333976E+3	83.889325E+0	41.935484E-3
249	-1.083152E+0	16.940937E+0	1.333976E+3	83.889325E+0	41.935484E-3
250	-1.098447E+0	16.942820E+0	1.334021E+3	83.934440E+0	41.935484E-3
251	-1.108553E+0	16.942820E+0	1.334021E+3	83.934440E+0	41.935484E-3
252	-1.127606E+0	16.942820E+0	1.334021E+3	83.934440E+0	41.935484E-3
253	-1.142892E+0	16.942820E+0	1.334021E+3	83.934440E+0	41.935484E-3
254	-1.158178E+0	16.946143E+0	1.334100E+3	84.085034E+0	41.935484E-3
255	-1.164309E+0	16.946143E+0	1.334100E+3	84.085034E+0	41.935484E-3
256	-1.186225E+0	16.946143E+0	1.334100E+3	84.085034E+0	41.935484E-3
257	-1.201494E+0	16.946143E+0	1.334100E+3	84.085034E+0	41.935484E-3
258	-1.216763E+0	16.938190E+0	1.333911E+3	84.655396E+0	41.935484E-3
259	-1.253945E+0	16.938190E+0	1.333911E+3	84.655396E+0	41.935484E-3
260	-1.253349E+0	16.938190E+0	1.333911E+3	84.655396E+0	41.935484E-3
261	-1.268656E+0	16.938190E+0	1.333911E+3	84.655396E+0	41.935484E-3
262	-1.283965E+0	16.947813E+0	1.334140E+3	85.145996E+0	41.935484E-3
263	-1.272761E+0	16.947813E+0	1.334140E+3	85.145996E+0	41.935484E-3
264	-1.307269E+0	16.947813E+0	1.334140E+3	85.145996E+0	41.935484E-3
265	-1.322530E+0	16.947813E+0	1.334140E+3	85.145996E+0	41.935484E-3
266	-1.337792E+0	16.941412E+0	1.333988E+3	85.570794E+0	41.935484E-3
267	-1.370688E+0	16.941412E+0	1.333988E+3	85.570794E+0	41.935484E-3
268	-1.373178E+0	16.941412E+0	1.333988E+3	85.570794E+0	41.935484E-3
269	-1.388471E+0	16.941412E+0	1.333988E+3	85.570794E+0	41.935484E-3
270	-1.403763E+0	16.940133E+0	1.333957E+3	85.750896E+0	41.935484E-3
271	-1.422581E+0	16.940133E+0	1.333957E+3	85.750896E+0	41.935484E-3
272	-1.435322E+0	16.940133E+0	1.333957E+3	85.750896E+0	41.935484E-3
273	-1.450621E+0	16.940133E+0	1.333957E+3	85.750896E+0	41.935484E-3
274	-1.465920E+0	16.940133E+0	1.333957E+3	85.750896E+0	41.935484E-3
275	-1.481219E+0	16.941559E+0	1.333991E+3	85.748876E+0	41.935484E-3
276	-1.492592E+0	16.941559E+0	1.333991E+3	85.748876E+0	41.935484E-3
277	-1.510735E+0	16.941559E+0	1.333991E+3	85.748876E+0	41.935484E-3
278	-1.526027E+0	16.935769E+0	1.333853E+3	85.687168E+0	41.935484E-3
279	-1.557270E+0	16.935769E+0	1.333853E+3	85.687168E+0	41.935484E-3
280	-1.561012E+0	16.935769E+0	1.333853E+3	85.687168E+0	41.935484E-3
281	-1.576332E+0	16.935769E+0	1.333853E+3	85.687168E+0	41.935484E-3
282	-1.591654E+0	16.935769E+0	1.333853E+3	85.687168E+0	41.935484E-3
283	-1.606975E+0	16.937631E+0	1.333897E+3	85.204456E+0	41.935484E-3
284	-1.617167E+0	16.937631E+0	1.333897E+3	85.204456E+0	41.935484E-3
285	-1.636202E+0	16.937631E+0	1.333897E+3	85.204456E+0	41.935484E-3
286	-1.651515E+0	16.940448E+0	1.333965E+3	85.037444E+0	41.935484E-3
287	-1.659065E+0	16.940448E+0	1.333965E+3	85.037444E+0	41.935484E-3
288	-1.679996E+0	16.940448E+0	1.333965E+3	85.037444E+0	41.935484E-3
289	-1.695294E+0	16.940448E+0	1.333965E+3	85.037444E+0	41.935484E-3
290	-1.710592E+0	16.940448E+0	1.333965E+3	85.037444E+0	41.935484E-3
291	-1.725890E+0	16.940633E+0	1.333969E+3	84.428854E+0	41.935484E-3
292	-1.740677E+0	16.940633E+0	1.333969E+3	84.428854E+0	41.935484E-3
293	-1.756344E+0	16.940633E+0	1.333969E+3	84.428854E+0	41.935484E-3
294	-1.771642E+0	16.932794E+0	1.333782E+3	84.244558E+0	41.935484E-3
295	-1.808535E+0	16.932794E+0	1.333782E+3	84.244558E+0	41.935484E-3
296	-1.808193E+0	16.932794E+0	1.333782E+3	84.244558E+0	41.935484E-3
297	-1.823529E+0	16.932794E+0	1.333782E+3	84.244558E+0	41.935484E-3
298	-1.838864E+0	16.932794E+0	1.333782E+3	84.244558E+0	41.935484E-3
299	-1.854200E+0	16.941385E+0	1.333987E+3	84.177746E+0	41.935484E-3
300	-1.845870E+0	16.941385E+0	1.333987E+3	84.177746E+0	41.935484E-3
301	-1.878344E+0	16.941385E+0	1.333987E+3	84.177746E+0	41.935484E-3
302	-1.893637E+0	16.941828E+0	1.333997E+3	84.428734E+0	41.935484E-3
303	-1.908930E+0	16.941828E+0	1.333997E+3	84.428734E+0	41.935484E-3
304	-1.923002E+0	16.941828E+0	1.333997E+3	84.428734E+0	41.935484E-3
305	-1.939179E+0	16.941828E+0	1.333997E+3	84.428734E+0	41.935484E-3
306	-1.954471E+0	16.941828E+0	1.333997E+3	84.428734E+0	41.935484E-3
307	-1.969762E+0	16.943595E+0	1.334040E+3	84.173028E+0	41.935484E-3
308	-1.980186E+0	16.943595E+0	1.334040E+3	84.173028E+0	41.935484E-3
309	-1.999000E+0	16.943595E+0	1.334040E+3	84.173028E+0	41.935484E-3
310	-2.014282E+0	16.943595E+0	1.334040E+3	84.173028E+0	41.935484E-3
311	-2.029564E+0	16.942314E+0	1.334009E+3	84.572638E+0	41.935484E-3
312	-2.048376E+0	16.942314E+0	1.334009E+3	84.572638E+0	41.935484E-3
313	-2.061102E+0	16.942314E+0	1.334009E+3	84.572638E+0	41.935484E-3
314	-1.673828E+0	16.942314E+0	1.334009E+3	84.572638E+0	41.935484E-3
315	-886.553826E-3	16.941394E+0	1.333987E+3	85.465169E+0	41.935484E-3
316	300.752097E-3	16.941394E+0	1.333987E+3	85.465169E+0	41.935484E-3
317	1.888042E+0	16.941394E+0	1.333987E+3	85.465169E+0	41.935484E-3
318	3.875316E+0	16.941394E+0	1.333987E+3	85.465169E+0	41.935484E-3
319	6.262670E+0	16.951435E+0	1.334227E+3	85.926163E+0	41.935484E-3
320	9.049928E+0	16.951435E+0	1.334227E+3	85.926163E+0	41.935484E-3
321	12.237202E+0	16.951435E+0	1.334227E+3	85.926163E+0	41.935484E-3
322	15.824476E+0	16.951435E+0	1.334227E+3	85.926163E+0	41.935484E-3
323	19.811750E+0	16.944203E+0	1.334054E+3	86.031092E+0	41.935484E-3
324	24.199024E+0	16.944203E+0	1.334054E+3	86.031092E+0	41.935484E-3
325	28.186297E+0	16.944203E+0	1.334054E+3	86.031092E+0	41.935484E-3
326	31.773539E+0	16.880498E+0	1.332535E+3	86.206218E+0	41.935484E-3
327	34.960797E+0	16.880498E+0	1.332535E+3	86.206218E+0	41.935484E-3
328	37.748087E+0	16.880498E+0	1.332535E+3	86.206218E+0	41.935484E-3
329	40.000000E+0	16.880498E+0	1.332535E+3	86.206218E+0	41.935484E-3
330	40.000000E+0	16.880498E+0	1.332535E+3	86.206218E+0	41.935484E-3
331	39.599952E+0	16.077967E+0	1.313398E+3	85.860106E+0	41.935484E-3
332	38.799840E+0	16.077967E+0	1.313398E+3	85.860106E+0	41.935484E-3
333	37.599824E+0	16.077967E+0	1.313398E+3	85.860106E+0	41.935484E-3
334	35.999824E+0	16.077967E+0	1.313398E+3	85.860106E+0	41.935484E-3
335	33.999808E+0	13.307583E+0	1.247335E+3	88.960596E+0	41.935484E-3
336	31.599760E+0	13.307583E+0	1.247335E+3	88.960596E+0	41.935484E-3
337	28.799728E+0	13.307583E+0	1.247335E+3	88.960596E+0	41.935484E-3
338	25.599712E+0	13.307583E+0	1.247335E+3	88.960596E+0	41.935484E-3
339	22.799680E+0	10.126356E+0	1.171475E+3	86.149602E+0	41.935484E-3
340	19.599632E+0	10.126356E+0	1.171475E+3	86.149602E+0	41.935484E-3
341	16.799568E+0	10.126356E+0	1.171475E+3	86.149602E+0	41.935484E-3
342	14.399520E+0	10.126356E+0	1.171475E+3	86.149602E+0	41.935484E-3
343	12.399552E+0	7.010808E+0	1.097181E+3	85.525793E+0	41.935484E-3
344	10.799488E+0	7.010808E+0	1.097181E+3	85.525793E+0	41.935484E-3
345	9.599424E+0	7.010808E+0	1.097181E+3	85.525793E+0	41.935484E-3
346	8.799408E+0	7.010808E+0	1.097181E+3	85.525793E+0	41.935484E-3
347	8.399376E+0	4.250598E+0	1.031360E+3	84.909895E+0	41.935484E-3
348	8.399312E+0	4.250598E+0	1.031360E+3	84.909895E+0	41.935484E-3
349	8.799248E+0	4.250598E+0	1.031360E+3	84.909895E+0	41.935484E-3
350	9.599200E+0	4.250598E+0	1.031360E+3	84.909895E+0	41.935484E-3
351	10.799152E+0	2.151710E+0	981.310000E+0	81.848333E+0	41.935484E-3
352	12.399088E+0	2.151710E+0	981.310000E+0	81.848333E+0	41.935484E-3
353	14.399024E+0	2.151710E+0	981.310000E+0	81.848333E+0	41.935484E-3
354	16.724541E+0	2.151710E+0	981.310000E+0	81.848333E+0	41.935484E-3
355	18.650058E+0	439.903943E-3	940.490017E+0	82.528808E+0	41.935484E-3
356	20.175447E+0	439.903943E-3	940.490017E+0	82.528808E+0	41.935484E-3
357	21.300932E+0	439.903943E-3	940.490017E+0	82.528808E+0	41.935484E-3
358	22.026432E+0	439.903943E-3	940.490017E+0	82.528808E+0	41.935484E-3
359	22.351933E+0	-1.134839E+0	902.938449E+0	86.675098E+0	41.935484E-3
360	22.277434E+0	-1.134839E+0	902.938449E+0	86.675098E+0	41.935484E-3
361	21.802951E+0	-1.134839E+0	902.938449E+0	86.675098E+0	41.935484E-3
362	20.928468E+0	-1.134839E+0	902.938449E+0	86.675098E+0	41.935484E-3
363	19.653985E+0	-3.008580E+0	858.256947E+0	87.269128E+0	41.935484E-3
364	17.979502E+0	-3.008580E+0	858.256947E+0	87.269128E+0	41.935484E-3
365	15.905019E+0	-3.008580E+0	858.256947E+0	87.269128E+0	41.935484E-3
366	13.430488E+0	-3.008580E+0	858.256947E+0	87.269128E+0	41.935484E-3
367	11.356053E+0	-4.961199E+0	811.694482E+0	85.118239E+0	41.935484E-3
368	8.881761E+0	-4.961199E+0	811.694482E+0	85.118239E+0	41.935484E-3
369	6.807470E+0	-4.961199E+0	811.694482E+0	85.118239E+0	41.935484E-3
370	5.133195E+0	-4.961199E+0	811.694482E+0	85.118239E+0	41.935484E-3
371	3.858920E+0	-7.221457E+0	757.796031E+0	85.986184E+0	41.935484E-3
372	2.984629E+0	-7.221457E+0	757.796031E+0	85.986184E+0	41.935484E-3
373	2.510354E+0	-7.221457E+0	757.796031E+0	85.986184E+0	41.935484E-3
374	2.436079E+0	-7.221457E+0	757.796031E+0	85.986184E+0	41.935484E-3
375	2.761788E+0	-9.247430E+0	709.484362E+0	87.531414E+0	41.935484E-3
376	3.487545E+0	-9.247430E+0	709.484362E+0	87.531414E+0	41.935484E-3
377	4.613285E+0	-9.247430E+0	709.484362E+0	87.531414E+0	41.935484E-3
378	6.139010E+0	-9.247430E+0	709.484362E+0	87.531414E+0	41.935484E-3
379	8.064751E+0	-10.730891E+0	674.109530E+0	85.311409E+0	41.935484E-3
380	9.606726E+0	-10.730891E+0	674.109530E+0	85.311409E+0	41.935484E-3
381	10.748748E+0	-10.730891E+0	674.109530E+0	85.311409E+0	41.935484E-3
382	11.490771E+0	-10.730891E+0	674.109530E+0	85.311409E+0	41.935484E-3
383	11.832825E+0	-11.429586E+0	657.448327E+0	86.747705E+0	41.935484E-3
384	11.774864E+0	-11.429586E+0	657.448327E+0	86.747705E+0	41.935484E-3
385	11.316918E+0	-11.429586E+0	657.448327E+0	86.747705E+0	41.935484E-3
386	10.458941E+0	-11.429586E+0	657.448327E+0	86.747705E+0	41.935484E-3
387	9.200947E+0	-12.090742E+0	641.682307E+0	85.066647E+0	41.935484E-3
388	7.542986E+0	-12.090742E+0	641.682307E+0	85.066647E+0	41.935484E-3
389	6.285024E+0	-12.090742E+0	641.682307E+0	85.066647E+0	41.935484E-3
390	5.427063E+0	-12.090742E+0	641.682307E+0	85.066647E+0	41.935484E-3
391	4.969181E+0	-12.487330E+0	632.225197E+0	85.557256E+0	41.935484E-3
392	4.911204E+0	-12.487330E+0	632.225197E+0	85.557256E+0	41.935484E-3
393	5.253242E+0	-12.487330E+0	632.225197E+0	85.557256E+0	41.935484E-3
394	5.995265E+0	-12.487330E+0	632.225197E+0	85.557256E+0	41.935484E-3
395	7.137303E+0	-12.990787E+0	620.219705E+0	83.541497E+0	41.935484E-3
396	7.879326E+0	-12.990787E+0	620.219705E+0	83.541497E+0	41.935484E-3
397	8.221348E+0	-12.990787E+0	620.219705E+0	83.541497E+0	41.935484E-3
398	8.163403E+0	-12.990787E+0	620.219705E+0	83.541497E+0	41.935484E-3
399	7.705441E+0	-13.479966E+0	608.554659E+0	82.498959E+0	41.935484E-3
400	6.847496E+0	-13.479966E+0	608.554659E+0	82.498959E+0	41.935484E-3
401	6.389566E+0	-13.479966E+0	608.554659E+0	82.498959E+0	41.935484E-3
402	6.331637E+0	-13.479966E+0	608.554659E+0	82.498959E+0	41.935484E-3
403	6.673723E+0	-14.065773E+0	594.585417E+0	82.932351E+0	41.935484E-3
404	6.615810E+0	-14.065773E+0	594.585417E+0	82.932351E+0	41.935484E-3
405	6.941776E+0	-14.065773E+0	594.585417E+0	82.932351E+0	41.935484E-3
406	6.971448E+0	-14.065773E+0	594.585417E+0	82.932351E+0	41.935484E-3
407	7.001118E+0	-14.401210E+0	586.586528E+0	81.456869E+0	41.935484E-3
408	6.630788E+0	-14.401210E+0	586.586528E+0	81.456869E+0	41.935484E-3
409	6.660442E+0	-14.401210E+0	586.586528E+0	81.456869E+0	41.935484E-3
410	6.833522E+0	-14.401210E+0	586.586528E+0	81.456869E+0	41.935484E-3
411	6.861515E+0	-13.909260E+0	598.317637E+0	83.311922E+0	41.935484E-3
412	7.289573E+0	-13.909260E+0	598.317637E+0	83.311922E+0	41.935484E-3
413	7.317679E+0	-13.909260E+0	598.317637E+0	83.311922E+0	41.935484E-3
414	7.321839E+0	-13.909260E+0	598.317637E+0	83.311922E+0	41.935484E-3
415	7.352296E+0	-13.592901E+0	605.861595E+0	84.364683E+0	41.935484E-3
416	7.782705E+0	-13.592901E+0	605.861595E+0	84.364683E+0	41.935484E-3
417	7.813114E+0	-13.592901E+0	605.861595E+0	84.364683E+0	41.935484E-3
418	7.685668E+0	-13.592901E+0	605.861595E+0	84.364683E+0	41.935484E-3
419	7.717705E+0	-13.462466E+0	608.971963E+0	83.725124E+0	41.935484E-3
420	8.109093E+0	-13.462466E+0	608.971963E+0	83.725124E+0	41.935484E-3
421	8.100497E+0	-13.462466E+0	608.971963E+0	83.725124E+0	41.935484E-3
422	7.913593E+0	-13.462466E+0	608.971963E+0	83.725124E+0	41.935484E-3
423	7.946281E+0	-13.497769E+0	608.130115E+0	84.676759E+0	41.935484E-3
424	7.881706E+0	-13.497769E+0	608.130115E+0	84.676759E+0	41.935484E-3
425	7.984827E+0	-13.497769E+0	608.130115E+0	84.676759E+0	41.935484E-3
426	8.017339E+0	-13.497769E+0	608.130115E+0	84.676759E+0	41.935484E-3
427	8.049850E+0	-13.608605E+0	605.487117E+0	86.377814E+0	41.935484E-3
428	7.777040E+0	-13.608605E+0	605.487117E+0	86.377814E+0	41.935484E-3
429	7.904086E+0	-13.608605E+0	605.487117E+0	86.377814E+0	41.935484E-3
430	8.062593E+0	-13.608605E+0	605.487117E+0	86.377814E+0	41.935484E-3
431	8.094550E+0	-13.829819E+0	600.212010E+0	85.801567E+0	41.935484E-3
432	7.726491E+0	-13.829819E+0	600.212010E+0	85.801567E+0	41.935484E-3
433	7.758400E+0	-13.829819E+0	600.212010E+0	85.801567E+0	41.935484E-3
434	8.021192E+0	-13.829819E+0	600.212010E+0	85.801567E+0	41.935484E-3
435	8.052042E+0	-14.165749E+0	592.201380E+0	85.717697E+0	41.935484E-3
436	7.682845E+0	-14.165749E+0	592.201380E+0	85.717697E+0	41.935484E-3
437	7.713647E+0	-14.165749E+0	592.201380E+0	85.717697E+0	41.935484E-3
438	7.887609E+0	-14.165749E+0	592.201380E+0	85.717697E+0	41.935484E-3
439	7.916783E+0	-14.339278E+0	588.063360E+0	84.650480E+0	41.935484E-3
440	7.546037E+0	-14.339278E+0	588.063360E+0	84.650480E+0	41.935484E-3
441	7.575290E+0	-14.339278E+0	588.063360E+0	84.650480E+0	41.935484E-3
442	7.871544E+0	-14.339278E+0	588.063360E+0	84.650480E+0	41.935484E-3
443	7.899847E+0	-14.172552E+0	592.039150E+0	84.084003E+0	41.935484E-3
444	8.328183E+0	-14.172552E+0	592.039150E+0	84.084003E+0	41.935484E-3
445	8.356534E+0	-14.172552E+0	592.039150E+0	84.084003E+0	41.935484E-3
446	8.112306E+0	-14.172552E+0	592.039150E+0	84.084003E+0	41.935484E-3
447	8.141443E+0	-14.205729E+0	591.247992E+0	84.165328E+0	41.935484E-3
448	8.079170E+0	-14.205729E+0	591.247992E+0	84.165328E+0	41.935484E-3
449	8.174501E+0	-14.205729E+0	591.247992E+0	84.165328E+0	41.935484E-3
450	8.203473E+0	-14.205729E+0	591.247992E+0	84.165328E+0	41.935484E-3
451	8.232444E+0	-14.171517E+0	592.063835E+0	83.453442E+0	41.935484E-3
452	8.355668E+0	-14.171517E+0	592.063835E+0	83.453442E+0	41.935484E-3
453	8.316388E+0	-14.171517E+0	592.063835E+0	83.453442E+0	41.935484E-3
454	8.345531E+0	-14.171517E+0	592.063835E+0	83.453442E+0	41.935484E-3
455	8.374673E+0	-14.172084E+0	592.050316E+0	82.787671E+0	41.935484E-3
456	8.402255E+0	-14.172084E+0	592.050316E+0	82.787671E+0	41.935484E-3
457	8.432528E+0	-14.172084E+0	592.050316E+0	82.787671E+0	41.935484E-3
458	8.461667E+0	-14.172084E+0	592.050316E+0	82.787671E+0	41.935484E-3
459	8.490806E+0	-14.200691E+0	591.368138E+0	82.496233E+0	41.935484E-3
460	8.441135E+0	-14.200691E+0	591.368138E+0	82.496233E+0	41.935484E-3
461	8.527343E+0	-14.200691E+0	591.368138E+0	82.496233E+0	41.935484E-3
462	8.556340E+0	-14.200691E+0	591.368138E+0	82.496233E+0	41.935484E-3
463	8.585340E+0	-14.202261E+0	591.330689E+0	83.093545E+0	41.935484E-3
464	8.610006E+0	-14.202261E+0	591.330689E+0	83.093545E+0	41.935484E-3
465	8.642136E+0	-14.202261E+0	591.330689E+0	83.093545E+0	41.935484E-3
466	8.671126E+0	-14.202261E+0	591.330689E+0	83.093545E+0	41.935484E-3
467	8.700116E+0	-14.198506E+0	591.420245E+0	83.597602E+0	41.935484E-3
468	8.739449E+0	-14.198506E+0	591.420245E+0	83.597602E+0	41.935484E-3
469	8.760945E+0	-14.198506E+0	591.420245E+0	83.597602E+0	41.935484E-3
470	8.789952E+0	-14.198506E+0	591.420245E+0	83.597602E+0	41.935484E-3
471	8.818960E+0	-14.179915E+0	591.863573E+0	84.388035E+0	41.935484E-3
472	8.899187E+0	-14.179915E+0	591.863573E+0	84.388035E+0	41.935484E-3
473	8.891105E+0	-14.179915E+0	591.863573E+0	84.388035E+0	41.935484E-3
474	8.920206E+0	-14.179915E+0	591.863573E+0	84.388035E+0	41.935484E-3
475	8.949305E+0	-14.179971E+0	591.862239E+0	85.081504E+0	41.935484E-3
476	8.978255E+0	-14.179971E+0	591.862239E+0	85.081504E+0	41.935484E-3
477	9.007464E+0	-14.179971E+0	591.862239E+0	85.081504E+0	41.935484E-3
478	9.036564E+0	-14.179971E+0	591.862239E+0	85.081504E+0	41.935484E-3
479	9.065665E+0	-14.187731E+0	591.677191E+0	85.855199E+0	41.935484E-3
480	9.073385E+0	-14.187731E+0	591.677191E+0	85.855199E+0	41.935484E-3
481	9.117967E+0	-14.187731E+0	591.677191E+0	85.855199E+0	41.935484E-3
482	9.147028E+0	-14.187731E+0	591.677191E+0	85.855199E+0	41.935484E-3
483	9.176091E+0	-14.185588E+0	591.728290E+0	85.657432E+0	41.935484E-3
484	9.205151E+0	-14.185588E+0	591.728290E+0	85.657432E+0	41.935484E-3
485	9.240115E+0	-14.185588E+0	591.728290E+0	85.657432E+0	41.935484E-3
486	9.264903E+0	-14.185588E+0	591.728290E+0	85.657432E+0	41.935484E-3
487	9.293978E+0	-14.188990E+0	591.647152E+0	85.114188E+0	41.935484E-3
488	9.313671E+0	-14.188990E+0	591.647152E+0	85.114188E+0	41.935484E-3
489	9.349532E+0	-14.188990E+0	591.647152E+0	85.114188E+0	41.935484E-3
490	9.378587E+0	-14.188990E+0	591.647152E+0	85.114188E+0	41.935484E-3
491	9.407642E+0	-14.178672E+0	591.893201E+0	84.383173E+0	41.935484E-3
492	9.465124E+0	-14.178672E+0	591.893201E+0	84.383173E+0	41.935484E-3
493	9.473594E+0	-14.178672E+0	591.893201E+0	84.383173E+0	41.935484E-3
494	9.502700E+0	-14.178672E+0	591.893201E+0	84.383173E+0	41.935484E-3
495	9.531809E+0	-14.182039E+0	591.812905E+0	84.073335E+0	41.935484E-3
496	9.551639E+0	-14.182039E+0	591.812905E+0	84.073335E+0	41.935484E-3
497	9.587463E+0	-14.182039E+0	591.812905E+0	84.073335E+0	41.935484E-3
498	9.616552E+0	-14.182039E+0	591.812905E+0	84.073335E+0	41.935484E-3
499	9.645641E+0	-14.182039E+0	591.812905E+0	84.073335E+0	41.935484E-3
500	9.674734E+0	-14.183434E+0	591.779652E+0	83.290423E+0	41.935484E-3
501	9.699979E+0	-14.183434E+0	591.779652E+0	83.290423E+0	41.935484E-3
502	9.731851E+0	-14.183434E+0	591.779652E+0	83.290423E+0	41.935484E-3
503	9.760933E+0	-14.180671E+0	591.845546E+0	82.831576E+0	41.935484E-3
504	9.797631E+0	-14.180671E+0	591.845546E+0	82.831576E+0	41.935484E-3
505	9.821199E+0	-14.180671E+0	591.845546E+0	82.831576E+0	41.935484E-3
506	9.850297E+0	-14.180671E+0	591.845546E+0	82.831576E+0	41.935484E-3
507	9.879393E+0	-14.180671E+0	591.845546E+0	82.831576E+0	41.935484E-3
508	9.908490E+0	-14.183479E+0	591.778575E+0	82.816055E+0	41.935484E-3
509	9.929848E+0	-14.183479E+0	591.778575E+0	82.816055E+0	41.935484E-3
510	9.964548E+0	-14.183479E+0	591.778575E+0	82.816055E+0	41.935484E-3
511	9.993634E+0	-14.183479E+0	591.778575E+0	82.816055E+0	41.935484E-3
512	10.022714E+0	-14.176505E+0	591.944869E+0	82.611081E+0	41.935484E-3
513	10.071008E+0	-14.176505E+0	591.944869E+0	82.611081E+0	41.935484E-3
514	10.086179E+0	-14.176505E+0	591.944869E+0	82.611081E+0	41.935484E-3
515	10.115297E+0	-14.176505E+0	591.944869E+0	82.611081E+0	41.935484E-3
516	10.144415E+0	-14.180358E+0	591.853007E+0	83.464922E+0	41.935484E-3
517	10.162919E+0	-14.180358E+0	591.853007E+0	83.464922E+0	41.935484E-3
518	10.199721E+0	-14.180358E+0	591.853007E+0	83.464922E+0	41.935484E-3
519	10.228819E+0	-14.180358E+0	591.853007E+0	83.464922E+0	41.935484E-3
520	10.257916E+0	-14.177780E+0	591.914489E+0	83.611932E+0	41.935484E-3
521	10.294118E+0	-14.177780E+0	591.914489E+0	83.611932E+0	41.935484E-3
522	10.318073E+0	-14.177780E+0	591.914489E+0	83.611932E+0	41.935484E-3
523	10.347184E+0	-14.177780E+0	591.914489E+0	83.611932E+0	41.935484E-3
524	10.376299E+0	-14.185045E+0	591.741235E+0	84.887590E+0	41.935484E-3
525	10.405407E+0	-14.185045E+0	591.741235E+0	84.887590E+0	41.935484E-3
526	10.414502E+0	-14.185045E+0	591.741235E+0	84.887590E+0	41.935484E-3
527	10.458107E+0	-14.188014E+0	591.670436E+0	85.760618E+0	41.935484E-3
528	10.479001E+0	-14.188014E+0	591.670436E+0	85.760618E+0	41.935484E-3
529	10.514000E+0	-14.188014E+0	591.670436E+0	85.760618E+0	41.935484E-3
530	10.543059E+0	-14.188014E+0	591.670436E+0	85.760618E+0	41.935484E-3
531	10.572119E+0	-14.188014E+0	591.670436E+0	85.760618E+0	41.935484E-3
532	10.601179E+0	-14.182565E+0	591.800380E+0	86.060212E+0	41.935484E-3
533	10.645252E+0	-14.182565E+0	591.800380E+0	86.060212E+0	41.935484E-3
534	10.663442E+0	-14.182565E+0	591.800380E+0	86.060212E+0	41.935484E-3
535	10.692531E+0	-14.178131E+0	591.906118E+0	85.624473E+0	41.935484E-3
536	10.721616E+0	-14.178131E+0	591.906118E+0	85.624473E+0	41.935484E-3
537	10.762920E+0	-14.178131E+0	591.906118E+0	85.624473E+0	41.935484E-3
538	10.783160E+0	-14.178131E+0	591.906118E+0	85.624473E+0	41.935484E-3
539	10.812269E+0	-14.185797E+0	591.723293E+0	85.220688E+0	41.935484E-3
540	10.820256E+0	-14.185797E+0	591.723293E+0	85.220688E+0	41.935484E-3
541	10.864661E+0	-14.185797E+0	591.723293E+0	85.220688E+0	41.935484E-3
542	10.893732E+0	-14.185797E+0	591.723293E+0	85.220688E+0	41.935484E-3
543	10.922803E+0	-14.185797E+0	591.723293E+0	85.220688E+0	41.935484E-3
544	10.951874E+0	-14.185095E+0	591.740036E+0	84.515499E+0	41.935484E-3
545	10.982879E+0	-14.185095E+0	591.740036E+0	84.515499E+0	41.935484E-3
546	11.010550E+0	-14.185095E+0	591.740036E+0	84.515499E+0	41.935484E-3
547	11.039625E+0	-14.185095E+0	591.740036E+0	84.515499E+0	41.935484E-3
548	11.068702E+0	-14.188172E+0	591.666667E+0	83.570980E+0	41.935484E-3
549	11.089296E+0	-14.188172E+0	591.666667E+0	83.570980E+0	41.935484E-3
550	11.124509E+0	-14.188172E+0	591.666667E+0	83.570980E+0	41.935484E-3
551	11.153568E+0	-14.188172E+0	591.666667E+0	83.570980E+0	41.935484E-3
552	11.182627E+0	-14.175931E+0	591.958563E+0	83.014949E+0	41.935484E-3
553	11.245410E+0	-14.175931E+0	591.958563E+0	83.014949E+0	41.935484E-3
554	11.250049E+0	-14.175931E+0	591.958563E+0	83.014949E+0	41.935484E-3
555	11.279169E+0	-14.175931E+0	591.958563E+0	83.014949E+0	41.935484E-3
556	11.308290E+0	-14.184339E+0	591.758082E+0	82.495231E+0	41.935484E-3
557	11.314249E+0	-14.184339E+0	591.758082E+0	82.495231E+0	41.935484E-3
558	11.360140E+0	-14.184339E+0	591.758082E+0	82.495231E+0	41.935484E-3
559	11.389222E+0	-14.184339E+0	591.758082E+0	82.495231E+0	41.935484E-3
560	11.418297E+0	-14.174655E+0	591.988984E+0	82.318646E+0	41.935484E-3
561	11.474052E+0	-14.174655E+0	591.988984E+0	82.318646E+0	41.935484E-3
562	11.483813E+0	-14.174655E+0	591.988984E+0	82.318646E+0	41.935484E-3
563	11.512939E+0	-14.174655E+0	591.988984E+0	82.318646E+0	41.935484E-3
564	11.542066E+0	-14.180141E+0	591.858170E+0	82.695881E+0	41.935484E-3
565	11.556080E+0	-14.180141E+0	591.858170E+0	82.695881E+0	41.935484E-3
566	11.596152E+0	-14.180141E+0	591.858170E+0	82.695881E+0	41.935484E-3
567	11.625251E+0	-14.180141E+0	591.858170E+0	82.695881E+0	41.935484E-3
568	11.654349E+0	-14.174122E+0	592.001698E+0	83.420040E+0	41.935484E-3
569	11.700031E+0	-14.174122E+0	592.001698E+0	83.420040E+0	41.935484E-3
570	11.717123E+0	-14.174122E+0	592.001698E+0	83.420040E+0	41.935484E-3
571	11.746252E+0	-14.174122E+0	592.001698E+0	83.420040E+0	41.935484E-3
572	11.775384E+0	-14.181373E+0	591.828808E+0	84.232638E+0	41.935484E-3
573	11.784534E+0	-14.181373E+0	591.828808E+0	84.232638E+0	41.935484E-3
574	11.828129E+0	-14.181373E+0	591.828808E+0	84.232638E+0	41.935484E-3
575	11.857222E+0	-14.181373E+0	591.828808E+0	84.232638E+0	41.935484E-3
576	11.886317E+0	-14.186979E+0	591.695115E+0	85.231892E+0	41.935484E-3
577	11.899964E+0	-14.186979E+0	591.695115E+0	85.231892E+0	41.935484E-3
578	11.940240E+0	-14.186979E+0	591.695115E+0	85.231892E+0	41.935484E-3
579	11.969306E+0	-14.186979E+0	591.695115E+0	85.231892E+0	41.935484E-3
580	11.998372E+0	-14.185357E+0	591.733787E+0	85.731880E+0	41.935484E-3
581	12.031904E+0	-14.185357E+0	591.733787E+0	85.731880E+0	41.935484E-3
582	12.057734E+0	-14.185357E+0	591.733787E+0	85.731880E+0	41.935484E-3
583	12.086811E+0	-14.185357E+0	591.733787E+0	85.731880E+0	41.935484E-3
584	12.115881E+0	-14.178555E+0	591.895996E+0	85.639613E+0	41.935484E-3
585	12.163694E+0	-14.178555E+0	591.895996E+0	85.639613E+0	41.935484E-3
586	12.179198E+0	-14.178555E+0	591.895996E+0	85.639613E+0	41.935484E-3
587	12.208305E+0	-14.178555E+0	591.895996E+0	85.639613E+0	41.935484E-3
588	12.237411E+0	-14.175522E+0	591.968313E+0	84.876155E+0	41.935484E-3
589	12.274873E+0	-14.175522E+0	591.968313E+0	84.876155E+0	41.935484E-3
590	12.297930E+0	-14.175522E+0	591.968313E+0	84.876155E+0	41.935484E-3
591	12.327053E+0	-14.187372E+0	591.685752E+0	84.597870E+0	41.935484E-3
592	12.323530E+0	-14.187372E+0	591.685752E+0	84.597870E+0	41.935484E-3
593	12.376292E+0	-14.187372E+0	591.685752E+0	84.597870E+0	41.935484E-3
594	12.405356E+0	-14.187372E+0	591.685752E+0	84.597870E+0	41.935484E-3
595	12.434419E+0	-14.187372E+0	591.685752E+0	84.597870E+0	41.935484E-3
596	12.463487E+0	-14.185179E+0	591.738039E+0	84.132549E+0	41.935484E-3
597	12.498587E+0	-14.185179E+0	591.738039E+0	84.132549E+0	41.935484E-3
598	12.523274E+0	-14.185179E+0	591.738039E+0	84.132549E+0	41.935484E-3
599	12.552349E+0	-14.185179E+0	591.738039E+0	84.132549E+0	41.935484E-3
600	12.581422E+0	-14.181019E+0	591.837234E+0	83.641336E+0	41.935484E-3
601	12.621957E+0	-14.181019E+0	591.837234E+0	83.641336E+0	41.935484E-3
602	12.642732E+0	-14.181019E+0	591.837234E+0	83.641336E+0	41.935484E-3
603	12.671827E+0	-14.181019E+0	591.837234E+0	83.641336E+0	41.935484E-3
604	12.700922E+0	-14.184393E+0	591.756786E+0	82.896754E+0	41.935484E-3
605	12.720722E+0	-14.184393E+0	591.756786E+0	82.896754E+0	41.935484E-3
606	12.756549E+0	-14.184393E+0	591.756786E+0	82.896754E+0	41.935484E-3
607	12.785630E+0	-14.184393E+0	591.756786E+0	82.896754E+0	41.935484E-3
608	12.814704E+0	-14.182614E+0	591.799195E+0	82.657718E+0	41.935484E-3
609	12.848682E+0	-14.182614E+0	591.799195E+0	82.657718E+0	41.935484E-3
610	12.874211E+0	-14.182614E+0	591.799195E+0	82.657718E+0	41.935484E-3
611	12.903298E+0	-14.182614E+0	591.799195E+0	82.657718E+0	41.935484E-3
612	12.932386E+0	-14.176754E+0	591.938933E+0	82.956342E+0	41.935484E-3
613	12.561489E+0	-14.176754E+0	591.938933E+0	82.956342E+0	41.935484E-3
614	11.790577E+0	-14.176754E+0	591.938933E+0	82.956342E+0	41.935484E-3
615	10.619664E+0	-14.176754E+0	591.938933E+0	82.956342E+0	41.935484E-3
616	9.048720E+0	-14.179528E+0	591.872789E+0	82.899747E+0	41.935484E-3
617	7.077791E+0	-14.179528E+0	591.872789E+0	82.899747E+0	41.935484E-3
618	4.706879E+0	-14.179528E+0	591.872789E+0	82.899747E+0	41.935484E-3
619	1.935966E+0	-14.179528E+0	591.872789E+0	82.899747E+0	41.935484E-3
620	-1.235058E+0	-14.181890E+0	591.816461E+0	83.964439E+0	41.935484E-3
621	-4.805971E+0	-14.181890E+0	591.816461E+0	83.964439E+0	41.935484E-3
622	-8.776883E+0	-14.181890E+0	591.816461E+0	83.964439E+0	41.935484E-3
623	-13.147796E+0	-14.181890E+0	591.816461E+0	83.964439E+0	41.935484E-3
624	-17.918708E+0	-14.195149E+0	591.500282E+0	84.738566E+0	41.935484E-3
625	-23.089605E+0	-14.195149E+0	591.500282E+0	84.738566E+0	41.935484E-3
626	-27.860469E+0	-14.195149E+0	591.500282E+0	84.738566E+0	41.935484E-3
627	-32.231334E+0	-14.195149E+0	591.500282E+0	84.738566E+0	41.935484E-3
628	-36.202182E+0	-14.040257E+0	595.193871E+0	86.152913E+0	41.935484E-3
629	-39.773079E+0	-14.040257E+0	595.193871E+0	86.152913E+0	41.935484E-3
630	-40.000000E+0	-14.040257E+0	595.193871E+0	86.152913E+0	41.935484E-3
631	-39.826841E+0	-14.040257E+0	595.193871E+0	86.152913E+0	41.935484E-3
632	-39.253778E+0	-12.465348E+0	632.749403E+0	86.523493E+0	41.935484E-3
633	-38.280700E+0	-12.465348E+0	632.749403E+0	86.523493E+0	41.935484E-3
634	-36.907637E+0	-12.465348E+0	632.749403E+0	86.523493E+0	41.935484E-3
635	-35.134574E+0	-12.465348E+0	632.749403E+0	86.523493E+0	41.935484E-3
636	-32.961463E+0	-8.674955E+0	723.135681E+0	86.609883E+0	41.935484E-3
637	-30.388353E+0	-8.674955E+0	723.135681E+0	86.609883E+0	41.935484E-3
638	-27.415258E+0	-8.674955E+0	723.135681E+0	86.609883E+0	41.935484E-3
639	-24.042195E+0	-8.674955E+0	723.135681E+0	86.609883E+0	41.935484E-3
640	-21.069132E+0	-4.399595E+0	825.086584E+0	86.813831E+0	41.935484E-3
641	-17.696070E+0	-4.399595E+0	825.086584E+0	86.813831E+0	41.935484E-3
642	-14.723007E+0	-4.399595E+0	825.086584E+0	86.813831E+0	41.935484E-3
643	-12.149976E+0	-4.399595E+0	825.086584E+0	86.813831E+0	41.935484E-3
644	-9.977041E+0	-401.394144E-3	920.428293E+0	87.131184E+0	41.935484E-3
645	-7.405355E+0	-401.394144E-3	920.428293E+0	87.131184E+0	41.935484E-3
646	-5.233701E+0	-401.394144E-3	920.428293E+0	87.131184E+0	41.935484E-3
647	-3.462047E+0	-401.394144E-3	920.428293E+0	87.131184E+0	41.935484E-3
648	-2.090377E+0	3.004327E+0	1.001642E+3	84.382593E+0	41.935484E-3
649	-1.118690E+0	3.004327E+0	1.001642E+3	84.382593E+0	41.935484E-3
650	-547.020292E-3	3.004327E+0	1.001642E+3	84.382593E+0	41.935484E-3
651	-375.350119E-3	3.004327E+0	1.001642E+3	84.382593E+0	41.935484E-3
652	-603.679946E-3	5.689330E+0	1.065669E+3	87.640759E+0	41.935484E-3
653	-1.231994E+0	5.689330E+0	1.065669E+3	87.640759E+0	41.935484E-3
654	-2.260324E+0	5.689330E+0	1.065669E+3	87.640759E+0	41.935484E-3
655	-3.688733E+0	5.689330E+0	1.065669E+3	87.640759E+0	41.935484E-3
656	-5.517095E+0	8.207814E+0	1.125725E+3	86.792787E+0	41.935484E-3
657	-6.945457E+0	8.207814E+0	1.125725E+3	86.792787E+0	41.935484E-3
658	-8.773787E+0	8.207814E+0	1.125725E+3	86.792787E+0	41.935484E-3
659	-10.202117E+0	8.207814E+0	1.125725E+3	86.792787E+0	41.935484E-3
660	-11.230447E+0	10.239255E+0	1.174167E+3	86.318606E+0	41.935484E-3
661	-11.858776E+0	10.239255E+0	1.174167E+3	86.318606E+0	41.935484E-3
662	-12.087106E+0	10.239255E+0	1.174167E+3	86.318606E+0	41.935484E-3
663	-11.915436E+0	10.239255E+0	1.174167E+3	86.318606E+0	41.935484E-3
664	-11.343766E+0	12.101198E+0	1.218567E+3	85.528193E+0	41.935484E-3
665	-10.372112E+0	12.101198E+0	1.218567E+3	85.528193E+0	41.935484E-3
666	-9.000426E+0	12.101198E+0	1.218567E+3	85.528193E+0	41.935484E-3
667	-7.228627E+0	12.101198E+0	1.218567E+3	85.528193E+0	41.935484E-3
668	-5.856701E+0	14.270512E+0	1.270297E+3	87.460264E+0	41.935484E-3
669	-4.084791E+0	14.270512E+0	1.270297E+3	87.460264E+0	41.935484E-3
670	-2.712897E+0	14.270512E+0	1.270297E+3	87.460264E+0	41.935484E-3
671	-1.740987E+0	14.270512E+0	1.270297E+3	87.460264E+0	41.935484E-3
672	-1.169077E+0	16.828897E+0	1.331304E+3	85.617210E+0	41.935484E-3
673	-197.150428E-3	16.828897E+0	1.331304E+3	85.617210E+0	41.935484E-3
674	374.791737E-3	16.828897E+0	1.331304E+3	85.617210E+0	41.935484E-3
675	546.717902E-3	16.828897E+0	1.331304E+3	85.617210E+0	41.935484E-3
676	318.580064E-3	19.240331E+0	1.388808E+3	85.216959E+0	41.935484E-3
677	490.410227E-3	19.240331E+0	1.388808E+3	85.216959E+0	41.935484E-3
678	262.272390E-3	19.240331E+0	1.388808E+3	85.216959E+0	41.935484E-3
679	-365.945452E-3	19.240331E+0	1.388808E+3	85.216959E+0	41.935484E-3
680	-1.394067E+0	21.364061E+0	1.439451E+3	85.696835E+0	41.935484E-3
681	-2.022189E+0	21.364061E+0	1.439451E+3	85.696835E+0	41.935484E-3
682	-2.250295E+0	21.364061E+0	1.439451E+3	85.696835E+0	41.935484E-3
683	-2.078369E+0	21.364061E+0	1.439451E+3	85.696835E+0	41.935484E-3
684	-1.506459E+0	23.192451E+0	1.483051E+3	85.815064E+0	41.935484E-3
685	-534.564534E-3	23.192451E+0	1.483051E+3	85.815064E+0	41.935484E-3
686	837.361620E-3	23.192451E+0	1.483051E+3	85.815064E+0	41.935484E-3
687	1.809304E+0	23.192451E+0	1.483051E+3	85.815064E+0	41.935484E-3
688	2.381278E+0	25.038014E+0	1.527060E+3	86.430296E+0	41.935484E-3
689	3.353252E+0	25.038014E+0	1.527060E+3	86.430296E+0	41.935484E-3
690	3.925226E+0	25.038014E+0	1.527060E+3	86.430296E+0	41.935484E-3
691	4.097168E+0	25.038014E+0	1.527060E+3	86.430296E+0	41.935484E-3
692	3.868983E+0	26.893552E+0	1.571308E+3	86.047389E+0	41.935484E-3
693	4.040653E+0	26.893552E+0	1.571308E+3	86.047389E+0	41.935484E-3
694	4.022621E+0	26.893552E+0	1.571308E+3	86.047389E+0	41.935484E-3
695	4.057089E+0	26.893552E+0	1.571308E+3	86.047389E+0	41.935484E-3
696	4.091558E+0	28.648046E+0	1.613146E+3	85.030375E+0	41.935484E-3
697	4.526027E+0	28.648046E+0	1.613146E+3	85.030375E+0	41.935484E-3
698	5.360464E+0	28.648046E+0	1.613146E+3	85.030375E+0	41.935484E-3
699	5.794901E+0	28.648046E+0	1.613146E+3	85.030375E+0	41.935484E-3
700	5.829354E+0	30.136176E+0	1.648632E+3	84.493542E+0	41.935484E-3
701	6.263824E+0	30.136176E+0	1.648632E+3	84.493542E+0	41.935484E-3
702	6.797848E+0	30.136176E+0	1.648632E+3	84.493542E+0	41.935484E-3
703	6.931904E+0	30.136176E+0	1.648632E+3	84.493542E+0	41.935484E-3
704	6.899216E+0	31.476470E+0	1.680593E+3	84.399431E+0	41.935484E-3
705	7.266399E+0	31.476470E+0	1.680593E+3	84.399431E+0	41.935484E-3
706	8.019194E+0	31.476470E+0	1.680593E+3	84.399431E+0	41.935484E-3
707	8.371988E+0	31.476470E+0	1.680593E+3	84.399431E+0	41.935484E-3
708	8.324799E+0	31.476470E+0	1.680593E+3	84.399431E+0	41.935484E-3
709	8.191340E+0	32.763136E+0	1.711275E+3	83.508609E+0	41.935484E-3
710	8.457864E+0	32.763136E+0	1.711275E+3	83.508609E+0	41.935484E-3
711	9.124405E+0	32.763136E+0	1.711275E+3	83.508609E+0	41.935484E-3
712	9.390946E+0	34.059994E+0	1.742200E+3	82.226232E+0	41.935484E-3
713	10.057471E+0	34.059994E+0	1.742200E+3	82.226232E+0	41.935484E-3
714	10.461030E+0	34.059994E+0	1.742200E+3	82.226232E+0	41.935484E-3
715	10.531328E+0	34.059994E+0	1.742200E+3	82.226232E+0	41.935484E-3
716	10.601639E+0	35.082523E+0	1.766583E+3	89.403793E+0	41.935484E-3
717	10.671931E+0	35.082523E+0	1.766583E+3	89.403793E+0	41.935484E-3
718	11.142222E+0	35.082523E+0	1.766583E+3	89.403793E+0	41.935484E-3
719	11.589650E+0	35.082523E+0	1.766583E+3	89.403793E+0	41.935484E-3
720	11.665062E+0	35.853345E+0	1.784964E+3	87.446093E+0	41.935484E-3
721	12.140475E+0	35.853345E+0	1.784964E+3	87.446093E+0	41.935484E-3
722	12.401713E+0	35.853345E+0	1.784964E+3	87.446093E+0	41.935484E-3
723	12.480981E+0	35.853345E+0	1.784964E+3	87.446093E+0	41.935484E-3
724	12.560246E+0	36.060266E+0	1.789899E+3	85.340567E+0	41.935484E-3
725	12.639513E+0	36.060266E+0	1.789899E+3	85.340567E+0	41.935484E-3
726	13.118812E+0	36.060266E+0	1.789899E+3	85.340567E+0	41.935484E-3
727	13.198015E+0	36.060266E+0	1.789899E+3	85.340567E+0	41.935484E-3
728	13.035607E+0	35.763781E+0	1.782829E+3	87.848733E+0	41.935484E-3
729	12.473184E+0	35.763781E+0	1.782829E+3	87.848733E+0	41.935484E-3
730	12.310745E+0	35.763781E+0	1.782829E+3	87.848733E+0	41.935484E-3
731	12.548305E+0	35.763781E+0	1.782829E+3	87.848733E+0	41.935484E-3
732	13.128522E+0	35.763781E+0	1.782829E+3	87.848733E+0	41.935484E-3
733	13.308771E+0	35.060211E+0	1.766051E+3	88.867093E+0	41.935484E-3
734	13.089004E+0	35.060211E+0	1.766051E+3	88.867093E+0	41.935484E-3
735	12.830265E+0	35.060211E+0	1.766051E+3	88.867093E+0	41.935484E-3
736	12.905569E+0	34.155783E+0	1.744484E+3	87.252067E+0	41.935484E-3
737	12.580889E+0	34.155783E+0	1.744484E+3	87.252067E+0	41.935484E-3
738	12.368802E+0	34.155783E+0	1.744484E+3	87.252067E+0	41.935484E-3
739	12.439581E+0	34.155783E+0	1.744484E+3	87.252067E+0	41.935484E-3
740	12.510367E+0	34.155783E+0	1.744484E+3	87.252067E+0	41.935484E-3
741	12.581139E+0	33.272970E+0	1.723432E+3	86.811532E+0	41.935484E-3
742	12.251895E+0	33.272970E+0	1.723432E+3	86.811532E+0	41.935484E-3
743	12.051759E+0	33.272970E+0	1.723432E+3	86.811532E+0	41.935484E-3
744	12.118124E+0	33.272970E+0	1.723432E+3	86.811532E+0	41.935484E-3
745	12.184489E+0	32.396505E+0	1.702532E+3	86.286655E+0	41.935484E-3
746	11.850821E+0	32.396505E+0	1.702532E+3	86.286655E+0	41.935484E-3
747	11.651109E+0	32.396505E+0	1.702532E+3	86.286655E+0	41.935484E-3
748	11.713088E+0	32.396505E+0	1.702532E+3	86.286655E+0	41.935484E-3
749	11.775069E+0	31.601674E+0	1.683578E+3	86.875087E+0	41.935484E-3
750	11.437034E+0	31.601674E+0	1.683578E+3	86.875087E+0	41.935484E-3
751	11.294968E+0	31.601674E+0	1.683578E+3	86.875087E+0	41.935484E-3
752	11.352971E+0	30.773226E+0	1.663823E+3	86.837673E+0	41.935484E-3
753	11.410981E+0	30.773226E+0	1.663823E+3	86.837673E+0	41.935484E-3
754	11.068926E+0	30.773226E+0	1.663823E+3	86.837673E+0	41.935484E-3
755	10.897376E+0	30.773226E+0	1.663823E+3	86.837673E+0	41.935484E-3
756	10.951245E+0	30.411800E+0	1.655204E+3	83.732800E+0	41.935484E-3
757	10.605129E+0	30.411800E+0	1.655204E+3	83.732800E+0	41.935484E-3
758	10.658981E+0	30.411800E+0	1.655204E+3	83.732800E+0	41.935484E-3
759	10.836349E+0	30.411800E+0	1.655204E+3	83.732800E+0	41.935484E-3
760	10.888409E+0	29.567816E+0	1.635079E+3	83.202806E+0	41.935484E-3
761	10.940468E+0	29.567816E+0	1.635079E+3	83.202806E+0	41.935484E-3
762	10.592527E+0	29.567816E+0	1.635079E+3	83.202806E+0	41.935484E-3
763	10.403161E+0	29.567816E+0	1.635079E+3	83.202806E+0	41.935484E-3
764	10.451004E+0	29.567816E+0	1.635079E+3	83.202806E+0	41.935484E-3
765	10.498836E+0	28.589379E+0	1.611747E+3	85.116464E+0	41.935484E-3
766	10.146635E+0	28.589379E+0	1.611747E+3	85.116464E+0	41.935484E-3
767	9.850904E+0	28.589379E+0	1.611747E+3	85.116464E+0	41.935484E-3
768	9.893850E+0	28.589379E+0	1.611747E+3	85.116464E+0	41.935484E-3
769	9.936797E+0	27.556205E+0	1.587110E+3	85.920171E+0	41.935484E-3
770	9.579760E+0	27.556205E+0	1.587110E+3	85.920171E+0	41.935484E-3
771	9.237478E+0	27.556205E+0	1.587110E+3	85.920171E+0	41.935484E-3
772	9.275258E+0	26.379598E+0	1.559052E+3	85.250245E+0	41.935484E-3
773	9.313039E+0	26.379598E+0	1.559052E+3	85.250245E+0	41.935484E-3
774	8.950804E+0	26.379598E+0	1.559052E+3	85.250245E+0	41.935484E-3
775	8.494385E+0	26.379598E+0	1.559052E+3	85.250245E+0	41.935484E-3
776	8.437870E+0	26.379598E+0	1.559052E+3	85.250245E+0	41.935484E-3
777	8.558177E+0	25.140328E+0	1.529500E+3	84.813176E+0	41.935484E-3
778	8.278501E+0	25.140328E+0	1.529500E+3	84.813176E+0	41.935484E-3
779	7.680127E+0	25.140328E+0	1.529500E+3	84.813176E+0	41.935484E-3
780	7.481754E+0	25.140328E+0	1.529500E+3	84.813176E+0	41.935484E-3
781	7.683364E+0	24.007209E+0	1.502480E+3	88.116561E+0	41.935484E-3
782	7.484975E+0	24.007209E+0	1.502480E+3	88.116561E+0	41.935484E-3
783	6.921764E+0	24.007209E+0	1.502480E+3	88.116561E+0	41.935484E-3
784	6.758537E+0	22.988583E+0	1.478189E+3	87.171043E+0	41.935484E-3
785	6.195310E+0	22.988583E+0	1.478189E+3	87.171043E+0	41.935484E-3
786	6.032099E+0	22.988583E+0	1.478189E+3	87.171043E+0	41.935484E-3
787	6.222659E+0	22.988583E+0	1.478189E+3	87.171043E+0	41.935484E-3
788	6.237604E+0	22.988583E+0	1.478189E+3	87.171043E+0	41.935484E-3
789	6.252545E+0	22.059602E+0	1.456037E+3	84.938186E+0	41.935484E-3
790	5.867485E+0	22.059602E+0	1.456037E+3	84.938186E+0	41.935484E-3
791	5.576404E+0	22.059602E+0	1.456037E+3	84.938186E+0	41.935484E-3
792	5.586703E+0	22.059602E+0	1.456037E+3	84.938186E+0	41.935484E-3
793	5.597001E+0	21.292836E+0	1.437752E+3	82.630481E+0	41.935484E-3
794	5.207299E+0	21.292836E+0	1.437752E+3	82.630481E+0	41.935484E-3
795	5.034855E+0	21.292836E+0	1.437752E+3	82.630481E+0	41.935484E-3
796	5.041319E+0	21.292836E+0	1.437752E+3	82.630481E+0	41.935484E-3
797	5.047783E+0	20.516334E+0	1.419236E+3	83.386632E+0	41.935484E-3
798	4.654263E+0	20.516334E+0	1.419236E+3	83.386632E+0	41.935484E-3
799	4.470570E+0	20.516334E+0	1.419236E+3	83.386632E+0	41.935484E-3
800	4.473151E+0	20.516334E+0	1.419236E+3	83.386632E+0	41.935484E-3
801	4.475733E+0	19.642086E+0	1.398388E+3	85.399595E+0	41.935484E-3
802	4.078315E+0	19.642086E+0	1.398388E+3	85.399595E+0	41.935484E-3
803	3.816468E+0	19.642086E+0	1.398388E+3	85.399595E+0	41.935484E-3
804	3.814679E+0	19.642086E+0	1.398388E+3	85.399595E+0	41.935484E-3
805	3.812889E+0	18.809081E+0	1.378524E+3	85.973851E+0	41.935484E-3
806	3.411036E+0	18.809081E+0	1.378524E+3	85.973851E+0	41.935484E-3
807	3.176226E+0	18.809081E+0	1.378524E+3	85.973851E+0	41.935484E-3
808	3.170271E+0	18.809081E+0	1.378524E+3	85.973851E+0	41.935484E-3
809	3.164317E+0	18.068321E+0	1.360860E+3	84.889828E+0	41.935484E-3
810	2.758379E+0	18.068321E+0	1.360860E+3	84.889828E+0	41.935484E-3
811	2.589430E+0	18.068321E+0	1.360860E+3	84.889828E+0	41.935484E-3
812	2.579771E+0	18.068321E+0	1.360860E+3	84.889828E+0	41.935484E-3
813	2.570113E+0	17.356788E+0	1.343893E+3	84.666213E+0	41.935484E-3
814	2.160456E+0	17.356788E+0	1.343893E+3	84.666213E+0	41.935484E-3
815	2.010031E+0	17.356788E+0	1.343893E+3	84.666213E+0	41.935484E-3
816	1.996815E+0	17.356788E+0	1.343893E+3	84.666213E+0	41.935484E-3
817	1.983599E+0	17.003314E+0	1.335464E+3	87.631374E+0	41.935484E-3
818	1.570430E+0	17.003314E+0	1.335464E+3	87.631374E+0	41.935484E-3
819	1.557262E+0	17.003314E+0	1.335464E+3	87.631374E+0	41.935484E-3
820	1.673543E+0	17.003314E+0	1.335464E+3	87.631374E+0	41.935484E-3
821	1.658560E+0	17.467336E+0	1.346529E+3	87.670890E+0	41.935484E-3
822	2.043560E+0	17.467336E+0	1.346529E+3	87.670890E+0	41.935484E-3
823	2.028449E+0	17.467336E+0	1.346529E+3	87.670890E+0	41.935484E-3
824	1.968587E+0	17.467336E+0	1.346529E+3	87.670890E+0	41.935484E-3
825	1.955923E+0	18.036379E+0	1.360098E+3	87.002160E+0	41.935484E-3
826	2.343308E+0	18.036379E+0	1.360098E+3	87.002160E+0	41.935484E-3
827	2.363069E+0	18.036379E+0	1.360098E+3	87.002160E+0	41.935484E-3
828	2.353252E+0	18.036379E+0	1.360098E+3	87.002160E+0	41.935484E-3
829	2.343433E+0	18.634639E+0	1.374364E+3	87.323914E+0	41.935484E-3
830	2.733615E+0	18.634639E+0	1.374364E+3	87.323914E+0	41.935484E-3
831	2.778475E+0	18.634639E+0	1.374364E+3	87.323914E+0	41.935484E-3
832	2.771648E+0	18.634639E+0	1.374364E+3	87.323914E+0	41.935484E-3
833	2.764821E+0	19.335772E+0	1.391084E+3	85.571065E+0	41.935484E-3
834	3.158026E+0	19.335772E+0	1.391084E+3	85.571065E+0	41.935484E-3
835	3.284029E+0	19.335772E+0	1.391084E+3	85.571065E+0	41.935484E-3
836	3.280707E+0	19.335772E+0	1.391084E+3	85.571065E+0	41.935484E-3
837	3.277386E+0	20.063667E+0	1.408441E+3	83.908123E+0	41.935484E-3
838	3.674017E+0	20.063667E+0	1.408441E+3	83.908123E+0	41.935484E-3
839	3.823943E+0	20.063667E+0	1.408441E+3	83.908123E+0	41.935484E-3
840	3.824262E+0	20.063667E+0	1.408441E+3	83.908123E+0	41.935484E-3
841	3.824580E+0	20.639009E+0	1.422161E+3	83.713455E+0	41.935484E-3
842	4.224882E+0	20.639009E+0	1.422161E+3	83.713455E+0	41.935484E-3
843	4.262477E+0	20.639009E+0	1.422161E+3	83.713455E+0	41.935484E-3
844	4.265672E+0	20.639009E+0	1.422161E+3	83.713455E+0	41.935484E-3
845	4.268867E+0	21.015153E+0	1.431131E+3	85.146917E+0	41.935484E-3
846	4.672094E+0	21.015153E+0	1.431131E+3	85.146917E+0	41.935484E-3
847	4.675241E+0	21.015153E+0	1.431131E+3	85.146917E+0	41.935484E-3
848	4.566202E+0	21.015153E+0	1.431131E+3	85.146917E+0	41.935484E-3
849	4.571278E+0	21.149517E+0	1.434335E+3	86.069891E+0	41.935484E-3
850	4.946528E+0	21.149517E+0	1.434335E+3	86.069891E+0	41.935484E-3
851	4.921778E+0	21.149517E+0	1.434335E+3	86.069891E+0	41.935484E-3
852	4.689294E+0	21.149517E+0	1.434335E+3	86.069891E+0	41.935484E-3
853	4.695042E+0	20.874653E+0	1.427780E+3	83.712298E+0	41.935484E-3
854	4.300789E+0	20.874653E+0	1.427780E+3	83.712298E+0	41.935484E-3
855	4.306537E+0	20.874653E+0	1.427780E+3	83.712298E+0	41.935484E-3
856	4.502014E+0	20.874653E+0	1.427780E+3	83.712298E+0	41.935484E-3
857	4.506387E+0	20.771139E+0	1.425312E+3	81.908789E+0	41.935484E-3
858	4.225570E+0	20.771139E+0	1.425312E+3	81.908789E+0	41.935484E-3
859	4.344785E+0	20.771139E+0	1.425312E+3	81.908789E+0	41.935484E-3
860	4.440319E+0	20.771139E+0	1.425312E+3	81.908789E+0	41.935484E-3
861	4.444174E+0	20.652323E+0	1.422478E+3	84.630790E+0	41.935484E-3
862	4.120697E+0	20.652323E+0	1.422478E+3	84.630790E+0	41.935484E-3
863	4.197204E+0	20.652323E+0	1.422478E+3	84.630790E+0	41.935484E-3
864	4.364847E+0	20.652323E+0	1.422478E+3	84.630790E+0	41.935484E-3
865	4.368108E+0	20.610323E+0	1.421477E+3	82.572778E+0	41.935484E-3
866	4.255666E+0	20.610323E+0	1.421477E+3	82.572778E+0	41.935484E-3
867	4.342712E+0	20.610323E+0	1.421477E+3	82.572778E+0	41.935484E-3
868	4.345764E+0	20.610323E+0	1.421477E+3	82.572778E+0	41.935484E-3
869	4.348815E+0	20.630544E+0	1.421959E+3	83.899183E+0	41.935484E-3
870	4.407575E+0	20.630544E+0	1.421959E+3	83.899183E+0	41.935484E-3
871	4.370287E+0	20.630544E+0	1.421959E+3	83.899183E+0	41.935484E-3
872	4.373439E+0	20.630544E+0	1.421959E+3	83.899183E+0	41.935484E-3
873	4.376592E+0	20.593945E+0	1.421086E+3	84.399572E+0	41.935484E-3
874	4.278914E+0	20.593945E+0	1.421086E+3	84.399572E+0	41.935484E-3
875	4.355082E+0	20.593945E+0	1.421086E+3	84.399572E+0	41.935484E-3
876	4.358052E+0	20.593945E+0	1.421086E+3	84.399572E+0	41.935484E-3
877	4.361021E+0	20.626325E+0	1.421859E+3	84.075578E+0	41.935484E-3
878	4.453202E+0	20.626325E+0	1.421859E+3	84.075578E+0	41.935484E-3
879	4.391570E+0	20.626325E+0	1.421859E+3	84.075578E+0	41.935484E-3
880	4.394701E+0	20.626325E+0	1.421859E+3	84.075578E+0	41.935484E-3
881	4.397833E+0	20.617768E+0	1.421654E+3	84.398330E+0	41.935484E-3
882	4.377388E+0	20.617768E+0	1.421654E+3	84.398330E+0	41.935484E-3
883	4.397592E+0	20.617768E+0	1.421654E+3	84.398330E+0	41.935484E-3
884	4.400681E+0	20.617768E+0	1.421654E+3	84.398330E+0	41.935484E-3
885	4.403770E+0	20.602892E+0	1.421300E+3	84.110541E+0	41.935484E-3
886	4.365878E+0	20.602892E+0	1.421300E+3	84.110541E+0	41.935484E-3
887	4.398642E+0	20.602892E+0	1.421300E+3	84.110541E+0	41.935484E-3
888	4.401657E+0	20.602892E+0	1.421300E+3	84.110541E+0	41.935484E-3
889	4.404671E+0	20.593628E+0	1.421079E+3	84.471255E+0	41.935484E-3
890	4.382162E+0	20.593628E+0	1.421079E+3	84.471255E+0	41.935484E-3
891	4.403659E+0	20.593628E+0	1.421079E+3	84.471255E+0	41.935484E-3
892	4.406627E+0	20.593628E+0	1.421079E+3	84.471255E+0	41.935484E-3
893	4.409595E+0	20.594164E+0	1.421092E+3	83.891328E+0	41.935484E-3
894	4.414041E+0	20.594164E+0	1.421092E+3	83.891328E+0	41.935484E-3
895	4.415940E+0	20.594164E+0	1.421092E+3	83.891328E+0	41.935484E-3
896	4.418910E+0	20.594164E+0	1.421092E+3	83.891328E+0	41.935484E-3
897	4.421881E+0	20.583352E+0	1.420834E+3	83.602180E+0	41.935484E-3
898	4.395066E+0	20.583352E+0	1.420834E+3	83.602180E+0	41.935484E-3
899	4.419606E+0	20.583352E+0	1.420834E+3	83.602180E+0	41.935484E-3
900	4.422522E+0	20.583352E+0	1.420834E+3	83.602180E+0	41.935484E-3
901	4.425439E+0	20.584409E+0	1.420859E+3	83.455367E+0	41.935484E-3
902	4.431267E+0	20.584409E+0	1.420859E+3	83.455367E+0	41.935484E-3
903	4.432076E+0	20.584409E+0	1.420859E+3	83.455367E+0	41.935484E-3
904	4.434998E+0	20.584409E+0	1.420859E+3	83.455367E+0	41.935484E-3
905	4.437920E+0	20.594951E+0	1.421110E+3	83.145799E+0	41.935484E-3
906	4.469886E+0	20.594951E+0	1.421110E+3	83.145799E+0	41.935484E-3
907	4.451776E+0	20.594951E+0	1.421110E+3	83.145799E+0	41.935484E-3
908	4.454751E+0	20.594951E+0	1.421110E+3	83.145799E+0	41.935484E-3
909	4.457726E+0	20.586085E+0	1.420899E+3	83.214758E+0	41.935484E-3
910	4.436274E+0	20.586085E+0	1.420899E+3	83.214758E+0	41.935484E-3
911	4.456937E+0	20.586085E+0	1.420899E+3	83.214758E+0	41.935484E-3
912	4.459867E+0	20.586085E+0	1.420899E+3	83.214758E+0	41.935484E-3
913	4.462798E+0	20.591533E+0	1.421029E+3	83.520828E+0	41.935484E-3
914	4.865728E+0	20.591533E+0	1.421029E+3	83.520828E+0	41.935484E-3
915	5.668659E+0	20.591533E+0	1.421029E+3	83.520828E+0	41.935484E-3
916	6.871621E+0	20.591533E+0	1.421029E+3	83.520828E+0	41.935484E-3
917	8.474567E+0	20.591397E+0	1.421026E+3	83.801853E+0	41.935484E-3
918	10.477498E+0	20.591397E+0	1.421026E+3	83.801853E+0	41.935484E-3
919	12.880620E+0	20.591397E+0	1.421026E+3	83.801853E+0	41.935484E-3
920	15.683583E+0	20.591397E+0	1.421026E+3	83.801853E+0	41.935484E-3
921	18.886513E+0	20.603913E+0	1.421324E+3	84.148558E+0	41.935484E-3
922	22.489444E+0	20.603913E+0	1.421324E+3	84.148558E+0	41.935484E-3
923	26.492390E+0	20.603913E+0	1.421324E+3	84.148558E+0	41.935484E-3
924	30.655950E+0	20.603913E+0	1.421324E+3	84.148558E+0	41.935484E-3
925	34.419510E+0	20.648581E+0	1.422389E+3	84.727061E+0	41.935484E-3
926	37.783038E+0	20.648581E+0	1.422389E+3	84.727061E+0	41.935484E-3
927	40.000000E+0	20.648581E+0	1.422389E+3	84.727061E+0	41.935484E-3
928	40.000000E+0	20.648581E+0	1.422389E+3	84.727061E+0	41.935484E-3
929	39.600016E+0	20.562727E+0	1.420342E+3	84.515621E+0	41.935484E-3
930	38.800000E+0	20.562727E+0	1.420342E+3	84.515621E+0	41.935484E-3
931	37.600000E+0	20.562727E+0	1.420342E+3	84.515621E+0	41.935484E-3
932	35.999904E+0	20.562727E+0	1.420342E+3	84.515621E+0	41.935484E-3
933	33.999920E+0	18.420281E+0	1.369253E+3	88.466682E+0	41.935484E-3
934	31.599904E+0	18.420281E+0	1.369253E+3	88.466682E+0	41.935484E-3
935	29.007304E+0	18.420281E+0	1.369253E+3	88.466682E+0	41.935484E-3
936	26.814737E+0	18.420281E+0	1.369253E+3	88.466682E+0	41.935484E-3
937	25.022169E+0	15.149083E+0	1.291247E+3	86.633718E+0	41.935484E-3
938	22.829634E+0	15.149083E+0	1.291247E+3	86.633718E+0	41.935484E-3
939	21.037098E+0	15.149083E+0	1.291247E+3	86.633718E+0	41.935484E-3
940	19.644579E+0	15.149083E+0	1.291247E+3	86.633718E+0	41.935484E-3
941	18.652043E+0	15.149083E+0	1.291247E+3	86.633718E+0	41.935484E-3
942	18.059508E+0	12.124539E+0	1.219124E+3	84.769997E+0	41.935484E-3
943	17.866988E+0	12.124539E+0	1.219124E+3	84.769997E+0	41.935484E-3
944	18.074452E+0	12.124539E+0	1.219124E+3	84.769997E+0	41.935484E-3
945	18.681917E+0	9.264444E+0	1.150921E+3	85.569143E+0	41.935484E-3
946	18.889333E+0	9.264444E+0	1.150921E+3	85.569143E+0	41.935484E-3
947	19.496734E+0	9.264444E+0	1.150921E+3	85.569143E+0	41.935484E-3
948	20.504102E+0	9.264444E+0	1.150921E+3	85.569143E+0	41.935484E-3
949	21.911455E+0	6.684098E+0	1.089390E+3	84.681731E+0	41.935484E-3
950	22.918775E+0	6.684098E+0	1.089390E+3	84.681731E+0	41.935484E-3
951	23.526112E+0	6.684098E+0	1.089390E+3	84.681731E+0	41.935484E-3
952	23.733448E+0	6.684098E+0	1.089390E+3	84.681731E+0	41.935484E-3
953	23.540768E+0	4.419600E+0	1.035390E+3	84.567316E+0	41.935484E-3
954	22.948105E+0	4.419600E+0	1.035390E+3	84.567316E+0	41.935484E-3
955	21.955441E+0	4.419600E+0	1.035390E+3	84.567316E+0	41.935484E-3
956	20.562650E+0	4.419600E+0	1.035390E+3	84.567316E+0	41.935484E-3
957	18.769954E+0	2.309353E+0	985.069195E+0	79.663578E+0	41.935484E-3
958	16.577275E+0	2.309353E+0	985.069195E+0	79.663578E+0	41.935484E-3
959	14.784595E+0	2.309353E+0	985.069195E+0	79.663578E+0	41.935484E-3
960	13.391899E+0	2.309353E+0	985.069195E+0	79.663578E+0	41.935484E-3
961	12.399204E+0	2.309353E+0	985.069195E+0	79.663578E+0	41.935484E-3
962	11.806508E+0	-191.173601E-3	925.441245E+0	78.566027E+0	41.935484E-3
963	10.813813E+0	-191.173601E-3	925.441245E+0	78.566027E+0	41.935484E-3
964	10.221117E+0	-191.173601E-3	925.441245E+0	78.566027E+0	41.935484E-3
965	10.028438E+0	-2.461156E+0	871.310893E+0	77.916209E+0	41.935484E-3
966	9.435726E+0	-2.461156E+0	871.310893E+0	77.916209E+0	41.935484E-3
967	9.243094E+0	-2.461156E+0	871.310893E+0	77.916209E+0	41.935484E-3
968	9.450335E+0	-2.461156E+0	871.310893E+0	77.916209E+0	41.935484E-3
969	10.057559E+0	-4.500647E+0	822.676872E+0	77.705644E+0	41.935484E-3
970	11.064800E+0	-4.500647E+0	822.676872E+0	77.705644E+0	41.935484E-3
971	11.672024E+0	-4.500647E+0	822.676872E+0	77.705644E+0	41.935484E-3
972	12.515110E+0	-4.500647E+0	822.676872E+0	77.705644E+0	41.935484E-3
973	12.958164E+0	-5.951949E+0	788.068897E+0	81.310179E+0	41.935484E-3
974	13.001234E+0	-5.951949E+0	788.068897E+0	81.310179E+0	41.935484E-3
975	12.644320E+0	-5.951949E+0	788.068897E+0	81.310179E+0	41.935484E-3
976	11.887358E+0	-5.951949E+0	788.068897E+0	81.310179E+0	41.935484E-3
977	11.530396E+0	-7.474336E+0	751.765842E+0	82.284132E+0	41.935484E-3
978	10.773466E+0	-7.474336E+0	751.765842E+0	82.284132E+0	41.935484E-3
979	10.416536E+0	-7.474336E+0	751.765842E+0	82.284132E+0	41.935484E-3
980	10.459686E+0	-7.474336E+0	751.765842E+0	82.284132E+0	41.935484E-3
981	10.893817E+0	-9.083053E+0	713.404130E+0	83.171628E+0	41.935484E-3
982	10.927948E+0	-9.083053E+0	713.404130E+0	83.171628E+0	41.935484E-3
983	10.562079E+0	-9.083053E+0	713.404130E+0	83.171628E+0	41.935484E-3
984	9.851034E+0	-9.083053E+0	713.404130E+0	83.171628E+0	41.935484E-3
985	9.539988E+0	-9.083053E+0	713.404130E+0	83.171628E+0	41.935484E-3
986	9.628975E+0	-10.679916E+0	675.325081E+0	82.692423E+0	41.935484E-3
987	9.317962E+0	-10.679916E+0	675.325081E+0	82.692423E+0	41.935484E-3
988	8.855757E+0	-10.679916E+0	675.325081E+0	82.692423E+0	41.935484E-3
989	8.793567E+0	-12.099356E+0	641.476898E+0	84.207449E+0	41.935484E-3
990	8.331393E+0	-12.099356E+0	641.476898E+0	84.207449E+0	41.935484E-3
991	7.916788E+0	-12.099356E+0	641.476898E+0	84.207449E+0	41.935484E-3
992	7.902086E+0	-12.099356E+0	641.476898E+0	84.207449E+0	41.935484E-3
993	7.995790E+0	-13.452182E+0	609.217197E+0	83.065475E+0	41.935484E-3
994	7.689462E+0	-13.452182E+0	609.217197E+0	83.065475E+0	41.935484E-3
995	7.046649E+0	-13.452182E+0	609.217197E+0	83.065475E+0	41.935484E-3
996	6.803867E+0	-13.452182E+0	609.217197E+0	83.065475E+0	41.935484E-3
997	6.961086E+0	-13.452182E+0	609.217197E+0	83.065475E+0	41.935484E-3
998	7.144866E+0	-14.875817E+0	575.268967E+0	83.491307E+0	41.935484E-3
999	6.928646E+0	-14.875817E+0	575.268967E+0	83.491307E+0	41.935484E-3
1000	6.312410E+0	-14.875817E+0	575.268967E+0	83.491307E+0	41.935484E-3
1001	6.096158E+0	-16.316665E+0	540.910302E+0	83.905276E+0	41.935484E-3
1002	5.479891E+0	-16.316665E+0	540.910302E+0	83.905276E+0	41.935484E-3
1003	5.110200E+0	-16.316665E+0	540.910302E+0	83.905276E+0	41.935484E-3
1004	5.128619E+0	-16.316665E+0	540.910302E+0	83.905276E+0	41.935484E-3
1005	5.147033E+0	-16.316665E+0	540.910302E+0	83.905276E+0	41.935484E-3
1006	5.165451E+0	-17.700168E+0	507.919069E+0	83.838969E+0	41.935484E-3
1007	4.783868E+0	-17.700168E+0	507.919069E+0	83.838969E+0	41.935484E-3
1008	4.150821E+0	-17.700168E+0	507.919069E+0	83.838969E+0	41.935484E-3
1009	3.917774E+0	-17.700168E+0	507.919069E+0	83.838969E+0	41.935484E-3
1010	4.084727E+0	-19.035856E+0	476.068052E+0	82.037639E+0	41.935484E-3
1011	3.851680E+0	-19.035856E+0	476.068052E+0	82.037639E+0	41.935484E-3
1012	3.218633E+0	-19.035856E+0	476.068052E+0	82.037639E+0	41.935484E-3
1013	2.985586E+0	-20.163230E+0	449.184522E+0	82.984825E+0	41.935484E-3
1014	3.152539E+0	-20.163230E+0	449.184522E+0	82.984825E+0	41.935484E-3
1015	2.919364E+0	-20.163230E+0	449.184522E+0	82.984825E+0	41.935484E-3
1016	2.344174E+0	-20.163230E+0	449.184522E+0	82.984825E+0	41.935484E-3
1017	2.168984E+0	-21.036760E+0	428.354185E+0	82.200881E+0	41.935484E-3
1018	1.593826E+0	-21.036760E+0	428.354185E+0	82.200881E+0	41.935484E-3
1019	1.418684E+0	-21.036760E+0	428.354185E+0	82.200881E+0	41.935484E-3
1020	1.643525E+0	-21.036760E+0	428.354185E+0	82.200881E+0	41.935484E-3
1021	1.667475E+0	-21.757337E+0	411.171186E+0	82.563541E+0	41.935484E-3
1022	1.662291E+0	-21.757337E+0	411.171186E+0	82.563541E+0	41.935484E-3
1023	1.257076E+0	-21.757337E+0	411.171186E+0	82.563541E+0	41.935484E-3
1024	1.104284E+0	-21.757337E+0	411.171186E+0	82.563541E+0	41.935484E-3
1025	1.095498E+0	-21.757337E+0	411.171186E+0	82.563541E+0	41.935484E-3
1026	1.086711E+0	-22.082294E+0	403.422215E+0	83.817595E+0	41.935484E-3
1027	677.923906E-3	-22.082294E+0	403.422215E+0	83.817595E+0	41.935484E-3
1028	669.232873E-3	-22.082294E+0	403.422215E+0	83.817595E+0	41.935484E-3
1029	811.759512E-3	-22.082294E+0	403.422215E+0	83.817595E+0	41.935484E-3
1030	801.347833E-3	-21.847644E+0	409.017729E+0	84.571695E+0	41.935484E-3
1031	1.190936E+0	-21.847644E+0	409.017729E+0	84.571695E+0	41.935484E-3
1032	1.180540E+0	-21.847644E+0	409.017729E+0	84.571695E+0	41.935484E-3
1033	949.621142E-3	-21.847644E+0	409.017729E+0	84.571695E+0	41.935484E-3
1034	940.382924E-3	-21.348238E+0	420.926621E+0	86.296828E+0	41.935484E-3
1035	1.331145E+0	-21.348238E+0	420.926621E+0	86.296828E+0	41.935484E-3
1036	1.321874E+0	-21.348238E+0	420.926621E+0	86.296828E+0	41.935484E-3
1037	1.294713E+0	-21.348238E+0	420.926621E+0	86.296828E+0	41.935484E-3
1038	1.287972E+0	-20.636397E+0	437.901307E+0	85.073116E+0	41.935484E-3
1039	1.681247E+0	-20.636397E+0	437.901307E+0	85.073116E+0	41.935484E-3
1040	1.815489E+0	-20.636397E+0	437.901307E+0	85.073116E+0	41.935484E-3
1041	1.812307E+0	-20.636397E+0	437.901307E+0	85.073116E+0	41.935484E-3
1042	1.809125E+0	-19.720920E+0	459.731907E+0	82.736302E+0	41.935484E-3
1043	2.205927E+0	-19.720920E+0	459.731907E+0	82.736302E+0	41.935484E-3
1044	2.498524E+0	-19.720920E+0	459.731907E+0	82.736302E+0	41.935484E-3
1045	2.499919E+0	-19.720920E+0	459.731907E+0	82.736302E+0	41.935484E-3
1046	2.501314E+0	-18.717453E+0	483.660734E+0	85.140156E+0	41.935484E-3
1047	2.902710E+0	-18.717453E+0	483.660734E+0	85.140156E+0	41.935484E-3
1048	3.266740E+0	-18.717453E+0	483.660734E+0	85.140156E+0	41.935484E-3
1049	3.273153E+0	-18.717453E+0	483.660734E+0	85.140156E+0	41.935484E-3
1050	3.279565E+0	-17.805559E+0	505.405911E+0	81.871475E+0	41.935484E-3
1051	3.685978E+0	-17.805559E+0	505.405911E+0	81.871475E+0	41.935484E-3
1052	3.985432E+0	-17.805559E+0	505.405911E+0	81.871475E+0	41.935484E-3
1053	3.996403E+0	-17.805559E+0	505.405911E+0	81.871475E+0	41.935484E-3
1054	4.007375E+0	-17.066886E+0	523.020408E+0	82.703061E+0	41.935484E-3
1055	4.418347E+0	-17.066886E+0	523.020408E+0	82.703061E+0	41.935484E-3
1056	4.590711E+0	-17.066886E+0	523.020408E+0	82.703061E+0	41.935484E-3
1057	4.605376E+0	-17.066886E+0	523.020408E+0	82.703061E+0	41.935484E-3
1058	4.620042E+0	-16.384210E+0	539.299608E+0	82.215336E+0	41.935484E-3
1059	5.034707E+0	-16.384210E+0	539.299608E+0	82.215336E+0	41.935484E-3
1060	5.168207E+0	-16.384210E+0	539.299608E+0	82.215336E+0	41.935484E-3
1061	5.186287E+0	-16.384210E+0	539.299608E+0	82.215336E+0	41.935484E-3
1062	5.204364E+0	-15.803100E+0	553.156847E+0	82.622676E+0	41.935484E-3
1063	5.622537E+0	-15.803100E+0	553.156847E+0	82.622676E+0	41.935484E-3
1064	5.682166E+0	-15.803100E+0	553.156847E+0	82.622676E+0	41.935484E-3
1065	5.703151E+0	-15.803100E+0	553.156847E+0	82.622676E+0	41.935484E-3
1066	5.724136E+0	-15.153524E+0	568.646727E+0	82.637415E+0	41.935484E-3
1067	6.145105E+0	-15.153524E+0	568.646727E+0	82.637415E+0	41.935484E-3
1068	6.259781E+0	-15.153524E+0	568.646727E+0	82.637415E+0	41.935484E-3
1069	6.284014E+0	-15.153524E+0	568.646727E+0	82.637415E+0	41.935484E-3
1070	6.308246E+0	-14.604239E+0	581.745063E+0	81.266136E+0	41.935484E-3
1071	6.732510E+0	-14.604239E+0	581.745063E+0	81.266136E+0	41.935484E-3
1072	6.774168E+0	-14.604239E+0	581.745063E+0	81.266136E+0	41.935484E-3
1073	6.801147E+0	-14.604239E+0	581.745063E+0	81.266136E+0	41.935484E-3
1074	6.828125E+0	-14.152346E+0	592.520977E+0	83.526149E+0	41.935484E-3
1075	6.855104E+0	-14.152346E+0	592.520977E+0	83.526149E+0	41.935484E-3
1076	7.282227E+0	-14.152346E+0	592.520977E+0	83.526149E+0	41.935484E-3
1077	7.309462E+0	-14.152346E+0	592.520977E+0	83.526149E+0	41.935484E-3
1078	7.281739E+0	-13.420516E+0	609.972321E+0	87.138394E+0	41.935484E-3
1079	7.654016E+0	-13.420516E+0	609.972321E+0	87.138394E+0	41.935484E-3
1080	7.896406E+0	-13.420516E+0	609.972321E+0	87.138394E+0	41.935484E-3
1081	7.929304E+0	-13.420516E+0	609.972321E+0	87.138394E+0	41.935484E-3
1082	7.962202E+0	-12.651533E+0	628.309592E+0	86.522225E+0	41.935484E-3
1083	8.395084E+0	-12.651533E+0	628.309592E+0	86.522225E+0	41.935484E-3
1084	8.612423E+0	-12.651533E+0	628.309592E+0	86.522225E+0	41.935484E-3
1085	8.649165E+0	-12.651533E+0	628.309592E+0	86.522225E+0	41.935484E-3
1086	8.685910E+0	-11.834558E+0	647.791307E+0	84.881800E+0	41.935484E-3
1087	9.122766E+0	-11.834558E+0	647.791307E+0	84.881800E+0	41.935484E-3
1088	9.380293E+0	-11.834558E+0	647.791307E+0	84.881800E+0	41.935484E-3
1089	9.421121E+0	-11.834558E+0	647.791307E+0	84.881800E+0	41.935484E-3
1090	9.461947E+0	-11.093551E+0	665.461478E+0	85.395477E+0	41.935484E-3
1091	9.902774E+0	-11.093551E+0	665.461478E+0	85.395477E+0	41.935484E-3
1092	10.106767E+0	-11.093551E+0	665.461478E+0	85.395477E+0	41.935484E-3
1093	10.151299E+0	-11.093551E+0	665.461478E+0	85.395477E+0	41.935484E-3
1094	10.195832E+0	-10.390505E+0	682.226415E+0	85.337197E+0	41.935484E-3
1095	10.640364E+0	-10.390505E+0	682.226415E+0	85.337197E+0	41.935484E-3
1096	10.819213E+0	-10.390505E+0	682.226415E+0	85.337197E+0	41.935484E-3
1097	10.867259E+0	-10.390505E+0	682.226415E+0	85.337197E+0	41.935484E-3
1098	10.915306E+0	-9.915578E+0	693.551611E+0	83.591480E+0	41.935484E-3
1099	11.363368E+0	-9.915578E+0	693.551611E+0	83.591480E+0	41.935484E-3
1100	11.411351E+0	-9.915578E+0	693.551611E+0	83.591480E+0	41.935484E-3
1101	11.422769E+0	-9.915578E+0	693.551611E+0	83.591480E+0	41.935484E-3
1102	11.473190E+0	-9.574801E+0	701.677812E+0	83.798287E+0	41.935484E-3
1103	11.923611E+0	-9.574801E+0	701.677812E+0	83.798287E+0	41.935484E-3
1104	11.974016E+0	-9.574801E+0	701.677812E+0	83.798287E+0	41.935484E-3
1105	11.885150E+0	-9.574801E+0	701.677812E+0	83.798287E+0	41.935484E-3
1106	11.937278E+0	-9.466763E+0	704.254112E+0	83.685033E+0	41.935484E-3
1107	12.287047E+0	-9.466763E+0	704.254112E+0	83.685033E+0	41.935484E-3
1108	12.236863E+0	-9.466763E+0	704.254112E+0	83.685033E+0	41.935484E-3
1109	12.176303E+0	-9.466763E+0	704.254112E+0	83.685033E+0	41.935484E-3
1110	12.228970E+0	-9.699116E+0	698.713386E+0	84.171092E+0	41.935484E-3
1111	11.881540E+0	-9.699116E+0	698.713386E+0	84.171092E+0	41.935484E-3
1112	11.934014E+0	-9.699116E+0	698.713386E+0	84.171092E+0	41.935484E-3
1113	12.209218E+0	-9.699116E+0	698.713386E+0	84.171092E+0	41.935484E-3
1114	12.260725E+0	-9.959996E+0	692.492405E+0	82.623861E+0	41.935484E-3
1115	11.912247E+0	-9.959996E+0	692.492405E+0	82.623861E+0	41.935484E-3
1116	11.963786E+0	-9.959996E+0	692.492405E+0	82.623861E+0	41.935484E-3
1117	12.215664E+0	-9.959996E+0	692.492405E+0	82.623861E+0	41.935484E-3
1118	12.265863E+0	-10.329976E+0	683.669798E+0	81.361978E+0	41.935484E-3
1119	11.916062E+0	-10.329976E+0	683.669798E+0	81.361978E+0	41.935484E-3
1120	11.966261E+0	-10.329976E+0	683.669798E+0	81.361978E+0	41.935484E-3
1121	12.133428E+0	-10.329976E+0	683.669798E+0	81.361978E+0	41.935484E-3
1122	12.181778E+0	-11.033369E+0	666.896588E+0	84.951810E+0	41.935484E-3
1123	11.830112E+0	-11.033369E+0	666.896588E+0	84.951810E+0	41.935484E-3
1124	11.743905E+0	-11.033369E+0	666.896588E+0	84.951810E+0	41.935484E-3
1125	11.788733E+0	-11.033369E+0	666.896588E+0	84.951810E+0	41.935484E-3
1126	11.833569E+0	-11.871682E+0	646.906053E+0	85.502179E+0	41.935484E-3
1127	11.478405E+0	-11.871682E+0	646.906053E+0	85.502179E+0	41.935484E-3
1128	11.286115E+0	-11.871682E+0	646.906053E+0	85.502179E+0	41.935484E-3
1129	11.326757E+0	-11.871682E+0	646.906053E+0	85.502179E+0	41.935484E-3
1130	11.367397E+0	-12.843166E+0	623.739896E+0	85.070466E+0	41.935484E-3
1131	11.008022E+0	-12.843166E+0	623.739896E+0	85.070466E+0	41.935484E-3
1132	10.710354E+0	-12.843166E+0	623.739896E+0	85.070466E+0	41.935484E-3
1133	10.746137E+0	-12.843166E+0	623.739896E+0	85.070466E+0	41.935484E-3
1134	10.781921E+0	-13.902834E+0	598.470887E+0	85.665331E+0	41.935484E-3
1135	10.417609E+0	-13.902834E+0	598.470887E+0	85.665331E+0	41.935484E-3
1136	10.048144E+0	-13.902834E+0	598.470887E+0	85.665331E+0	41.935484E-3
1137	10.078629E+0	-13.902834E+0	598.470887E+0	85.665331E+0	41.935484E-3
1138	10.109115E+0	-14.737215E+0	578.574108E+0	85.147952E+0	41.935484E-3
1139	9.739616E+0	-14.737215E+0	578.574108E+0	85.147952E+0	41.935484E-3
1140	9.535957E+0	-14.737215E+0	578.574108E+0	85.147952E+0	41.935484E-3
1141	9.562270E+0	-14.737215E+0	578.574108E+0	85.147952E+0	41.935484E-3
1142	9.588583E+0	-15.534617E+0	559.559129E+0	86.386929E+0	41.935484E-3
1143	9.214881E+0	-15.534617E+0	559.559129E+0	86.386929E+0	41.935484E-3
1144	9.035185E+0	-15.534617E+0	559.559129E+0	86.386929E+0	41.935484E-3
1145	9.057513E+0	-15.534617E+0	559.559129E+0	86.386929E+0	41.935484E-3
1146	9.079841E+0	-16.602302E+0	534.098945E+0	84.858112E+0	41.935484E-3
1147	8.702168E+0	-16.602302E+0	534.098945E+0	84.858112E+0	41.935484E-3
1148	8.313056E+0	-16.602302E+0	534.098945E+0	84.858112E+0	41.935484E-3
1149	8.323831E+0	-16.602302E+0	534.098945E+0	84.858112E+0	41.935484E-3
1150	8.347030E+0	-17.964880E+0	501.606698E+0	83.364794E+0	41.935484E-3
1151	7.970230E+0	-17.964880E+0	501.606698E+0	83.364794E+0	41.935484E-3
1152	7.345448E+0	-17.964880E+0	501.606698E+0	83.364794E+0	41.935484E-3
1153	7.120665E+0	-17.964880E+0	501.606698E+0	83.364794E+0	41.935484E-3
1154	7.295899E+0	-19.478464E+0	465.513553E+0	81.989982E+0	41.935484E-3
1155	7.071133E+0	-19.478464E+0	465.513553E+0	81.989982E+0	41.935484E-3
1156	6.446335E+0	-19.478464E+0	465.513553E+0	81.989982E+0	41.935484E-3
1157	6.221521E+0	-19.478464E+0	465.513553E+0	81.989982E+0	41.935484E-3
1158	6.241042E+0	-20.862148E+0	432.518010E+0	84.049743E+0	41.935484E-3
1159	6.243650E+0	-20.862148E+0	432.518010E+0	84.049743E+0	41.935484E-3
1160	5.846354E+0	-20.862148E+0	432.518010E+0	84.049743E+0	41.935484E-3
1161	5.197266E+0	-20.862148E+0	432.518010E+0	84.049743E+0	41.935484E-3
1162	4.948178E+0	-22.111596E+0	402.723490E+0	82.755705E+0	41.935484E-3
1163	4.299074E+0	-22.111596E+0	402.723490E+0	82.755705E+0	41.935484E-3
1164	4.049954E+0	-22.111596E+0	402.723490E+0	82.755705E+0	41.935484E-3
1165	4.200834E+0	-22.111596E+0	402.723490E+0	82.755705E+0	41.935484E-3
1166	4.213637E+0	-22.111596E+0	402.723490E+0	82.755705E+0	41.935484E-3
1167	4.203079E+0	-23.237733E+0	375.869453E+0	83.179364E+0	41.935484E-3
1168	3.792506E+0	-23.237733E+0	375.869453E+0	83.179364E+0	41.935484E-3
1169	3.326100E+0	-23.237733E+0	375.869453E+0	83.179364E+0	41.935484E-3
1170	3.259693E+0	-23.871828E+0	360.748712E+0	79.787158E+0	41.935484E-3
1171	2.793287E+0	-23.871828E+0	360.748712E+0	79.787158E+0	41.935484E-3
1172	2.726977E+0	-23.871828E+0	360.748712E+0	79.787158E+0	41.935484E-3
1173	2.776262E+0	-23.871828E+0	360.748712E+0	79.787158E+0	41.935484E-3
1174	2.756903E+0	-23.619500E+0	366.765773E+0	80.854890E+0	41.935484E-3
1175	3.137559E+0	-23.619500E+0	366.765773E+0	80.854890E+0	41.935484E-3
1176	3.118216E+0	-23.619500E+0	366.765773E+0	80.854890E+0	41.935484E-3
1177	2.891856E+0	-23.619500E+0	366.765773E+0	80.854890E+0	41.935484E-3
1178	2.873759E+0	-23.619500E+0	366.765773E+0	80.854890E+0	41.935484E-3
1179	2.855661E+0	-23.102417E+0	379.096202E+0	84.215477E+0	41.935484E-3
1180	3.237532E+0	-23.102417E+0	379.096202E+0	84.215477E+0	41.935484E-3
1181	3.219386E+0	-23.102417E+0	379.096202E+0	84.215477E+0	41.935484E-3
1182	3.196937E+0	-22.579312E+0	391.570261E+0	86.815359E+0	41.935484E-3
1183	3.574584E+0	-22.579312E+0	391.570261E+0	86.815359E+0	41.935484E-3
1184	3.563473E+0	-22.579312E+0	391.570261E+0	86.815359E+0	41.935484E-3
1185	3.550577E+0	-22.579312E+0	391.570261E+0	86.815359E+0	41.935484E-3
1186	3.537679E+0	-22.035278E+0	404.543367E+0	86.388033E+0	41.935484E-3
1187	3.924782E+0	-22.035278E+0	404.543367E+0	86.388033E+0	41.935484E-3
1188	3.925352E+0	-22.035278E+0	404.543367E+0	86.388033E+0	41.935484E-3
1189	3.915176E+0	-22.035278E+0	404.543367E+0	86.388033E+0	41.935484E-3
1190	3.904999E+0	-21.414447E+0	419.347814E+0	85.054234E+0	41.935484E-3
1191	4.294823E+0	-21.414447E+0	419.347814E+0	85.054234E+0	41.935484E-3
1192	4.356479E+0	-21.414447E+0	419.347814E+0	85.054234E+0	41.935484E-3
1193	4.349406E+0	-21.414447E+0	419.347814E+0	85.054234E+0	41.935484E-3
1194	4.342334E+0	-21.414447E+0	419.347814E+0	85.054234E+0	41.935484E-3
1195	4.335262E+0	-20.805863E+0	433.860200E+0	84.736115E+0	41.935484E-3
1196	4.728254E+0	-20.805863E+0	433.860200E+0	84.736115E+0	41.935484E-3
1197	4.783641E+0	-20.805863E+0	433.860200E+0	84.736115E+0	41.935484E-3
1198	4.779612E+0	-20.198478E+0	448.343989E+0	84.769448E+0	41.935484E-3
1199	5.175550E+0	-20.198478E+0	448.343989E+0	84.769448E+0	41.935484E-3
1200	5.233166E+0	-20.198478E+0	448.343989E+0	84.769448E+0	41.935484E-3
