jeudi 27 février 2020	16:27:44	Sampling Period : 50  ms		OL alpha1

t	I1	I2	Alpha1	Alpha2	x	y	dotx	doty
0	0.000000E+0	13.476869E+0	13.476869E+0	83.368042E+0
1	0.000000E+0	14.985605E+0	14.985605E+0	80.393109E+0
2	0.000000E+0	14.985605E+0	14.985605E+0	80.393109E+0
3	0.000000E+0	14.985605E+0	14.985605E+0	80.393109E+0
4	0.000000E+0	14.985605E+0	14.985605E+0	80.393109E+0
5	0.000000E+0	14.985605E+0	14.985605E+0	80.393109E+0
6	0.000000E+0	16.415938E+0	16.415938E+0	80.696531E+0
7	0.000000E+0	16.415938E+0	16.415938E+0	80.696531E+0
8	0.000000E+0	16.415938E+0	16.415938E+0	80.696531E+0
9	0.000000E+0	16.415938E+0	16.415938E+0	80.696531E+0
10	0.000000E+0	17.753061E+0	17.753061E+0	83.599663E+0
11	0.000000E+0	17.753061E+0	17.753061E+0	83.599663E+0
12	0.000000E+0	17.753061E+0	17.753061E+0	83.599663E+0
13	0.000000E+0	17.753061E+0	17.753061E+0	83.599663E+0
14	0.000000E+0	19.151972E+0	19.151972E+0	81.896561E+0
15	0.000000E+0	19.151972E+0	19.151972E+0	81.896561E+0
16	0.000000E+0	19.151972E+0	19.151972E+0	81.896561E+0
17	0.000000E+0	20.780218E+0	20.780218E+0	81.882544E+0
18	1.000000E+0	20.780218E+0	20.780218E+0	81.882544E+0
19	1.000000E+0	20.780218E+0	20.780218E+0	81.882544E+0
20	2.000000E+0	20.780218E+0	20.780218E+0	81.882544E+0
21	2.000000E+0	20.780218E+0	20.780218E+0	81.882544E+0
22	3.000000E+0	22.431260E+0	22.431260E+0	79.404278E+0
23	3.000000E+0	22.431260E+0	22.431260E+0	79.404278E+0
24	4.000000E+0	22.431260E+0	22.431260E+0	79.404278E+0
25	4.000000E+0	22.431260E+0	22.431260E+0	79.404278E+0
26	5.000000E+0	23.917797E+0	23.917797E+0	78.864078E+0
27	5.000000E+0	23.917797E+0	23.917797E+0	78.864078E+0
28	6.000000E+0	23.917797E+0	23.917797E+0	78.864078E+0
29	6.000000E+0	25.341482E+0	25.341482E+0	81.203846E+0
30	7.000000E+0	25.341482E+0	25.341482E+0	81.203846E+0
31	7.000000E+0	25.341482E+0	25.341482E+0	81.203846E+0
32	7.000000E+0	25.341482E+0	25.341482E+0	81.203846E+0
33	7.000000E+0	25.341482E+0	25.341482E+0	81.203846E+0
34	8.000000E+0	26.577285E+0	26.577285E+0	83.473910E+0
35	8.000000E+0	26.577285E+0	26.577285E+0	83.473910E+0
36	8.000000E+0	26.577285E+0	26.577285E+0	83.473910E+0
37	8.000000E+0	26.577285E+0	26.577285E+0	83.473910E+0
38	9.000000E+0	27.641824E+0	27.641824E+0	79.052370E+0
39	9.000000E+0	27.641824E+0	27.641824E+0	79.052370E+0
40	9.000000E+0	27.641824E+0	27.641824E+0	79.052370E+0
41	9.000000E+0	28.842320E+0	28.842320E+0	81.980955E+0
42	9.000000E+0	28.842320E+0	28.842320E+0	81.980955E+0
43	9.000000E+0	28.842320E+0	28.842320E+0	81.980955E+0
44	9.000000E+0	28.842320E+0	28.842320E+0	81.980955E+0
45	9.000000E+0	28.842320E+0	28.842320E+0	81.980955E+0
46	9.000000E+0	30.008649E+0	30.008649E+0	84.871464E+0
47	9.000000E+0	30.008649E+0	30.008649E+0	84.871464E+0
48	9.000000E+0	30.008649E+0	30.008649E+0	84.871464E+0
49	9.000000E+0	30.008649E+0	30.008649E+0	84.871464E+0
50	9.000000E+0	30.912100E+0	30.912100E+0	85.506837E+0
51	9.000000E+0	30.912100E+0	30.912100E+0	85.506837E+0
52	9.000000E+0	30.912100E+0	30.912100E+0	85.506837E+0
53	9.000000E+0	30.912100E+0	30.912100E+0	85.506837E+0
54	9.000000E+0	31.550403E+0	31.550403E+0	84.994683E+0
55	9.000000E+0	31.550403E+0	31.550403E+0	84.994683E+0
56	8.000000E+0	31.550403E+0	31.550403E+0	84.994683E+0
57	8.000000E+0	31.550403E+0	31.550403E+0	84.994683E+0
58	8.000000E+0	31.704375E+0	31.704375E+0	81.242801E+0
59	8.000000E+0	31.704375E+0	31.704375E+0	81.242801E+0
60	7.000000E+0	31.704375E+0	31.704375E+0	81.242801E+0
61	7.000000E+0	31.704375E+0	31.704375E+0	81.242801E+0
62	7.000000E+0	31.216296E+0	31.216296E+0	82.038066E+0
63	6.000000E+0	31.216296E+0	31.216296E+0	82.038066E+0
64	5.000000E+0	31.216296E+0	31.216296E+0	82.038066E+0
65	5.000000E+0	31.216296E+0	31.216296E+0	82.038066E+0
66	5.000000E+0	30.626688E+0	30.626688E+0	81.774133E+0
67	5.000000E+0	30.626688E+0	30.626688E+0	81.774133E+0
68	5.000000E+0	30.626688E+0	30.626688E+0	81.774133E+0
69	4.000000E+0	30.626688E+0	30.626688E+0	81.774133E+0
70	3.000000E+0	30.154620E+0	30.154620E+0	82.465073E+0
71	3.000000E+0	30.154620E+0	30.154620E+0	82.465073E+0
72	2.000000E+0	30.154620E+0	30.154620E+0	82.465073E+0
73	2.000000E+0	30.154620E+0	30.154620E+0	82.465073E+0
74	1.000000E+0	29.760374E+0	29.760374E+0	82.507273E+0
75	1.000000E+0	29.760374E+0	29.760374E+0	82.507273E+0
76	0.000000E+0	29.760374E+0	29.760374E+0	82.507273E+0
77	0.000000E+0	29.760374E+0	29.760374E+0	82.507273E+0
78	0.000000E+0	29.416703E+0	29.416703E+0	82.496961E+0
79	-0.000000E+0	29.416703E+0	29.416703E+0	82.496961E+0
80	-0.000000E+0	29.416703E+0	29.416703E+0	82.496961E+0
81	-1.000000E+0	29.416703E+0	29.416703E+0	82.496961E+0
82	-2.000000E+0	29.525723E+0	29.525723E+0	82.622316E+0
83	-2.000000E+0	29.525723E+0	29.525723E+0	82.622316E+0
84	-2.000000E+0	29.525723E+0	29.525723E+0	82.622316E+0
85	-3.000000E+0	29.525723E+0	29.525723E+0	82.622316E+0
86	-3.000000E+0	30.100766E+0	30.100766E+0	83.568219E+0
87	-4.000000E+0	30.100766E+0	30.100766E+0	83.568219E+0
88	-4.000000E+0	30.100766E+0	30.100766E+0	83.568219E+0
89	-5.000000E+0	30.100766E+0	30.100766E+0	83.568219E+0
90	-6.000000E+0	30.963663E+0	30.963663E+0	82.896189E+0
91	-6.000000E+0	30.963663E+0	30.963663E+0	82.896189E+0
92	-6.000000E+0	30.963663E+0	30.963663E+0	82.896189E+0
93	-6.000000E+0	30.963663E+0	30.963663E+0	82.896189E+0
94	-7.000000E+0	32.241056E+0	32.241056E+0	85.187988E+0
95	-7.000000E+0	32.241056E+0	32.241056E+0	85.187988E+0
96	-8.000000E+0	32.241056E+0	32.241056E+0	85.187988E+0
97	-8.000000E+0	32.241056E+0	32.241056E+0	85.187988E+0
98	-8.000000E+0	33.822261E+0	33.822261E+0	83.474685E+0
99	-8.000000E+0	33.822261E+0	33.822261E+0	83.474685E+0
100	-9.000000E+0	33.822261E+0	33.822261E+0	83.474685E+0
101	-9.000000E+0	33.822261E+0	33.822261E+0	83.474685E+0
102	-9.000000E+0	35.657286E+0	35.657286E+0	81.912877E+0
103	-9.000000E+0	35.657286E+0	35.657286E+0	81.912877E+0
104	-9.000000E+0	35.657286E+0	35.657286E+0	81.912877E+0
105	-9.000000E+0	35.657286E+0	35.657286E+0	81.912877E+0
106	-9.000000E+0	37.552281E+0	37.552281E+0	81.928746E+0
107	-9.000000E+0	37.552281E+0	37.552281E+0	81.928746E+0
108	-9.000000E+0	37.552281E+0	37.552281E+0	81.928746E+0
109	-9.000000E+0	37.552281E+0	37.552281E+0	81.928746E+0
110	-9.000000E+0	37.654502E+0	37.654502E+0	80.685545E+0
111	-9.000000E+0	37.654502E+0	37.654502E+0	80.685545E+0
112	-9.000000E+0	37.654502E+0	37.654502E+0	80.685545E+0
113	-9.000000E+0	37.654502E+0	37.654502E+0	80.685545E+0
114	-9.000000E+0	37.973534E+0	37.973534E+0	78.174804E+0
115	-9.000000E+0	37.973534E+0	37.973534E+0	78.174804E+0
116	-9.000000E+0	37.973534E+0	37.973534E+0	78.174804E+0
117	-9.000000E+0	37.973534E+0	37.973534E+0	78.174804E+0
118	-8.000000E+0	37.953818E+0	37.953818E+0	79.388384E+0
119	-8.000000E+0	37.953818E+0	37.953818E+0	79.388384E+0
120	-8.000000E+0	37.953818E+0	37.953818E+0	79.388384E+0
121	-8.000000E+0	37.953818E+0	37.953818E+0	79.388384E+0
122	-7.000000E+0	38.043319E+0	38.043319E+0	79.882527E+0
123	-7.000000E+0	38.043319E+0	38.043319E+0	79.882527E+0
124	-7.000000E+0	38.043319E+0	38.043319E+0	79.882527E+0
125	-7.000000E+0	38.043319E+0	38.043319E+0	79.882527E+0
126	-7.000000E+0	38.085177E+0	38.085177E+0	79.878011E+0
127	-6.000000E+0	38.085177E+0	38.085177E+0	79.878011E+0
128	-6.000000E+0	38.085177E+0	38.085177E+0	79.878011E+0
129	-5.000000E+0	38.085177E+0	38.085177E+0	79.878011E+0
130	-4.000000E+0	38.112788E+0	38.112788E+0	81.186972E+0
131	-4.000000E+0	38.112788E+0	38.112788E+0	81.186972E+0
132	-3.000000E+0	38.112788E+0	38.112788E+0	81.186972E+0
133	-3.000000E+0	38.112788E+0	38.112788E+0	81.186972E+0
134	-2.000000E+0	38.119394E+0	38.119394E+0	82.052371E+0
135	-2.000000E+0	38.119394E+0	38.119394E+0	82.052371E+0
136	-2.000000E+0	38.119394E+0	38.119394E+0	82.052371E+0
137	-1.000000E+0	38.119394E+0	38.119394E+0	82.052371E+0
138	-0.000000E+0	38.198593E+0	38.198593E+0	82.482887E+0
139	-0.000000E+0	38.198593E+0	38.198593E+0	82.482887E+0
140	0.000000E+0	38.198593E+0	38.198593E+0	82.482887E+0
141	0.000000E+0	38.198593E+0	38.198593E+0	82.482887E+0
142	1.000000E+0	38.274449E+0	38.274449E+0	82.126550E+0
143	1.000000E+0	38.274449E+0	38.274449E+0	82.126550E+0
144	1.000000E+0	38.274449E+0	38.274449E+0	82.126550E+0
145	2.000000E+0	38.274449E+0	38.274449E+0	82.126550E+0
146	2.000000E+0	38.336865E+0	38.336865E+0	80.973486E+0
147	3.000000E+0	38.336865E+0	38.336865E+0	80.973486E+0
148	4.000000E+0	38.336865E+0	38.336865E+0	80.973486E+0
149	4.000000E+0	38.336865E+0	38.336865E+0	80.973486E+0
150	4.000000E+0	38.402517E+0	38.402517E+0	80.440302E+0
151	4.000000E+0	38.402517E+0	38.402517E+0	80.440302E+0
152	4.000000E+0	38.402517E+0	38.402517E+0	80.440302E+0
153	5.000000E+0	38.402517E+0	38.402517E+0	80.440302E+0
154	6.000000E+0	38.479002E+0	38.479002E+0	79.072405E+0
155	6.000000E+0	38.479002E+0	38.479002E+0	79.072405E+0
156	7.000000E+0	38.479002E+0	38.479002E+0	79.072405E+0
157	7.000000E+0	38.479002E+0	38.479002E+0	79.072405E+0
158	7.000000E+0	38.538224E+0	38.538224E+0	78.090382E+0
159	7.000000E+0	38.538224E+0	38.538224E+0	78.090382E+0
160	8.000000E+0	38.538224E+0	38.538224E+0	78.090382E+0
161	8.000000E+0	38.538224E+0	38.538224E+0	78.090382E+0
162	8.000000E+0	38.592038E+0	38.592038E+0	76.334250E+0
163	8.000000E+0	38.592038E+0	38.592038E+0	76.334250E+0
164	8.000000E+0	38.592038E+0	38.592038E+0	76.334250E+0
165	9.000000E+0	38.592038E+0	38.592038E+0	76.334250E+0
166	9.000000E+0	38.637751E+0	38.637751E+0	75.818327E+0
167	9.000000E+0	38.637751E+0	38.637751E+0	75.818327E+0
168	9.000000E+0	38.637751E+0	38.637751E+0	75.818327E+0
169	9.000000E+0	38.637751E+0	38.637751E+0	75.818327E+0
170	9.000000E+0	38.534117E+0	38.534117E+0	75.168571E+0
171	9.000000E+0	38.534117E+0	38.534117E+0	75.168571E+0
172	9.000000E+0	38.534117E+0	38.534117E+0	75.168571E+0
173	9.000000E+0	38.534117E+0	38.534117E+0	75.168571E+0
174	9.000000E+0	38.152595E+0	38.152595E+0	75.540675E+0
175	9.000000E+0	38.152595E+0	38.152595E+0	75.540675E+0
176	9.000000E+0	38.152595E+0	38.152595E+0	75.540675E+0
177	9.000000E+0	38.152595E+0	38.152595E+0	75.540675E+0
178	9.000000E+0	38.602984E+0	38.602984E+0	75.956398E+0
179	9.000000E+0	38.602984E+0	38.602984E+0	75.956398E+0
180	9.000000E+0	38.602984E+0	38.602984E+0	75.956398E+0
181	9.000000E+0	38.602984E+0	38.602984E+0	75.956398E+0
182	8.000000E+0	38.602984E+0	38.602984E+0	75.956398E+0
183	8.000000E+0	38.608369E+0	38.608369E+0	76.142018E+0
184	8.000000E+0	38.608369E+0	38.608369E+0	76.142018E+0
185	7.000000E+0	38.608369E+0	38.608369E+0	76.142018E+0
186	7.000000E+0	38.679758E+0	38.679758E+0	76.911591E+0
187	7.000000E+0	38.679758E+0	38.679758E+0	76.911591E+0
188	6.000000E+0	38.679758E+0	38.679758E+0	76.911591E+0
189	6.000000E+0	38.679758E+0	38.679758E+0	76.911591E+0
190	5.000000E+0	38.678000E+0	38.678000E+0	77.091866E+0
191	5.000000E+0	38.678000E+0	38.678000E+0	77.091866E+0
192	5.000000E+0	38.678000E+0	38.678000E+0	77.091866E+0
193	5.000000E+0	38.678000E+0	38.678000E+0	77.091866E+0
194	4.000000E+0	38.680670E+0	38.680670E+0	77.333017E+0
195	4.000000E+0	38.680670E+0	38.680670E+0	77.333017E+0
196	3.000000E+0	38.680670E+0	38.680670E+0	77.333017E+0
197	3.000000E+0	38.680670E+0	38.680670E+0	77.333017E+0
198	2.000000E+0	38.680670E+0	38.680670E+0	77.333017E+0
199	2.000000E+0	38.675915E+0	38.675915E+0	77.735374E+0
200	2.000000E+0	38.675915E+0	38.675915E+0	77.735374E+0
201	1.000000E+0	38.675915E+0	38.675915E+0	77.735374E+0
202	0.000000E+0	38.621743E+0	38.621743E+0	77.878698E+0
203	0.000000E+0	38.621743E+0	38.621743E+0	77.878698E+0
204	-0.000000E+0	38.621743E+0	38.621743E+0	77.878698E+0
205	-0.000000E+0	38.621743E+0	38.621743E+0	77.878698E+0
206	-1.000000E+0	38.524046E+0	38.524046E+0	78.166104E+0
207	-1.000000E+0	38.524046E+0	38.524046E+0	78.166104E+0
208	-2.000000E+0	38.524046E+0	38.524046E+0	78.166104E+0
209	-2.000000E+0	38.524046E+0	38.524046E+0	78.166104E+0
210	-3.000000E+0	38.506678E+0	38.506678E+0	77.753529E+0
211	-3.000000E+0	38.506678E+0	38.506678E+0	77.753529E+0
212	-3.000000E+0	38.506678E+0	38.506678E+0	77.753529E+0
213	-4.000000E+0	38.506678E+0	38.506678E+0	77.753529E+0
214	-4.000000E+0	38.409144E+0	38.409144E+0	78.187808E+0
215	-5.000000E+0	38.409144E+0	38.409144E+0	78.187808E+0
216	-6.000000E+0	38.409144E+0	38.409144E+0	78.187808E+0
217	-6.000000E+0	38.409144E+0	38.409144E+0	78.187808E+0
218	-6.000000E+0	38.314934E+0	38.314934E+0	78.989118E+0
219	-6.000000E+0	38.314934E+0	38.314934E+0	78.989118E+0
220	-6.000000E+0	38.314934E+0	38.314934E+0	78.989118E+0
221	-7.000000E+0	38.314934E+0	38.314934E+0	78.989118E+0
222	-8.000000E+0	38.077941E+0	38.077941E+0	79.636945E+0
223	-8.000000E+0	38.077941E+0	38.077941E+0	79.636945E+0
224	-8.000000E+0	38.077941E+0	38.077941E+0	79.636945E+0
225	-8.000000E+0	38.077941E+0	38.077941E+0	79.636945E+0
226	-9.000000E+0	38.077941E+0	38.077941E+0	79.636945E+0
227	-9.000000E+0	38.200705E+0	38.200705E+0	80.428325E+0
228	-9.000000E+0	38.200705E+0	38.200705E+0	80.428325E+0
229	-9.000000E+0	38.200705E+0	38.200705E+0	80.428325E+0
230	-9.000000E+0	38.200705E+0	38.200705E+0	80.428325E+0
231	-9.000000E+0	38.155669E+0	38.155669E+0	81.115460E+0
232	-9.000000E+0	38.155669E+0	38.155669E+0	81.115460E+0
233	-9.000000E+0	38.155669E+0	38.155669E+0	81.115460E+0
234	-9.000000E+0	38.155669E+0	38.155669E+0	81.115460E+0
235	-9.000000E+0	38.148467E+0	38.148467E+0	82.291477E+0
236	-9.000000E+0	38.148467E+0	38.148467E+0	82.291477E+0
237	-9.000000E+0	38.148467E+0	38.148467E+0	82.291477E+0
238	-9.000000E+0	38.131419E+0	38.131419E+0	82.495121E+0
239	-9.000000E+0	38.131419E+0	38.131419E+0	82.495121E+0
240	-9.000000E+0	38.131419E+0	38.131419E+0	82.495121E+0
241	-9.000000E+0	38.131419E+0	38.131419E+0	82.495121E+0
242	-9.000000E+0	37.883667E+0	37.883667E+0	82.674714E+0
243	-9.000000E+0	37.883667E+0	37.883667E+0	82.674714E+0
244	-8.000000E+0	37.883667E+0	37.883667E+0	82.674714E+0
245	-8.000000E+0	37.883667E+0	37.883667E+0	82.674714E+0
246	-8.000000E+0	37.883667E+0	37.883667E+0	82.674714E+0
247	-8.000000E+0	38.123344E+0	38.123344E+0	82.188720E+0
248	-8.000000E+0	38.123344E+0	38.123344E+0	82.188720E+0
249	-7.000000E+0	38.123344E+0	38.123344E+0	82.188720E+0
250	-6.000000E+0	38.125551E+0	38.125551E+0	81.970075E+0
251	-6.000000E+0	38.125551E+0	38.125551E+0	81.970075E+0
252	-6.000000E+0	38.125551E+0	38.125551E+0	81.970075E+0
253	-6.000000E+0	38.125551E+0	38.125551E+0	81.970075E+0
254	-5.000000E+0	38.125551E+0	38.125551E+0	81.970075E+0
255	-5.000000E+0	38.123887E+0	38.123887E+0	81.562713E+0
256	-4.000000E+0	38.123887E+0	38.123887E+0	81.562713E+0
257	-4.000000E+0	38.123887E+0	38.123887E+0	81.562713E+0
258	-4.000000E+0	38.123887E+0	38.123887E+0	81.562713E+0
259	-3.000000E+0	38.116151E+0	38.116151E+0	80.995670E+0
260	-2.000000E+0	38.116151E+0	38.116151E+0	80.995670E+0
261	-2.000000E+0	38.116151E+0	38.116151E+0	80.995670E+0
262	-1.000000E+0	38.116151E+0	38.116151E+0	80.995670E+0
263	-1.000000E+0	38.148323E+0	38.148323E+0	80.156200E+0
264	-0.000000E+0	38.148323E+0	38.148323E+0	80.156200E+0
265	-0.000000E+0	38.148323E+0	38.148323E+0	80.156200E+0
266	0.000000E+0	38.148323E+0	38.148323E+0	80.156200E+0
267	0.000000E+0	38.240243E+0	38.240243E+0	79.495435E+0
268	1.000000E+0	38.240243E+0	38.240243E+0	79.495435E+0
269	1.000000E+0	38.240243E+0	38.240243E+0	79.495435E+0
270	2.000000E+0	38.240243E+0	38.240243E+0	79.495435E+0
271	2.000000E+0	38.320648E+0	38.320648E+0	78.377321E+0
272	2.000000E+0	38.320648E+0	38.320648E+0	78.377321E+0
273	3.000000E+0	38.320648E+0	38.320648E+0	78.377321E+0
274	3.000000E+0	38.320648E+0	38.320648E+0	78.377321E+0
275	4.000000E+0	38.372414E+0	38.372414E+0	78.945083E+0
276	4.000000E+0	38.372414E+0	38.372414E+0	78.945083E+0
277	5.000000E+0	38.372414E+0	38.372414E+0	78.945083E+0
278	5.000000E+0	38.372414E+0	38.372414E+0	78.945083E+0
279	5.000000E+0	38.458971E+0	38.458971E+0	78.600800E+0
280	6.000000E+0	38.458971E+0	38.458971E+0	78.600800E+0
281	6.000000E+0	38.458971E+0	38.458971E+0	78.600800E+0
282	6.000000E+0	38.458971E+0	38.458971E+0	78.600800E+0
283	7.000000E+0	38.555452E+0	38.555452E+0	78.866286E+0
284	7.000000E+0	38.555452E+0	38.555452E+0	78.866286E+0
285	8.000000E+0	38.555452E+0	38.555452E+0	78.866286E+0
286	8.000000E+0	38.555452E+0	38.555452E+0	78.866286E+0
287	8.000000E+0	38.581513E+0	38.581513E+0	77.979986E+0
288	9.000000E+0	38.581513E+0	38.581513E+0	77.979986E+0
289	9.000000E+0	38.581513E+0	38.581513E+0	77.979986E+0
290	9.000000E+0	38.581513E+0	38.581513E+0	77.979986E+0
291	9.000000E+0	38.646146E+0	38.646146E+0	78.899098E+0
292	9.000000E+0	38.646146E+0	38.646146E+0	78.899098E+0
293	9.000000E+0	38.646146E+0	38.646146E+0	78.899098E+0
294	9.000000E+0	38.646146E+0	38.646146E+0	78.899098E+0
295	9.000000E+0	38.676713E+0	38.676713E+0	78.220683E+0
296	9.000000E+0	38.676713E+0	38.676713E+0	78.220683E+0
297	9.000000E+0	38.676713E+0	38.676713E+0	78.220683E+0
298	9.000000E+0	38.676713E+0	38.676713E+0	78.220683E+0
299	9.000000E+0	38.676834E+0	38.676834E+0	77.718042E+0
300	9.000000E+0	38.676834E+0	38.676834E+0	77.718042E+0
301	9.000000E+0	38.676834E+0	38.676834E+0	77.718042E+0
302	9.000000E+0	38.676834E+0	38.676834E+0	77.718042E+0
303	9.000000E+0	38.680831E+0	38.680831E+0	76.954503E+0
304	9.000000E+0	38.680831E+0	38.680831E+0	76.954503E+0
305	9.000000E+0	38.680831E+0	38.680831E+0	76.954503E+0
306	8.000000E+0	38.680831E+0	38.680831E+0	76.954503E+0
307	8.000000E+0	38.680589E+0	38.680589E+0	76.937500E+0
308	8.000000E+0	38.680589E+0	38.680589E+0	76.937500E+0
309	8.000000E+0	38.680589E+0	38.680589E+0	76.937500E+0
310	7.000000E+0	38.680589E+0	38.680589E+0	76.937500E+0
311	7.000000E+0	38.679167E+0	38.679167E+0	76.294918E+0
312	7.000000E+0	38.679167E+0	38.679167E+0	76.294918E+0
313	7.000000E+0	38.679167E+0	38.679167E+0	76.294918E+0
314	6.000000E+0	38.679167E+0	38.679167E+0	76.294918E+0
315	6.000000E+0	38.677619E+0	38.677619E+0	75.166820E+0
316	6.000000E+0	38.677619E+0	38.677619E+0	75.166820E+0
317	5.000000E+0	38.677619E+0	38.677619E+0	75.166820E+0
318	4.000000E+0	38.677619E+0	38.677619E+0	75.166820E+0
319	4.000000E+0	38.676013E+0	38.676013E+0	75.605019E+0
320	3.000000E+0	38.676013E+0	38.676013E+0	75.605019E+0
321	3.000000E+0	38.676013E+0	38.676013E+0	75.605019E+0
322	3.000000E+0	38.676013E+0	38.676013E+0	75.605019E+0
323	3.000000E+0	38.676787E+0	38.676787E+0	75.168561E+0
324	2.000000E+0	38.676787E+0	38.676787E+0	75.168561E+0
325	2.000000E+0	38.676787E+0	38.676787E+0	75.168561E+0
326	2.000000E+0	38.676787E+0	38.676787E+0	75.168561E+0
327	1.000000E+0	38.438288E+0	38.438288E+0	76.589504E+0
328	0.000000E+0	38.438288E+0	38.438288E+0	76.589504E+0
329	0.000000E+0	38.438288E+0	38.438288E+0	76.589504E+0
330	0.000000E+0	38.438288E+0	38.438288E+0	76.589504E+0
331	-0.000000E+0	38.524372E+0	38.524372E+0	78.167984E+0
332	-1.000000E+0	38.524372E+0	38.524372E+0	78.167984E+0
333	-1.000000E+0	38.524372E+0	38.524372E+0	78.167984E+0
334	-2.000000E+0	38.524372E+0	38.524372E+0	78.167984E+0
335	-2.000000E+0	38.504001E+0	38.504001E+0	79.441160E+0
336	-3.000000E+0	38.504001E+0	38.504001E+0	79.441160E+0
