jeudi 27 février 2020	17:11:11	Sampling Period : 50  ms		OL alpha1

t	I1	I2	Alpha1	Alpha2	x	y	dotx	doty
0	0.000000E+0	38.447799E+0	38.447799E+0	78.938075E+0
1	0.000000E+0	38.447799E+0	38.447799E+0	78.938075E+0
2	0.000000E+0	38.454984E+0	38.454984E+0	78.650124E+0
3	0.000000E+0	38.454984E+0	38.454984E+0	78.650124E+0
4	0.000000E+0	38.454984E+0	38.454984E+0	78.650124E+0
5	0.000000E+0	38.454984E+0	38.454984E+0	78.650124E+0
6	0.000000E+0	38.458931E+0	38.458931E+0	77.920020E+0
7	0.000000E+0	38.458931E+0	38.458931E+0	77.920020E+0
8	0.000000E+0	38.458931E+0	38.458931E+0	77.920020E+0
9	0.000000E+0	38.458931E+0	38.458931E+0	77.920020E+0
10	0.000000E+0	38.458910E+0	38.458910E+0	78.029678E+0
11	0.000000E+0	38.458910E+0	38.458910E+0	78.029678E+0
12	20.000000E+0	38.458910E+0	38.458910E+0	78.029678E+0
13	20.000000E+0	38.458910E+0	38.458910E+0	78.029678E+0
14	20.000000E+0	38.456970E+0	38.456970E+0	77.594969E+0
15	20.000000E+0	38.456970E+0	38.456970E+0	77.594969E+0
16	20.000000E+0	38.456970E+0	38.456970E+0	77.594969E+0
17	20.000000E+0	38.456970E+0	38.456970E+0	77.594969E+0
18	20.000000E+0	38.844300E+0	38.844300E+0	74.250000E+0
19	20.000000E+0	38.844300E+0	38.844300E+0	74.250000E+0
20	20.000000E+0	38.844300E+0	38.844300E+0	74.250000E+0
21	20.000000E+0	38.844300E+0	38.844300E+0	74.250000E+0
22	20.000000E+0	38.753650E+0	38.753650E+0	74.705882E+0
23	20.000000E+0	38.753650E+0	38.753650E+0	74.705882E+0
24	20.000000E+0	38.753650E+0	38.753650E+0	74.705882E+0
25	20.000000E+0	38.753650E+0	38.753650E+0	74.705882E+0
26	20.000000E+0	37.646791E+0	37.646791E+0	84.246043E+0
27	20.000000E+0	37.646791E+0	37.646791E+0	84.246043E+0
28	20.000000E+0	37.646791E+0	37.646791E+0	84.246043E+0
29	20.000000E+0	37.646791E+0	37.646791E+0	84.246043E+0
30	20.000000E+0	35.168993E+0	35.168993E+0	82.643797E+0
31	20.000000E+0	35.168993E+0	35.168993E+0	82.643797E+0
32	20.000000E+0	35.168993E+0	35.168993E+0	82.643797E+0
33	20.000000E+0	35.168993E+0	35.168993E+0	82.643797E+0
34	20.000000E+0	32.577264E+0	32.577264E+0	81.590156E+0
35	20.000000E+0	32.577264E+0	32.577264E+0	81.590156E+0
36	20.000000E+0	32.577264E+0	32.577264E+0	81.590156E+0
37	20.000000E+0	32.577264E+0	32.577264E+0	81.590156E+0
38	20.000000E+0	30.118049E+0	30.118049E+0	85.771555E+0
39	20.000000E+0	30.118049E+0	30.118049E+0	85.771555E+0
40	20.000000E+0	30.118049E+0	30.118049E+0	85.771555E+0
41	20.000000E+0	30.118049E+0	30.118049E+0	85.771555E+0
42	20.000000E+0	27.571229E+0	27.571229E+0	83.911333E+0
43	20.000000E+0	27.571229E+0	27.571229E+0	83.911333E+0
44	20.000000E+0	27.571229E+0	27.571229E+0	83.911333E+0
45	20.000000E+0	27.571229E+0	27.571229E+0	83.911333E+0
46	20.000000E+0	24.967235E+0	24.967235E+0	84.044182E+0
47	20.000000E+0	24.967235E+0	24.967235E+0	84.044182E+0
48	20.000000E+0	24.967235E+0	24.967235E+0	84.044182E+0
49	20.000000E+0	24.967235E+0	24.967235E+0	84.044182E+0
50	20.000000E+0	22.433636E+0	22.433636E+0	84.302920E+0
51	20.000000E+0	22.433636E+0	22.433636E+0	84.302920E+0
52	20.000000E+0	22.433636E+0	22.433636E+0	84.302920E+0
53	20.000000E+0	22.433636E+0	22.433636E+0	84.302920E+0
54	20.000000E+0	20.105996E+0	20.105996E+0	86.512708E+0
55	20.000000E+0	20.105996E+0	20.105996E+0	86.512708E+0
56	20.000000E+0	20.105996E+0	20.105996E+0	86.512708E+0
57	20.000000E+0	20.105996E+0	20.105996E+0	86.512708E+0
58	20.000000E+0	17.605795E+0	17.605795E+0	84.964070E+0
59	20.000000E+0	17.605795E+0	17.605795E+0	84.964070E+0
60	20.000000E+0	17.605795E+0	17.605795E+0	84.964070E+0
61	20.000000E+0	17.605795E+0	17.605795E+0	84.964070E+0
62	20.000000E+0	15.131351E+0	15.131351E+0	83.942992E+0
63	20.000000E+0	15.131351E+0	15.131351E+0	83.942992E+0
64	20.000000E+0	15.131351E+0	15.131351E+0	83.942992E+0
65	20.000000E+0	15.131351E+0	15.131351E+0	83.942992E+0
66	20.000000E+0	12.710923E+0	12.710923E+0	82.310463E+0
67	20.000000E+0	12.710923E+0	12.710923E+0	82.310463E+0
68	20.000000E+0	12.710923E+0	12.710923E+0	82.310463E+0
69	20.000000E+0	12.710923E+0	12.710923E+0	82.310463E+0
70	20.000000E+0	10.269268E+0	10.269268E+0	82.151368E+0
71	20.000000E+0	10.269268E+0	10.269268E+0	82.151368E+0
72	20.000000E+0	10.269268E+0	10.269268E+0	82.151368E+0
73	20.000000E+0	10.269268E+0	10.269268E+0	82.151368E+0
74	20.000000E+0	7.705921E+0	7.705921E+0	83.373664E+0
75	20.000000E+0	7.705921E+0	7.705921E+0	83.373664E+0
76	20.000000E+0	7.705921E+0	7.705921E+0	83.373664E+0
77	20.000000E+0	7.705921E+0	7.705921E+0	83.373664E+0
78	20.000000E+0	5.331767E+0	5.331767E+0	85.663302E+0
79	20.000000E+0	5.331767E+0	5.331767E+0	85.663302E+0
80	20.000000E+0	5.331767E+0	5.331767E+0	85.663302E+0
81	20.000000E+0	5.331767E+0	5.331767E+0	85.663302E+0
82	20.000000E+0	3.091469E+0	3.091469E+0	83.862040E+0
83	-20.000000E+0	3.091469E+0	3.091469E+0	83.862040E+0
84	-20.000000E+0	3.091469E+0	3.091469E+0	83.862040E+0
85	-20.000000E+0	3.091469E+0	3.091469E+0	83.862040E+0
86	-20.000000E+0	682.714696E-3	682.714696E-3	84.661409E+0
87	-20.000000E+0	682.714696E-3	682.714696E-3	84.661409E+0
88	-20.000000E+0	682.714696E-3	682.714696E-3	84.661409E+0
89	-20.000000E+0	682.714696E-3	682.714696E-3	84.661409E+0
90	-20.000000E+0	-790.464264E-3	-790.464264E-3	81.989799E+0
91	-20.000000E+0	-790.464264E-3	-790.464264E-3	81.989799E+0
92	-20.000000E+0	-790.464264E-3	-790.464264E-3	81.989799E+0
93	-20.000000E+0	-790.464264E-3	-790.464264E-3	81.989799E+0
94	-20.000000E+0	-308.968451E-3	-308.968451E-3	82.516202E+0
95	-20.000000E+0	-308.968451E-3	-308.968451E-3	82.516202E+0
96	-20.000000E+0	-308.968451E-3	-308.968451E-3	82.516202E+0
97	-20.000000E+0	-308.968451E-3	-308.968451E-3	82.516202E+0
98	-20.000000E+0	2.032229E+0	2.032229E+0	82.002581E+0
99	-20.000000E+0	2.032229E+0	2.032229E+0	82.002581E+0
100	-20.000000E+0	2.032229E+0	2.032229E+0	82.002581E+0
101	-20.000000E+0	2.032229E+0	2.032229E+0	82.002581E+0
102	20.000000E+0	5.043401E+0	5.043401E+0	78.350313E+0
103	20.000000E+0	5.043401E+0	5.043401E+0	78.350313E+0
104	20.000000E+0	5.043401E+0	5.043401E+0	78.350313E+0
105	20.000000E+0	5.043401E+0	5.043401E+0	78.350313E+0
106	20.000000E+0	8.508341E+0	8.508341E+0	79.640208E+0
107	20.000000E+0	8.508341E+0	8.508341E+0	79.640208E+0
108	20.000000E+0	8.508341E+0	8.508341E+0	79.640208E+0
109	20.000000E+0	8.508341E+0	8.508341E+0	79.640208E+0
110	20.000000E+0	10.954254E+0	10.954254E+0	82.098242E+0
111	20.000000E+0	10.954254E+0	10.954254E+0	82.098242E+0
112	20.000000E+0	10.954254E+0	10.954254E+0	82.098242E+0
113	20.000000E+0	10.954254E+0	10.954254E+0	82.098242E+0
114	20.000000E+0	11.802590E+0	11.802590E+0	80.979835E+0
115	20.000000E+0	11.802590E+0	11.802590E+0	80.979835E+0
116	20.000000E+0	11.802590E+0	11.802590E+0	80.979835E+0
117	20.000000E+0	11.802590E+0	11.802590E+0	80.979835E+0
118	20.000000E+0	10.900349E+0	10.900349E+0	84.818746E+0
119	20.000000E+0	10.900349E+0	10.900349E+0	84.818746E+0
120	20.000000E+0	10.900349E+0	10.900349E+0	84.818746E+0
121	20.000000E+0	10.900349E+0	10.900349E+0	84.818746E+0
122	-20.000000E+0	8.975612E+0	8.975612E+0	84.016776E+0
123	-20.000000E+0	8.975612E+0	8.975612E+0	84.016776E+0
124	-20.000000E+0	8.975612E+0	8.975612E+0	84.016776E+0
125	-20.000000E+0	8.975612E+0	8.975612E+0	84.016776E+0
126	-20.000000E+0	6.531585E+0	6.531585E+0	83.855721E+0
127	-20.000000E+0	6.531585E+0	6.531585E+0	83.855721E+0
128	-20.000000E+0	6.531585E+0	6.531585E+0	83.855721E+0
129	-20.000000E+0	6.531585E+0	6.531585E+0	83.855721E+0
130	-20.000000E+0	5.327536E+0	5.327536E+0	80.446460E+0
131	-20.000000E+0	5.327536E+0	5.327536E+0	80.446460E+0
132	-20.000000E+0	5.327536E+0	5.327536E+0	80.446460E+0
133	-20.000000E+0	5.327536E+0	5.327536E+0	80.446460E+0
134	-20.000000E+0	5.998622E+0	5.998622E+0	80.699395E+0
135	-20.000000E+0	5.998622E+0	5.998622E+0	80.699395E+0
136	-20.000000E+0	5.998622E+0	5.998622E+0	80.699395E+0
137	-20.000000E+0	5.998622E+0	5.998622E+0	80.699395E+0
138	-20.000000E+0	8.473738E+0	8.473738E+0	79.433204E+0
139	-20.000000E+0	8.473738E+0	8.473738E+0	79.433204E+0
140	-20.000000E+0	8.473738E+0	8.473738E+0	79.433204E+0
141	-20.000000E+0	8.473738E+0	8.473738E+0	79.433204E+0
142	-20.000000E+0	11.685850E+0	11.685850E+0	75.696513E+0
143	20.000000E+0	11.685850E+0	11.685850E+0	75.696513E+0
144	20.000000E+0	11.685850E+0	11.685850E+0	75.696513E+0
145	20.000000E+0	11.685850E+0	11.685850E+0	75.696513E+0
146	20.000000E+0	14.793240E+0	14.793240E+0	76.824571E+0
147	20.000000E+0	14.793240E+0	14.793240E+0	76.824571E+0
148	20.000000E+0	14.793240E+0	14.793240E+0	76.824571E+0
149	20.000000E+0	14.793240E+0	14.793240E+0	76.824571E+0
150	20.000000E+0	17.646132E+0	17.646132E+0	75.737350E+0
151	20.000000E+0	17.646132E+0	17.646132E+0	75.737350E+0
152	20.000000E+0	17.646132E+0	17.646132E+0	75.737350E+0
153	20.000000E+0	17.646132E+0	17.646132E+0	75.737350E+0
154	20.000000E+0	18.390483E+0	18.390483E+0	77.183551E+0
155	20.000000E+0	18.390483E+0	18.390483E+0	77.183551E+0
156	20.000000E+0	18.390483E+0	18.390483E+0	77.183551E+0
157	20.000000E+0	18.390483E+0	18.390483E+0	77.183551E+0
158	20.000000E+0	17.662612E+0	17.662612E+0	77.938032E+0
159	20.000000E+0	17.662612E+0	17.662612E+0	77.938032E+0
160	20.000000E+0	17.662612E+0	17.662612E+0	77.938032E+0
161	20.000000E+0	17.662612E+0	17.662612E+0	77.938032E+0
162	-20.000000E+0	15.996826E+0	15.996826E+0	77.790144E+0
163	-20.000000E+0	15.996826E+0	15.996826E+0	77.790144E+0
164	-20.000000E+0	15.996826E+0	15.996826E+0	77.790144E+0
165	-20.000000E+0	15.996826E+0	15.996826E+0	77.790144E+0
166	-20.000000E+0	13.711473E+0	13.711473E+0	72.372632E+0
167	-20.000000E+0	13.711473E+0	13.711473E+0	72.372632E+0
168	-20.000000E+0	13.711473E+0	13.711473E+0	72.372632E+0
169	-20.000000E+0	13.711473E+0	13.711473E+0	72.372632E+0
170	-20.000000E+0	12.673807E+0	12.673807E+0	77.187631E+0
171	-20.000000E+0	12.673807E+0	12.673807E+0	77.187631E+0
172	-20.000000E+0	12.673807E+0	12.673807E+0	77.187631E+0
173	-20.000000E+0	12.673807E+0	12.673807E+0	77.187631E+0
174	-20.000000E+0	14.254682E+0	14.254682E+0	80.981153E+0
175	-20.000000E+0	14.254682E+0	14.254682E+0	80.981153E+0
176	-20.000000E+0	14.254682E+0	14.254682E+0	80.981153E+0
177	-20.000000E+0	14.254682E+0	14.254682E+0	80.981153E+0
178	-20.000000E+0	17.209433E+0	17.209433E+0	82.283279E+0
179	-20.000000E+0	17.209433E+0	17.209433E+0	82.283279E+0
180	-20.000000E+0	17.209433E+0	17.209433E+0	82.283279E+0
181	-20.000000E+0	17.209433E+0	17.209433E+0	82.283279E+0
182	20.000000E+0	17.209433E+0	17.209433E+0	82.283279E+0
183	20.000000E+0	20.405913E+0	20.405913E+0	82.437127E+0
184	20.000000E+0	20.405913E+0	20.405913E+0	82.437127E+0
185	20.000000E+0	20.405913E+0	20.405913E+0	82.437127E+0
186	20.000000E+0	23.727347E+0	23.727347E+0	80.393589E+0
187	20.000000E+0	23.727347E+0	23.727347E+0	80.393589E+0
188	20.000000E+0	23.727347E+0	23.727347E+0	80.393589E+0
189	20.000000E+0	23.727347E+0	23.727347E+0	80.393589E+0
190	20.000000E+0	23.727347E+0	23.727347E+0	80.393589E+0
191	20.000000E+0	27.688430E+0	27.688430E+0	77.863709E+0
192	20.000000E+0	27.688430E+0	27.688430E+0	77.863709E+0
193	20.000000E+0	27.688430E+0	27.688430E+0	77.863709E+0
194	20.000000E+0	28.414907E+0	28.414907E+0	80.283970E+0
195	20.000000E+0	28.414907E+0	28.414907E+0	80.283970E+0
196	20.000000E+0	28.414907E+0	28.414907E+0	80.283970E+0
197	20.000000E+0	28.414907E+0	28.414907E+0	80.283970E+0
198	20.000000E+0	27.644573E+0	27.644573E+0	80.050489E+0
199	20.000000E+0	27.644573E+0	27.644573E+0	80.050489E+0
200	20.000000E+0	27.644573E+0	27.644573E+0	80.050489E+0
201	20.000000E+0	27.644573E+0	27.644573E+0	80.050489E+0
202	-20.000000E+0	25.897622E+0	25.897622E+0	81.705153E+0
203	-20.000000E+0	25.897622E+0	25.897622E+0	81.705153E+0
204	-20.000000E+0	25.897622E+0	25.897622E+0	81.705153E+0
205	-20.000000E+0	25.897622E+0	25.897622E+0	81.705153E+0
206	-20.000000E+0	25.897622E+0	25.897622E+0	81.705153E+0
207	-20.000000E+0	23.612798E+0	23.612798E+0	81.309276E+0
208	-20.000000E+0	23.612798E+0	23.612798E+0	81.309276E+0
209	-20.000000E+0	23.612798E+0	23.612798E+0	81.309276E+0
210	-20.000000E+0	21.605294E+0	21.605294E+0	81.636588E+0
211	-20.000000E+0	21.605294E+0	21.605294E+0	81.636588E+0
212	-20.000000E+0	21.605294E+0	21.605294E+0	81.636588E+0
213	-20.000000E+0	21.605294E+0	21.605294E+0	81.636588E+0
214	-20.000000E+0	21.605294E+0	21.605294E+0	81.636588E+0
215	-20.000000E+0	22.871857E+0	22.871857E+0	85.957902E+0
216	-20.000000E+0	22.871857E+0	22.871857E+0	85.957902E+0
217	-20.000000E+0	22.871857E+0	22.871857E+0	85.957902E+0
218	-20.000000E+0	22.871857E+0	22.871857E+0	85.957902E+0
219	-20.000000E+0	25.518288E+0	25.518288E+0	88.479312E+0
220	-20.000000E+0	25.518288E+0	25.518288E+0	88.479312E+0
221	-20.000000E+0	25.518288E+0	25.518288E+0	88.479312E+0
222	20.000000E+0	25.518288E+0	25.518288E+0	88.479312E+0
223	20.000000E+0	28.461923E+0	28.461923E+0	85.732651E+0
224	20.000000E+0	28.461923E+0	28.461923E+0	85.732651E+0
225	20.000000E+0	28.461923E+0	28.461923E+0	85.732651E+0
226	20.000000E+0	28.461923E+0	28.461923E+0	85.732651E+0
227	20.000000E+0	31.655066E+0	31.655066E+0	82.332962E+0
228	20.000000E+0	31.655066E+0	31.655066E+0	82.332962E+0
229	20.000000E+0	31.655066E+0	31.655066E+0	82.332962E+0
230	20.000000E+0	31.655066E+0	31.655066E+0	82.332962E+0
231	20.000000E+0	36.933876E+0	36.933876E+0	81.799637E+0
232	20.000000E+0	36.933876E+0	36.933876E+0	81.799637E+0
233	20.000000E+0	36.933876E+0	36.933876E+0	81.799637E+0
234	20.000000E+0	36.933876E+0	36.933876E+0	81.799637E+0
235	20.000000E+0	37.635096E+0	37.635096E+0	85.991449E+0
236	20.000000E+0	37.635096E+0	37.635096E+0	85.991449E+0
237	20.000000E+0	37.635096E+0	37.635096E+0	85.991449E+0
238	20.000000E+0	37.635096E+0	37.635096E+0	85.991449E+0
239	20.000000E+0	36.898312E+0	36.898312E+0	85.565890E+0
240	20.000000E+0	36.898312E+0	36.898312E+0	85.565890E+0
241	20.000000E+0	36.898312E+0	36.898312E+0	85.565890E+0
242	20.000000E+0	36.898312E+0	36.898312E+0	85.565890E+0
243	-20.000000E+0	35.242704E+0	35.242704E+0	83.418956E+0
244	-20.000000E+0	35.242704E+0	35.242704E+0	83.418956E+0
245	-20.000000E+0	35.242704E+0	35.242704E+0	83.418956E+0
246	-20.000000E+0	35.242704E+0	35.242704E+0	83.418956E+0
247	-20.000000E+0	32.910156E+0	32.910156E+0	80.928604E+0
248	-20.000000E+0	32.910156E+0	32.910156E+0	80.928604E+0
249	-20.000000E+0	32.910156E+0	32.910156E+0	80.928604E+0
250	-20.000000E+0	32.910156E+0	32.910156E+0	80.928604E+0
251	-20.000000E+0	30.037195E+0	30.037195E+0	81.715594E+0
252	-20.000000E+0	30.037195E+0	30.037195E+0	81.715594E+0
253	-20.000000E+0	30.037195E+0	30.037195E+0	81.715594E+0
254	-20.000000E+0	30.037195E+0	30.037195E+0	81.715594E+0
255	-20.000000E+0	31.629711E+0	31.629711E+0	84.968789E+0
256	-20.000000E+0	31.629711E+0	31.629711E+0	84.968789E+0
257	-20.000000E+0	31.629711E+0	31.629711E+0	84.968789E+0
258	-20.000000E+0	31.629711E+0	31.629711E+0	84.968789E+0
259	-20.000000E+0	34.289062E+0	34.289062E+0	88.915375E+0
260	-20.000000E+0	34.289062E+0	34.289062E+0	88.915375E+0
261	-20.000000E+0	34.289062E+0	34.289062E+0	88.915375E+0
262	20.000000E+0	34.289062E+0	34.289062E+0	88.915375E+0
263	20.000000E+0	37.070282E+0	37.070282E+0	84.080139E+0
264	20.000000E+0	37.070282E+0	37.070282E+0	84.080139E+0
265	20.000000E+0	37.070282E+0	37.070282E+0	84.080139E+0
266	20.000000E+0	37.070282E+0	37.070282E+0	84.080139E+0
267	20.000000E+0	37.213981E+0	37.213981E+0	78.030922E+0
268	20.000000E+0	37.213981E+0	37.213981E+0	78.030922E+0
269	20.000000E+0	37.213981E+0	37.213981E+0	78.030922E+0
270	20.000000E+0	37.213981E+0	37.213981E+0	78.030922E+0
271	20.000000E+0	37.472543E+0	37.472543E+0	74.465438E+0
272	20.000000E+0	37.472543E+0	37.472543E+0	74.465438E+0
273	20.000000E+0	37.472543E+0	37.472543E+0	74.465438E+0
274	20.000000E+0	38.042758E+0	38.042758E+0	91.414412E+0
275	20.000000E+0	38.042758E+0	38.042758E+0	91.414412E+0
276	20.000000E+0	38.042758E+0	38.042758E+0	91.414412E+0
277	20.000000E+0	38.042758E+0	38.042758E+0	91.414412E+0
278	20.000000E+0	38.042758E+0	38.042758E+0	91.414412E+0
279	20.000000E+0	36.120167E+0	36.120167E+0	81.692919E+0
280	20.000000E+0	36.120167E+0	36.120167E+0	81.692919E+0
281	20.000000E+0	36.120167E+0	36.120167E+0	81.692919E+0
282	-20.000000E+0	36.120167E+0	36.120167E+0	81.692919E+0
283	-20.000000E+0	33.617134E+0	33.617134E+0	75.909306E+0
284	-20.000000E+0	33.617134E+0	33.617134E+0	75.909306E+0
285	-20.000000E+0	33.617134E+0	33.617134E+0	75.909306E+0
286	-20.000000E+0	33.617134E+0	33.617134E+0	75.909306E+0
287	-20.000000E+0	30.739498E+0	30.739498E+0	80.243364E+0
288	-20.000000E+0	30.739498E+0	30.739498E+0	80.243364E+0
289	-20.000000E+0	30.739498E+0	30.739498E+0	80.243364E+0
290	-20.000000E+0	30.739498E+0	30.739498E+0	80.243364E+0
291	-20.000000E+0	28.195065E+0	28.195065E+0	81.503653E+0
292	-20.000000E+0	28.195065E+0	28.195065E+0	81.503653E+0
293	-20.000000E+0	28.195065E+0	28.195065E+0	81.503653E+0
294	-20.000000E+0	28.195065E+0	28.195065E+0	81.503653E+0
295	-20.000000E+0	29.635027E+0	29.635027E+0	78.079168E+0
296	-20.000000E+0	29.635027E+0	29.635027E+0	78.079168E+0
297	-20.000000E+0	29.635027E+0	29.635027E+0	78.079168E+0
298	-20.000000E+0	29.635027E+0	29.635027E+0	78.079168E+0
299	-20.000000E+0	32.327905E+0	32.327905E+0	80.542705E+0
300	-20.000000E+0	32.327905E+0	32.327905E+0	80.542705E+0
301	-20.000000E+0	32.327905E+0	32.327905E+0	80.542705E+0
302	20.000000E+0	32.327905E+0	32.327905E+0	80.542705E+0
303	20.000000E+0	35.270119E+0	35.270119E+0	81.783681E+0
304	20.000000E+0	35.270119E+0	35.270119E+0	81.783681E+0
305	20.000000E+0	35.270119E+0	35.270119E+0	81.783681E+0
306	20.000000E+0	35.270119E+0	35.270119E+0	81.783681E+0
307	20.000000E+0	37.254238E+0	37.254238E+0	80.147247E+0
308	20.000000E+0	37.254238E+0	37.254238E+0	80.147247E+0
309	20.000000E+0	37.254238E+0	37.254238E+0	80.147247E+0
310	20.000000E+0	37.254238E+0	37.254238E+0	80.147247E+0
311	20.000000E+0	-36.001613E+0	-36.001613E+0	87.000000E+0
312	20.000000E+0	-36.001613E+0	-36.001613E+0	87.000000E+0
313	20.000000E+0	-36.001613E+0	-36.001613E+0	87.000000E+0
314	20.000000E+0	-36.001613E+0	-36.001613E+0	87.000000E+0
315	20.000000E+0	38.755615E+0	38.755615E+0	80.619318E+0
316	20.000000E+0	38.755615E+0	38.755615E+0	80.619318E+0
317	20.000000E+0	38.755615E+0	38.755615E+0	80.619318E+0
318	20.000000E+0	38.755615E+0	38.755615E+0	80.619318E+0
319	20.000000E+0	38.079275E+0	38.079275E+0	83.931138E+0
320	20.000000E+0	38.079275E+0	38.079275E+0	83.931138E+0
321	20.000000E+0	38.079275E+0	38.079275E+0	83.931138E+0
322	-20.000000E+0	38.079275E+0	38.079275E+0	83.931138E+0
323	-20.000000E+0	36.298915E+0	36.298915E+0	83.837279E+0
324	-20.000000E+0	36.298915E+0	36.298915E+0	83.837279E+0
325	-20.000000E+0	36.298915E+0	36.298915E+0	83.837279E+0
326	-20.000000E+0	36.298915E+0	36.298915E+0	83.837279E+0
327	-20.000000E+0	33.583422E+0	33.583422E+0	80.629103E+0
328	-20.000000E+0	33.583422E+0	33.583422E+0	80.629103E+0
329	-20.000000E+0	33.583422E+0	33.583422E+0	80.629103E+0
330	-20.000000E+0	33.583422E+0	33.583422E+0	80.629103E+0
331	-20.000000E+0	31.070940E+0	31.070940E+0	81.525544E+0
332	-20.000000E+0	31.070940E+0	31.070940E+0	81.525544E+0
333	-20.000000E+0	31.070940E+0	31.070940E+0	81.525544E+0
334	-20.000000E+0	31.070940E+0	31.070940E+0	81.525544E+0
335	-20.000000E+0	32.799495E+0	32.799495E+0	84.526107E+0
336	-20.000000E+0	32.799495E+0	32.799495E+0	84.526107E+0
337	-20.000000E+0	32.799495E+0	32.799495E+0	84.526107E+0
338	-20.000000E+0	32.799495E+0	32.799495E+0	84.526107E+0
339	-20.000000E+0	35.462710E+0	35.462710E+0	86.073077E+0
340	-20.000000E+0	35.462710E+0	35.462710E+0	86.073077E+0
341	-20.000000E+0	35.462710E+0	35.462710E+0	86.073077E+0
342	-20.000000E+0	35.462710E+0	35.462710E+0	86.073077E+0
343	20.000000E+0	36.565128E+0	36.565128E+0	83.595189E+0
344	20.000000E+0	36.565128E+0	36.565128E+0	83.595189E+0
345	20.000000E+0	36.565128E+0	36.565128E+0	83.595189E+0
346	20.000000E+0	36.565128E+0	36.565128E+0	83.595189E+0
347	20.000000E+0	37.693167E+0	37.693167E+0	79.196160E+0
348	20.000000E+0	37.693167E+0	37.693167E+0	79.196160E+0
349	20.000000E+0	37.693167E+0	37.693167E+0	79.196160E+0
350	20.000000E+0	37.693167E+0	37.693167E+0	79.196160E+0
351	20.000000E+0	38.249499E+0	38.249499E+0	88.534483E+0
352	20.000000E+0	38.249499E+0	38.249499E+0	88.534483E+0
353	20.000000E+0	38.249499E+0	38.249499E+0	88.534483E+0
354	20.000000E+0	38.249499E+0	38.249499E+0	88.534483E+0
355	20.000000E+0	37.980720E+0	37.980720E+0	82.229986E+0
356	20.000000E+0	37.980720E+0	37.980720E+0	82.229986E+0
357	20.000000E+0	37.980720E+0	37.980720E+0	82.229986E+0
358	20.000000E+0	37.980720E+0	37.980720E+0	82.229986E+0
359	20.000000E+0	35.489908E+0	35.489908E+0	81.124127E+0
360	20.000000E+0	35.489908E+0	35.489908E+0	81.124127E+0
361	20.000000E+0	35.489908E+0	35.489908E+0	81.124127E+0
362	-20.000000E+0	35.489908E+0	35.489908E+0	81.124127E+0
363	-20.000000E+0	33.577529E+0	33.577529E+0	78.250577E+0
364	-20.000000E+0	33.577529E+0	33.577529E+0	78.250577E+0
365	-20.000000E+0	33.577529E+0	33.577529E+0	78.250577E+0
366	-20.000000E+0	33.577529E+0	33.577529E+0	78.250577E+0
367	-20.000000E+0	31.009553E+0	31.009553E+0	76.052335E+0
368	-20.000000E+0	31.009553E+0	31.009553E+0	76.052335E+0
369	-20.000000E+0	31.009553E+0	31.009553E+0	76.052335E+0
370	-20.000000E+0	31.009553E+0	31.009553E+0	76.052335E+0
371	-20.000000E+0	31.009553E+0	31.009553E+0	76.052335E+0
372	-20.000000E+0	29.070792E+0	29.070792E+0	81.429364E+0
373	-20.000000E+0	29.070792E+0	29.070792E+0	81.429364E+0
374	-20.000000E+0	29.070792E+0	29.070792E+0	81.429364E+0
375	-20.000000E+0	30.891766E+0	30.891766E+0	80.916667E+0
376	-20.000000E+0	30.891766E+0	30.891766E+0	80.916667E+0
377	-20.000000E+0	30.891766E+0	30.891766E+0	80.916667E+0
378	-20.000000E+0	30.891766E+0	30.891766E+0	80.916667E+0
379	-20.000000E+0	33.700834E+0	33.700834E+0	82.579898E+0
380	-20.000000E+0	33.700834E+0	33.700834E+0	82.579898E+0
381	-20.000000E+0	33.700834E+0	33.700834E+0	82.579898E+0
382	-20.000000E+0	33.700834E+0	33.700834E+0	82.579898E+0
383	20.000000E+0	36.781498E+0	36.781498E+0	83.901408E+0
384	20.000000E+0	36.781498E+0	36.781498E+0	83.901408E+0
385	20.000000E+0	36.781498E+0	36.781498E+0	83.901408E+0
