vendredi 21 février 2020	10:01:57	Sampling Period : 50  ms		Free control

t	I1	I2	Alpha1	Alpha2	x	y	dotx	doty
0	0.000000E+0	38.121150E+0	38.121150E+0	83.064790E+0
1	0.000000E+0	38.121150E+0	38.121150E+0	83.064790E+0
2	0.000000E+0	38.126844E+0	38.126844E+0	82.912327E+0
3	0.000000E+0	38.126844E+0	38.126844E+0	82.912327E+0
4	0.000000E+0	38.126844E+0	38.126844E+0	82.912327E+0
5	0.000000E+0	38.126844E+0	38.126844E+0	82.912327E+0
6	0.000000E+0	38.125518E+0	38.125518E+0	82.562963E+0
7	0.000000E+0	38.125518E+0	38.125518E+0	82.562963E+0
8	0.000000E+0	38.125518E+0	38.125518E+0	82.562963E+0
9	0.000000E+0	38.125518E+0	38.125518E+0	82.562963E+0
10	0.000000E+0	38.120526E+0	38.120526E+0	82.501176E+0
11	0.000000E+0	38.120526E+0	38.120526E+0	82.501176E+0
12	0.000000E+0	38.120526E+0	38.120526E+0	82.501176E+0
13	7.000000E+0	38.120526E+0	38.120526E+0	82.501176E+0
14	7.000000E+0	38.129711E+0	38.129711E+0	82.456062E+0
15	7.000000E+0	38.129711E+0	38.129711E+0	82.456062E+0
16	7.000000E+0	38.129711E+0	38.129711E+0	82.456062E+0
17	7.000000E+0	38.129711E+0	38.129711E+0	82.456062E+0
18	7.000000E+0	38.240856E+0	38.240856E+0	81.797711E+0
19	7.000000E+0	38.240856E+0	38.240856E+0	81.797711E+0
20	7.000000E+0	38.240856E+0	38.240856E+0	81.797711E+0
21	7.000000E+0	38.240856E+0	38.240856E+0	81.797711E+0
22	7.000000E+0	38.288249E+0	38.288249E+0	82.498239E+0
23	7.000000E+0	38.288249E+0	38.288249E+0	82.498239E+0
24	7.000000E+0	38.288249E+0	38.288249E+0	82.498239E+0
25	7.000000E+0	38.288249E+0	38.288249E+0	82.498239E+0
26	7.000000E+0	38.250370E+0	38.250370E+0	83.388968E+0
27	7.000000E+0	38.250370E+0	38.250370E+0	83.388968E+0
28	7.000000E+0	38.250370E+0	38.250370E+0	83.388968E+0
29	7.000000E+0	38.250370E+0	38.250370E+0	83.388968E+0
30	7.000000E+0	38.301879E+0	38.301879E+0	83.858571E+0
31	7.000000E+0	38.301879E+0	38.301879E+0	83.858571E+0
32	7.000000E+0	38.301879E+0	38.301879E+0	83.858571E+0
33	7.000000E+0	38.301879E+0	38.301879E+0	83.858571E+0
34	7.000000E+0	38.314617E+0	38.314617E+0	84.402206E+0
35	7.000000E+0	38.314617E+0	38.314617E+0	84.402206E+0
36	7.000000E+0	38.314617E+0	38.314617E+0	84.402206E+0
37	7.000000E+0	38.314617E+0	38.314617E+0	84.402206E+0
38	7.000000E+0	38.317594E+0	38.317594E+0	84.608410E+0
39	7.000000E+0	38.317594E+0	38.317594E+0	84.608410E+0
40	7.000000E+0	38.317594E+0	38.317594E+0	84.608410E+0
41	7.000000E+0	38.317594E+0	38.317594E+0	84.608410E+0
42	7.000000E+0	38.315340E+0	38.315340E+0	84.872900E+0
43	7.000000E+0	38.315340E+0	38.315340E+0	84.872900E+0
44	7.000000E+0	38.315340E+0	38.315340E+0	84.872900E+0
45	7.000000E+0	38.315340E+0	38.315340E+0	84.872900E+0
46	7.000000E+0	38.323408E+0	38.323408E+0	84.236551E+0
47	7.000000E+0	38.323408E+0	38.323408E+0	84.236551E+0
48	7.000000E+0	38.323408E+0	38.323408E+0	84.236551E+0
49	7.000000E+0	38.323408E+0	38.323408E+0	84.236551E+0
50	7.000000E+0	38.319862E+0	38.319862E+0	84.201260E+0
51	7.000000E+0	38.319862E+0	38.319862E+0	84.201260E+0
52	7.000000E+0	38.319862E+0	38.319862E+0	84.201260E+0
53	7.000000E+0	38.319862E+0	38.319862E+0	84.201260E+0
54	7.000000E+0	38.314005E+0	38.314005E+0	83.927160E+0
55	7.000000E+0	38.314005E+0	38.314005E+0	83.927160E+0
56	7.000000E+0	38.314005E+0	38.314005E+0	83.927160E+0
57	7.000000E+0	38.314005E+0	38.314005E+0	83.927160E+0
58	7.000000E+0	38.316936E+0	38.316936E+0	83.398899E+0
59	7.000000E+0	38.316936E+0	38.316936E+0	83.398899E+0
60	7.000000E+0	38.316936E+0	38.316936E+0	83.398899E+0
61	7.000000E+0	38.316936E+0	38.316936E+0	83.398899E+0
62	7.000000E+0	38.316181E+0	38.316181E+0	82.791422E+0
63	7.000000E+0	38.316181E+0	38.316181E+0	82.791422E+0
64	7.000000E+0	38.316181E+0	38.316181E+0	82.791422E+0
65	7.000000E+0	38.316181E+0	38.316181E+0	82.791422E+0
66	7.000000E+0	38.307981E+0	38.307981E+0	82.756932E+0
67	7.000000E+0	38.307981E+0	38.307981E+0	82.756932E+0
68	7.000000E+0	38.307981E+0	38.307981E+0	82.756932E+0
69	7.000000E+0	38.307981E+0	38.307981E+0	82.756932E+0
70	7.000000E+0	38.312777E+0	38.312777E+0	81.852000E+0
71	7.000000E+0	38.312777E+0	38.312777E+0	81.852000E+0
72	7.000000E+0	38.312777E+0	38.312777E+0	81.852000E+0
73	7.000000E+0	38.312777E+0	38.312777E+0	81.852000E+0
74	7.000000E+0	38.315628E+0	38.315628E+0	81.868507E+0
75	7.000000E+0	38.315628E+0	38.315628E+0	81.868507E+0
76	7.000000E+0	38.315628E+0	38.315628E+0	81.868507E+0
77	7.000000E+0	38.315628E+0	38.315628E+0	81.868507E+0
78	7.000000E+0	38.315968E+0	38.315968E+0	81.809715E+0
79	7.000000E+0	38.315968E+0	38.315968E+0	81.809715E+0
80	7.000000E+0	38.315968E+0	38.315968E+0	81.809715E+0
81	7.000000E+0	38.315968E+0	38.315968E+0	81.809715E+0
82	7.000000E+0	38.342481E+0	38.342481E+0	81.343431E+0
83	7.000000E+0	38.342481E+0	38.342481E+0	81.343431E+0
84	7.000000E+0	38.342481E+0	38.342481E+0	81.343431E+0
85	7.000000E+0	38.342481E+0	38.342481E+0	81.343431E+0
86	7.000000E+0	38.352435E+0	38.352435E+0	81.332039E+0
87	7.000000E+0	38.352435E+0	38.352435E+0	81.332039E+0
88	7.000000E+0	38.352435E+0	38.352435E+0	81.332039E+0
89	7.000000E+0	38.352435E+0	38.352435E+0	81.332039E+0
90	7.000000E+0	38.375388E+0	38.375388E+0	81.606012E+0
91	7.000000E+0	38.375388E+0	38.375388E+0	81.606012E+0
92	7.000000E+0	38.375388E+0	38.375388E+0	81.606012E+0
93	27.000000E+0	38.375388E+0	38.375388E+0	81.606012E+0
94	27.000000E+0	38.375388E+0	38.375388E+0	81.606012E+0
95	27.000000E+0	38.380407E+0	38.380407E+0	82.142800E+0
96	27.000000E+0	38.380407E+0	38.380407E+0	82.142800E+0
97	27.000000E+0	38.380407E+0	38.380407E+0	82.142800E+0
98	27.000000E+0	38.810064E+0	38.810064E+0	74.192201E+0
99	27.000000E+0	38.810064E+0	38.810064E+0	74.192201E+0
100	27.000000E+0	38.810064E+0	38.810064E+0	74.192201E+0
101	27.000000E+0	38.810064E+0	38.810064E+0	74.192201E+0
102	27.000000E+0	38.810064E+0	38.810064E+0	74.192201E+0
103	27.000000E+0	38.437281E+0	38.437281E+0	85.180542E+0
104	27.000000E+0	38.437281E+0	38.437281E+0	85.180542E+0
105	27.000000E+0	38.437281E+0	38.437281E+0	85.180542E+0
106	27.000000E+0	36.389196E+0	36.389196E+0	88.850478E+0
107	27.000000E+0	36.389196E+0	36.389196E+0	88.850478E+0
108	27.000000E+0	36.389196E+0	36.389196E+0	88.850478E+0
109	27.000000E+0	36.389196E+0	36.389196E+0	88.850478E+0
110	27.000000E+0	33.450687E+0	33.450687E+0	87.954931E+0
111	27.000000E+0	33.450687E+0	33.450687E+0	87.954931E+0
112	27.000000E+0	33.450687E+0	33.450687E+0	87.954931E+0
113	27.000000E+0	33.450687E+0	33.450687E+0	87.954931E+0
114	27.000000E+0	30.157126E+0	30.157126E+0	86.082076E+0
115	27.000000E+0	30.157126E+0	30.157126E+0	86.082076E+0
116	27.000000E+0	30.157126E+0	30.157126E+0	86.082076E+0
117	27.000000E+0	30.157126E+0	30.157126E+0	86.082076E+0
118	27.000000E+0	26.964179E+0	26.964179E+0	89.095708E+0
119	27.000000E+0	26.964179E+0	26.964179E+0	89.095708E+0
120	27.000000E+0	26.964179E+0	26.964179E+0	89.095708E+0
121	27.000000E+0	26.964179E+0	26.964179E+0	89.095708E+0
122	27.000000E+0	24.013392E+0	24.013392E+0	86.540793E+0
123	27.000000E+0	24.013392E+0	24.013392E+0	86.540793E+0
124	27.000000E+0	24.013392E+0	24.013392E+0	86.540793E+0
125	27.000000E+0	24.013392E+0	24.013392E+0	86.540793E+0
126	27.000000E+0	20.779303E+0	20.779303E+0	85.357401E+0
127	27.000000E+0	20.779303E+0	20.779303E+0	85.357401E+0
128	27.000000E+0	20.779303E+0	20.779303E+0	85.357401E+0
129	27.000000E+0	20.779303E+0	20.779303E+0	85.357401E+0
130	27.000000E+0	17.605292E+0	17.605292E+0	86.113625E+0
131	27.000000E+0	17.605292E+0	17.605292E+0	86.113625E+0
132	27.000000E+0	17.605292E+0	17.605292E+0	86.113625E+0
133	27.000000E+0	17.605292E+0	17.605292E+0	86.113625E+0
134	27.000000E+0	17.605292E+0	17.605292E+0	86.113625E+0
135	27.000000E+0	14.675803E+0	14.675803E+0	86.668977E+0
136	27.000000E+0	14.675803E+0	14.675803E+0	86.668977E+0
137	27.000000E+0	14.675803E+0	14.675803E+0	86.668977E+0
138	27.000000E+0	14.675803E+0	14.675803E+0	86.668977E+0
139	27.000000E+0	11.605453E+0	11.605453E+0	87.027660E+0
140	27.000000E+0	11.605453E+0	11.605453E+0	87.027660E+0
141	27.000000E+0	11.605453E+0	11.605453E+0	87.027660E+0
142	27.000000E+0	8.759186E+0	8.759186E+0	87.573739E+0
143	27.000000E+0	8.759186E+0	8.759186E+0	87.573739E+0
144	27.000000E+0	8.759186E+0	8.759186E+0	87.573739E+0
145	27.000000E+0	8.759186E+0	8.759186E+0	87.573739E+0
146	27.000000E+0	8.759186E+0	8.759186E+0	87.573739E+0
147	27.000000E+0	5.844708E+0	5.844708E+0	87.630845E+0
148	27.000000E+0	5.844708E+0	5.844708E+0	87.630845E+0
149	27.000000E+0	5.844708E+0	5.844708E+0	87.630845E+0
150	27.000000E+0	5.844708E+0	5.844708E+0	87.630845E+0
151	27.000000E+0	3.066538E+0	3.066538E+0	81.462690E+0
152	27.000000E+0	3.066538E+0	3.066538E+0	81.462690E+0
153	27.000000E+0	3.066538E+0	3.066538E+0	81.462690E+0
154	27.000000E+0	3.066538E+0	3.066538E+0	81.462690E+0
155	27.000000E+0	94.064481E-3	94.064481E-3	81.314063E+0
156	27.000000E+0	94.064481E-3	94.064481E-3	81.314063E+0
157	27.000000E+0	94.064481E-3	94.064481E-3	81.314063E+0
158	27.000000E+0	94.064481E-3	94.064481E-3	81.314063E+0
159	27.000000E+0	-2.784475E+0	-2.784475E+0	78.883054E+0
160	27.000000E+0	-2.784475E+0	-2.784475E+0	78.883054E+0
161	27.000000E+0	-2.784475E+0	-2.784475E+0	78.883054E+0
162	27.000000E+0	-2.784475E+0	-2.784475E+0	78.883054E+0
163	27.000000E+0	-5.672036E+0	-5.672036E+0	80.249937E+0
164	27.000000E+0	-5.672036E+0	-5.672036E+0	80.249937E+0
165	27.000000E+0	-5.672036E+0	-5.672036E+0	80.249937E+0
166	27.000000E+0	-5.672036E+0	-5.672036E+0	80.249937E+0
167	27.000000E+0	-8.637428E+0	-8.637428E+0	81.612322E+0
168	27.000000E+0	-8.637428E+0	-8.637428E+0	81.612322E+0
169	27.000000E+0	-8.637428E+0	-8.637428E+0	81.612322E+0
170	27.000000E+0	-11.443071E+0	-11.443071E+0	81.343808E+0
171	27.000000E+0	-11.443071E+0	-11.443071E+0	81.343808E+0
172	27.000000E+0	-11.443071E+0	-11.443071E+0	81.343808E+0
173	27.000000E+0	-11.443071E+0	-11.443071E+0	81.343808E+0
174	27.000000E+0	-11.443071E+0	-11.443071E+0	81.343808E+0
175	27.000000E+0	-14.311497E+0	-14.311497E+0	80.875665E+0
176	27.000000E+0	-14.311497E+0	-14.311497E+0	80.875665E+0
177	27.000000E+0	-14.311497E+0	-14.311497E+0	80.875665E+0
178	27.000000E+0	-17.268731E+0	-17.268731E+0	81.427050E+0
179	27.000000E+0	-17.268731E+0	-17.268731E+0	81.427050E+0
180	27.000000E+0	-17.268731E+0	-17.268731E+0	81.427050E+0
181	27.000000E+0	-17.268731E+0	-17.268731E+0	81.427050E+0
182	27.000000E+0	-17.268731E+0	-17.268731E+0	81.427050E+0
183	27.000000E+0	-20.119823E+0	-20.119823E+0	78.823510E+0
184	27.000000E+0	-20.119823E+0	-20.119823E+0	78.823510E+0
185	27.000000E+0	-20.119823E+0	-20.119823E+0	78.823510E+0
186	27.000000E+0	-20.119823E+0	-20.119823E+0	78.823510E+0
187	27.000000E+0	-22.971903E+0	-22.971903E+0	77.006054E+0
188	27.000000E+0	-22.971903E+0	-22.971903E+0	77.006054E+0
189	27.000000E+0	-22.971903E+0	-22.971903E+0	77.006054E+0
190	27.000000E+0	-22.971903E+0	-22.971903E+0	77.006054E+0
191	27.000000E+0	-25.867022E+0	-25.867022E+0	76.457451E+0
192	27.000000E+0	-25.867022E+0	-25.867022E+0	76.457451E+0
193	27.000000E+0	-25.867022E+0	-25.867022E+0	76.457451E+0
194	27.000000E+0	-25.867022E+0	-25.867022E+0	76.457451E+0
195	27.000000E+0	-28.566252E+0	-28.566252E+0	72.782916E+0
196	27.000000E+0	-28.566252E+0	-28.566252E+0	72.782916E+0
197	27.000000E+0	-28.566252E+0	-28.566252E+0	72.782916E+0
198	27.000000E+0	-28.566252E+0	-28.566252E+0	72.782916E+0
199	27.000000E+0	-31.256239E+0	-31.256239E+0	69.875000E+0
200	27.000000E+0	-31.256239E+0	-31.256239E+0	69.875000E+0
201	27.000000E+0	-31.256239E+0	-31.256239E+0	69.875000E+0
202	27.000000E+0	-31.256239E+0	-31.256239E+0	69.875000E+0
203	27.000000E+0	-30.704753E+0	-30.704753E+0	72.240948E+0
204	27.000000E+0	-30.704753E+0	-30.704753E+0	72.240948E+0
205	27.000000E+0	-30.704753E+0	-30.704753E+0	72.240948E+0
206	27.000000E+0	-30.704753E+0	-30.704753E+0	72.240948E+0
207	27.000000E+0	-31.183840E+0	-31.183840E+0	69.098266E+0
208	27.000000E+0	-31.183840E+0	-31.183840E+0	69.098266E+0
209	27.000000E+0	-31.183840E+0	-31.183840E+0	69.098266E+0
210	27.000000E+0	-31.183840E+0	-31.183840E+0	69.098266E+0
211	27.000000E+0	-31.258564E+0	-31.258564E+0	70.114533E+0
212	27.000000E+0	-31.258564E+0	-31.258564E+0	70.114533E+0
213	27.000000E+0	-31.258564E+0	-31.258564E+0	70.114533E+0
214	27.000000E+0	-31.258564E+0	-31.258564E+0	70.114533E+0
215	27.000000E+0	-31.318954E+0	-31.318954E+0	75.438435E+0
216	27.000000E+0	-31.318954E+0	-31.318954E+0	75.438435E+0
217	27.000000E+0	-31.318954E+0	-31.318954E+0	75.438435E+0
218	27.000000E+0	-31.318954E+0	-31.318954E+0	75.438435E+0
219	27.000000E+0	-31.317124E+0	-31.317124E+0	79.648464E+0
220	27.000000E+0	-31.317124E+0	-31.317124E+0	79.648464E+0
221	27.000000E+0	-31.317124E+0	-31.317124E+0	79.648464E+0
222	27.000000E+0	-31.317124E+0	-31.317124E+0	79.648464E+0
223	27.000000E+0	-31.280211E+0	-31.280211E+0	78.892768E+0
224	27.000000E+0	-31.280211E+0	-31.280211E+0	78.892768E+0
225	27.000000E+0	-31.280211E+0	-31.280211E+0	78.892768E+0
226	27.000000E+0	-31.280211E+0	-31.280211E+0	78.892768E+0
227	27.000000E+0	-31.321910E+0	-31.321910E+0	78.337979E+0
228	27.000000E+0	-31.321910E+0	-31.321910E+0	78.337979E+0
229	27.000000E+0	-31.321910E+0	-31.321910E+0	78.337979E+0
230	27.000000E+0	-31.321910E+0	-31.321910E+0	78.337979E+0
231	27.000000E+0	-31.349650E+0	-31.349650E+0	78.551991E+0
232	27.000000E+0	-31.349650E+0	-31.349650E+0	78.551991E+0
233	27.000000E+0	-31.349650E+0	-31.349650E+0	78.551991E+0
234	27.000000E+0	-31.349650E+0	-31.349650E+0	78.551991E+0
235	27.000000E+0	-31.375354E+0	-31.375354E+0	78.237379E+0
236	27.000000E+0	-31.375354E+0	-31.375354E+0	78.237379E+0
237	27.000000E+0	-31.375354E+0	-31.375354E+0	78.237379E+0
238	27.000000E+0	-31.375354E+0	-31.375354E+0	78.237379E+0
239	27.000000E+0	-31.365764E+0	-31.365764E+0	77.033543E+0
240	27.000000E+0	-31.365764E+0	-31.365764E+0	77.033543E+0
241	27.000000E+0	-31.365764E+0	-31.365764E+0	77.033543E+0
242	27.000000E+0	-31.365764E+0	-31.365764E+0	77.033543E+0
243	27.000000E+0	-31.384246E+0	-31.384246E+0	76.385254E+0
244	27.000000E+0	-31.384246E+0	-31.384246E+0	76.385254E+0
245	27.000000E+0	-31.384246E+0	-31.384246E+0	76.385254E+0
246	27.000000E+0	-31.384246E+0	-31.384246E+0	76.385254E+0
247	27.000000E+0	-31.378939E+0	-31.378939E+0	74.553608E+0
248	27.000000E+0	-31.378939E+0	-31.378939E+0	74.553608E+0
249	27.000000E+0	-31.378939E+0	-31.378939E+0	74.553608E+0
250	27.000000E+0	-31.378939E+0	-31.378939E+0	74.553608E+0
251	27.000000E+0	-31.409107E+0	-31.409107E+0	73.535922E+0
252	27.000000E+0	-31.409107E+0	-31.409107E+0	73.535922E+0
253	27.000000E+0	-31.409107E+0	-31.409107E+0	73.535922E+0
254	27.000000E+0	-31.409107E+0	-31.409107E+0	73.535922E+0
255	27.000000E+0	-31.387930E+0	-31.387930E+0	72.080402E+0
256	27.000000E+0	-31.387930E+0	-31.387930E+0	72.080402E+0
257	27.000000E+0	-31.387930E+0	-31.387930E+0	72.080402E+0
258	27.000000E+0	-31.387930E+0	-31.387930E+0	72.080402E+0
259	27.000000E+0	-31.370901E+0	-31.370901E+0	71.603715E+0
260	27.000000E+0	-31.370901E+0	-31.370901E+0	71.603715E+0
261	27.000000E+0	-31.370901E+0	-31.370901E+0	71.603715E+0
262	27.000000E+0	-31.370901E+0	-31.370901E+0	71.603715E+0
263	27.000000E+0	-31.339350E+0	-31.339350E+0	69.943133E+0
264	27.000000E+0	-31.339350E+0	-31.339350E+0	69.943133E+0
265	27.000000E+0	-31.339350E+0	-31.339350E+0	69.943133E+0
266	27.000000E+0	-31.339350E+0	-31.339350E+0	69.943133E+0
267	27.000000E+0	-31.345367E+0	-31.345367E+0	69.391906E+0
268	27.000000E+0	-31.345367E+0	-31.345367E+0	69.391906E+0
269	27.000000E+0	-31.345367E+0	-31.345367E+0	69.391906E+0
270	27.000000E+0	-31.345367E+0	-31.345367E+0	69.391906E+0
271	27.000000E+0	-31.345243E+0	-31.345243E+0	69.245503E+0
272	27.000000E+0	-31.345243E+0	-31.345243E+0	69.245503E+0
273	27.000000E+0	-31.345243E+0	-31.345243E+0	69.245503E+0
274	27.000000E+0	-31.345243E+0	-31.345243E+0	69.245503E+0
275	27.000000E+0	-31.323057E+0	-31.323057E+0	70.941111E+0
276	27.000000E+0	-31.323057E+0	-31.323057E+0	70.941111E+0
277	27.000000E+0	-31.323057E+0	-31.323057E+0	70.941111E+0
278	27.000000E+0	-31.323057E+0	-31.323057E+0	70.941111E+0
279	27.000000E+0	-31.335731E+0	-31.335731E+0	72.016667E+0
280	27.000000E+0	-31.335731E+0	-31.335731E+0	72.016667E+0
281	27.000000E+0	-31.335731E+0	-31.335731E+0	72.016667E+0
282	27.000000E+0	-31.335731E+0	-31.335731E+0	72.016667E+0
283	27.000000E+0	-31.341544E+0	-31.341544E+0	73.177156E+0
284	27.000000E+0	-31.341544E+0	-31.341544E+0	73.177156E+0
285	27.000000E+0	-31.341544E+0	-31.341544E+0	73.177156E+0
286	27.000000E+0	-31.341544E+0	-31.341544E+0	73.177156E+0
287	27.000000E+0	-31.320269E+0	-31.320269E+0	78.691477E+0
288	27.000000E+0	-31.320269E+0	-31.320269E+0	78.691477E+0
289	27.000000E+0	-31.320269E+0	-31.320269E+0	78.691477E+0
290	27.000000E+0	-31.320269E+0	-31.320269E+0	78.691477E+0
291	27.000000E+0	-31.341247E+0	-31.341247E+0	78.430478E+0
292	27.000000E+0	-31.341247E+0	-31.341247E+0	78.430478E+0
293	27.000000E+0	-31.341247E+0	-31.341247E+0	78.430478E+0
294	27.000000E+0	-31.341247E+0	-31.341247E+0	78.430478E+0
295	27.000000E+0	-31.355207E+0	-31.355207E+0	79.137303E+0
296	27.000000E+0	-31.355207E+0	-31.355207E+0	79.137303E+0
297	27.000000E+0	-31.355207E+0	-31.355207E+0	79.137303E+0
298	27.000000E+0	-31.355207E+0	-31.355207E+0	79.137303E+0
299	27.000000E+0	-31.369957E+0	-31.369957E+0	79.566627E+0
300	27.000000E+0	-31.369957E+0	-31.369957E+0	79.566627E+0
301	27.000000E+0	-31.369957E+0	-31.369957E+0	79.566627E+0
302	27.000000E+0	-31.369957E+0	-31.369957E+0	79.566627E+0
303	27.000000E+0	-31.336583E+0	-31.336583E+0	78.528492E+0
304	27.000000E+0	-31.336583E+0	-31.336583E+0	78.528492E+0
305	27.000000E+0	-31.336583E+0	-31.336583E+0	78.528492E+0
306	27.000000E+0	-31.336583E+0	-31.336583E+0	78.528492E+0
307	27.000000E+0	-31.377315E+0	-31.377315E+0	78.252356E+0
308	27.000000E+0	-31.377315E+0	-31.377315E+0	78.252356E+0
309	27.000000E+0	-31.377315E+0	-31.377315E+0	78.252356E+0
310	27.000000E+0	-31.377315E+0	-31.377315E+0	78.252356E+0
311	27.000000E+0	-31.379680E+0	-31.379680E+0	76.988530E+0
312	27.000000E+0	-31.379680E+0	-31.379680E+0	76.988530E+0
313	27.000000E+0	-31.379680E+0	-31.379680E+0	76.988530E+0
314	27.000000E+0	-31.379680E+0	-31.379680E+0	76.988530E+0
315	27.000000E+0	-31.400126E+0	-31.400126E+0	76.085805E+0
316	27.000000E+0	-31.400126E+0	-31.400126E+0	76.085805E+0
317	27.000000E+0	-31.400126E+0	-31.400126E+0	76.085805E+0
318	27.000000E+0	-31.400126E+0	-31.400126E+0	76.085805E+0
319	27.000000E+0	-31.376878E+0	-31.376878E+0	74.656863E+0
320	27.000000E+0	-31.376878E+0	-31.376878E+0	74.656863E+0
321	27.000000E+0	-31.376878E+0	-31.376878E+0	74.656863E+0
322	27.000000E+0	-31.376878E+0	-31.376878E+0	74.656863E+0
323	27.000000E+0	-31.376878E+0	-31.376878E+0	74.656863E+0
324	27.000000E+0	-31.426223E+0	-31.426223E+0	73.907721E+0
325	27.000000E+0	-31.426223E+0	-31.426223E+0	73.907721E+0
326	27.000000E+0	-31.426223E+0	-31.426223E+0	73.907721E+0
327	27.000000E+0	-31.426223E+0	-31.426223E+0	73.907721E+0
328	27.000000E+0	-31.408325E+0	-31.408325E+0	72.664712E+0
329	27.000000E+0	-31.408325E+0	-31.408325E+0	72.664712E+0
330	27.000000E+0	-31.408325E+0	-31.408325E+0	72.664712E+0
331	27.000000E+0	-31.448206E+0	-31.448206E+0	71.510532E+0
332	27.000000E+0	-31.448206E+0	-31.448206E+0	71.510532E+0
333	27.000000E+0	-31.448206E+0	-31.448206E+0	71.510532E+0
334	27.000000E+0	-31.448206E+0	-31.448206E+0	71.510532E+0
335	27.000000E+0	-31.425258E+0	-31.425258E+0	70.621290E+0
336	27.000000E+0	-31.425258E+0	-31.425258E+0	70.621290E+0
337	27.000000E+0	-31.425258E+0	-31.425258E+0	70.621290E+0
338	27.000000E+0	-31.425258E+0	-31.425258E+0	70.621290E+0
339	27.000000E+0	-31.413486E+0	-31.413486E+0	69.211538E+0
340	27.000000E+0	-31.413486E+0	-31.413486E+0	69.211538E+0
341	27.000000E+0	-31.413486E+0	-31.413486E+0	69.211538E+0
342	27.000000E+0	-31.413486E+0	-31.413486E+0	69.211538E+0
343	27.000000E+0	-31.413486E+0	-31.413486E+0	69.211538E+0
344	27.000000E+0	-31.424005E+0	-31.424005E+0	69.024972E+0
345	27.000000E+0	-31.424005E+0	-31.424005E+0	69.024972E+0
346	27.000000E+0	-31.424005E+0	-31.424005E+0	69.024972E+0
347	27.000000E+0	-31.429439E+0	-31.429439E+0	69.231270E+0
348	27.000000E+0	-31.429439E+0	-31.429439E+0	69.231270E+0
349	27.000000E+0	-31.429439E+0	-31.429439E+0	69.231270E+0
350	27.000000E+0	-31.429439E+0	-31.429439E+0	69.231270E+0
351	27.000000E+0	-31.390451E+0	-31.390451E+0	72.274175E+0
352	27.000000E+0	-31.390451E+0	-31.390451E+0	72.274175E+0
353	27.000000E+0	-31.390451E+0	-31.390451E+0	72.274175E+0
354	27.000000E+0	-31.390451E+0	-31.390451E+0	72.274175E+0
355	27.000000E+0	-31.391951E+0	-31.391951E+0	73.963700E+0
356	27.000000E+0	-31.391951E+0	-31.391951E+0	73.963700E+0
357	27.000000E+0	-31.391951E+0	-31.391951E+0	73.963700E+0
358	27.000000E+0	-31.391951E+0	-31.391951E+0	73.963700E+0
359	27.000000E+0	-31.372492E+0	-31.372492E+0	77.899676E+0
360	27.000000E+0	-31.372492E+0	-31.372492E+0	77.899676E+0
361	27.000000E+0	-31.372492E+0	-31.372492E+0	77.899676E+0
362	27.000000E+0	-31.372492E+0	-31.372492E+0	77.899676E+0
363	27.000000E+0	-31.391385E+0	-31.391385E+0	79.692588E+0
364	27.000000E+0	-31.391385E+0	-31.391385E+0	79.692588E+0
365	27.000000E+0	-31.391385E+0	-31.391385E+0	79.692588E+0
366	27.000000E+0	-31.391385E+0	-31.391385E+0	79.692588E+0
367	27.000000E+0	-31.399507E+0	-31.399507E+0	79.016092E+0
368	27.000000E+0	-31.399507E+0	-31.399507E+0	79.016092E+0
369	27.000000E+0	-31.399507E+0	-31.399507E+0	79.016092E+0
370	27.000000E+0	-31.399507E+0	-31.399507E+0	79.016092E+0
371	27.000000E+0	-31.399507E+0	-31.399507E+0	79.016092E+0
372	27.000000E+0	-31.408457E+0	-31.408457E+0	79.311991E+0
373	27.000000E+0	-31.408457E+0	-31.408457E+0	79.311991E+0
374	27.000000E+0	-31.408457E+0	-31.408457E+0	79.311991E+0
375	27.000000E+0	-31.408457E+0	-31.408457E+0	79.311991E+0
376	27.000000E+0	-31.437470E+0	-31.437470E+0	78.662736E+0
377	27.000000E+0	-31.437470E+0	-31.437470E+0	78.662736E+0
378	27.000000E+0	-31.437470E+0	-31.437470E+0	78.662736E+0
379	27.000000E+0	-31.437470E+0	-31.437470E+0	78.662736E+0
380	27.000000E+0	-31.461818E+0	-31.461818E+0	77.101770E+0
381	27.000000E+0	-31.461818E+0	-31.461818E+0	77.101770E+0
382	27.000000E+0	-31.461818E+0	-31.461818E+0	77.101770E+0
383	27.000000E+0	-31.461818E+0	-31.461818E+0	77.101770E+0
384	27.000000E+0	-31.413740E+0	-31.413740E+0	76.927083E+0
385	27.000000E+0	-31.413740E+0	-31.413740E+0	76.927083E+0
386	27.000000E+0	-31.413740E+0	-31.413740E+0	76.927083E+0
387	27.000000E+0	-31.413740E+0	-31.413740E+0	76.927083E+0
388	27.000000E+0	-31.466340E+0	-31.466340E+0	75.692719E+0
389	27.000000E+0	-31.466340E+0	-31.466340E+0	75.692719E+0
390	27.000000E+0	-31.466340E+0	-31.466340E+0	75.692719E+0
391	27.000000E+0	-31.466340E+0	-31.466340E+0	75.692719E+0
392	27.000000E+0	-31.446479E+0	-31.446479E+0	74.722222E+0
393	27.000000E+0	-31.446479E+0	-31.446479E+0	74.722222E+0
394	27.000000E+0	-31.446479E+0	-31.446479E+0	74.722222E+0
395	27.000000E+0	-31.446479E+0	-31.446479E+0	74.722222E+0
396	27.000000E+0	-31.438977E+0	-31.438977E+0	73.806876E+0
397	27.000000E+0	-31.438977E+0	-31.438977E+0	73.806876E+0
398	27.000000E+0	-31.438977E+0	-31.438977E+0	73.806876E+0
399	27.000000E+0	-31.438977E+0	-31.438977E+0	73.806876E+0
400	27.000000E+0	-31.451951E+0	-31.451951E+0	72.175227E+0
