lundi 9 mars 2020	17:01:20	Sampling Period : 50  ms		B&B alpha1

t	I1	I2	Alpha1	Alpha2	x	y	dotx	doty
0	0.000000E+0	37.158391E+0	37.158391E+0	83.677916E+0
1	0.000000E+0	37.158391E+0	37.158391E+0	83.677916E+0
2	0.000000E+0	37.158391E+0	37.158391E+0	83.677916E+0
3	0.000000E+0	37.172417E+0	37.172417E+0	83.984174E+0
4	0.000000E+0	37.172417E+0	37.172417E+0	83.984174E+0
5	0.000000E+0	37.172417E+0	37.172417E+0	83.984174E+0
6	0.000000E+0	37.172417E+0	37.172417E+0	83.984174E+0
7	0.000000E+0	37.172417E+0	37.172417E+0	83.984174E+0
8	0.000000E+0	37.167416E+0	37.167416E+0	84.086495E+0
9	0.000000E+0	37.167416E+0	37.167416E+0	84.086495E+0
10	0.000000E+0	37.167416E+0	37.167416E+0	84.086495E+0
11	0.000000E+0	37.167416E+0	37.167416E+0	84.086495E+0
12	0.000000E+0	37.171894E+0	37.171894E+0	84.848022E+0
13	0.000000E+0	37.171894E+0	37.171894E+0	84.848022E+0
14	0.000000E+0	37.171894E+0	37.171894E+0	84.848022E+0
15	0.000000E+0	37.171894E+0	37.171894E+0	84.848022E+0
16	0.000000E+0	37.173567E+0	37.173567E+0	85.369165E+0
17	0.000000E+0	37.173567E+0	37.173567E+0	85.369165E+0
18	0.000000E+0	37.173567E+0	37.173567E+0	85.369165E+0
19	0.000000E+0	37.173567E+0	37.173567E+0	85.369165E+0
20	0.000000E+0	37.162846E+0	37.162846E+0	85.640520E+0
21	0.000000E+0	37.162846E+0	37.162846E+0	85.640520E+0
22	40.000000E+0	37.162846E+0	37.162846E+0	85.640520E+0
23	40.000000E+0	37.162846E+0	37.162846E+0	85.640520E+0
24	40.000000E+0	37.167735E+0	37.167735E+0	85.603410E+0
25	40.000000E+0	37.167735E+0	37.167735E+0	85.603410E+0
26	40.000000E+0	37.167735E+0	37.167735E+0	85.603410E+0
27	40.000000E+0	37.972455E+0	37.972455E+0	83.678067E+0
28	40.000000E+0	37.972455E+0	37.972455E+0	83.678067E+0
29	40.000000E+0	37.972455E+0	37.972455E+0	83.678067E+0
30	40.000000E+0	37.972455E+0	37.972455E+0	83.678067E+0
31	40.000000E+0	37.972455E+0	37.972455E+0	83.678067E+0
32	40.000000E+0	38.522034E+0	38.522034E+0	83.474820E+0
33	40.000000E+0	38.522034E+0	38.522034E+0	83.474820E+0
34	40.000000E+0	38.522034E+0	38.522034E+0	83.474820E+0
35	40.000000E+0	38.522034E+0	38.522034E+0	83.474820E+0
36	40.000000E+0	36.255669E+0	36.255669E+0	89.363230E+0
37	40.000000E+0	36.255669E+0	36.255669E+0	89.363230E+0
38	40.000000E+0	36.255669E+0	36.255669E+0	89.363230E+0
39	40.000000E+0	36.255669E+0	36.255669E+0	89.363230E+0
40	40.000000E+0	32.237643E+0	32.237643E+0	90.158082E+0
41	40.000000E+0	32.237643E+0	32.237643E+0	90.158082E+0
42	40.000000E+0	32.237643E+0	32.237643E+0	90.158082E+0
43	40.000000E+0	32.237643E+0	32.237643E+0	90.158082E+0
44	40.000000E+0	28.193595E+0	28.193595E+0	92.126730E+0
45	40.000000E+0	28.193595E+0	28.193595E+0	92.126730E+0
46	40.000000E+0	28.193595E+0	28.193595E+0	92.126730E+0
47	40.000000E+0	24.108946E+0	24.108946E+0	88.778328E+0
48	40.000000E+0	24.108946E+0	24.108946E+0	88.778328E+0
49	40.000000E+0	24.108946E+0	24.108946E+0	88.778328E+0
50	40.000000E+0	24.108946E+0	24.108946E+0	88.778328E+0
51	40.000000E+0	24.108946E+0	24.108946E+0	88.778328E+0
52	40.000000E+0	20.044760E+0	20.044760E+0	93.109841E+0
53	40.000000E+0	20.044760E+0	20.044760E+0	93.109841E+0
54	40.000000E+0	20.044760E+0	20.044760E+0	93.109841E+0
55	40.000000E+0	20.044760E+0	20.044760E+0	93.109841E+0
56	40.000000E+0	16.403757E+0	16.403757E+0	93.239548E+0
57	40.000000E+0	16.403757E+0	16.403757E+0	93.239548E+0
58	40.000000E+0	16.403757E+0	16.403757E+0	93.239548E+0
59	40.000000E+0	16.403757E+0	16.403757E+0	93.239548E+0
60	40.000000E+0	12.759815E+0	12.759815E+0	86.088280E+0
61	40.000000E+0	12.759815E+0	12.759815E+0	86.088280E+0
62	40.000000E+0	12.759815E+0	12.759815E+0	86.088280E+0
63	40.000000E+0	12.759815E+0	12.759815E+0	86.088280E+0
64	40.000000E+0	8.949965E+0	8.949965E+0	87.496750E+0
65	40.000000E+0	8.949965E+0	8.949965E+0	87.496750E+0
66	40.000000E+0	8.949965E+0	8.949965E+0	87.496750E+0
67	40.000000E+0	8.949965E+0	8.949965E+0	87.496750E+0
68	40.000000E+0	4.992094E+0	4.992094E+0	86.349215E+0
69	40.000000E+0	4.992094E+0	4.992094E+0	86.349215E+0
70	40.000000E+0	4.992094E+0	4.992094E+0	86.349215E+0
71	40.000000E+0	4.992094E+0	4.992094E+0	86.349215E+0
72	40.000000E+0	1.359315E+0	1.359315E+0	82.992292E+0
73	40.000000E+0	1.359315E+0	1.359315E+0	82.992292E+0
74	40.000000E+0	1.359315E+0	1.359315E+0	82.992292E+0
75	40.000000E+0	1.359315E+0	1.359315E+0	82.992292E+0
76	40.000000E+0	-2.133516E+0	-2.133516E+0	79.518422E+0
77	40.000000E+0	-2.133516E+0	-2.133516E+0	79.518422E+0
78	40.000000E+0	-2.133516E+0	-2.133516E+0	79.518422E+0
79	40.000000E+0	-2.133516E+0	-2.133516E+0	79.518422E+0
80	40.000000E+0	-5.731015E+0	-5.731015E+0	76.305690E+0
81	38.792179E+0	-5.731015E+0	-5.731015E+0	76.305690E+0
82	38.873936E+0	-5.731015E+0	-5.731015E+0	76.305690E+0
83	38.873936E+0	-5.731015E+0	-5.731015E+0	76.305690E+0
84	39.037449E+0	-9.086916E+0	-9.086916E+0	75.011810E+0
85	33.331607E+0	-9.086916E+0	-9.086916E+0	75.011810E+0
86	33.331607E+0	-9.086916E+0	-9.086916E+0	75.011810E+0
87	33.456659E+0	-9.086916E+0	-9.086916E+0	75.011810E+0
88	33.456659E+0	-12.363416E+0	-12.363416E+0	74.777160E+0
89	33.519189E+0	-12.363416E+0	-12.363416E+0	74.777160E+0
90	27.974808E+0	-12.363416E+0	-12.363416E+0	74.777160E+0
91	27.974808E+0	-12.363416E+0	-12.363416E+0	74.777160E+0
92	28.018569E+0	-15.685166E+0	-15.685166E+0	77.079447E+0
93	22.377372E+0	-15.685166E+0	-15.685166E+0	77.079447E+0
94	22.377372E+0	-15.685166E+0	-15.685166E+0	77.079447E+0
95	22.426817E+0	-15.685166E+0	-15.685166E+0	77.079447E+0
96	22.451538E+0	-18.970999E+0	-18.970999E+0	78.348618E+0
97	16.809503E+0	-18.970999E+0	-18.970999E+0	78.348618E+0
98	16.815398E+0	-18.970999E+0	-18.970999E+0	78.348618E+0
99	16.821294E+0	-18.970999E+0	-18.970999E+0	78.348618E+0
100	16.827190E+0	-22.210903E+0	-22.210903E+0	81.176152E+0
101	16.827190E+0	-22.210903E+0	-22.210903E+0	81.176152E+0
102	11.232871E+0	-22.210903E+0	-22.210903E+0	81.176152E+0
103	11.232871E+0	-22.210903E+0	-22.210903E+0	81.176152E+0
104	11.207535E+0	-24.961248E+0	-24.961248E+0	80.665513E+0
105	11.207535E+0	-24.961248E+0	-24.961248E+0	80.665513E+0
106	6.423189E+0	-24.961248E+0	-24.961248E+0	80.665513E+0
107	6.423189E+0	-24.961248E+0	-24.961248E+0	80.665513E+0
108	6.394763E+0	-27.344012E+0	-27.344012E+0	82.598464E+0
109	2.228590E+0	-27.344012E+0	-27.344012E+0	82.598464E+0
110	2.186510E+0	-27.344012E+0	-27.344012E+0	82.598464E+0
111	2.144432E+0	-27.344012E+0	-27.344012E+0	82.598464E+0
112	2.144432E+0	-29.467002E+0	-29.467002E+0	80.547991E+0
113	-1.601038E+0	-29.467002E+0	-29.467002E+0	80.547991E+0
114	-1.601038E+0	-29.467002E+0	-29.467002E+0	80.547991E+0
115	-1.709523E+0	-29.467002E+0	-29.467002E+0	80.547991E+0
116	-1.763763E+0	-31.206793E+0	-31.206793E+0	76.472633E+0
117	-4.818454E+0	-31.206793E+0	-31.206793E+0	76.472633E+0
118	-4.882664E+0	-31.206793E+0	-31.206793E+0	76.472633E+0
119	-4.946876E+0	-31.206793E+0	-31.206793E+0	76.472633E+0
120	-5.011084E+0	-32.327434E+0	-32.327434E+0	78.490344E+0
121	-7.007955E+0	-32.327434E+0	-32.327434E+0	78.490344E+0
122	-7.078586E+0	-32.327434E+0	-32.327434E+0	78.490344E+0
123	-7.149217E+0	-32.327434E+0	-32.327434E+0	78.490344E+0
124	-7.219852E+0	-32.778939E+0	-32.778939E+0	86.255537E+0
125	-8.069148E+0	-32.778939E+0	-32.778939E+0	86.255537E+0
126	-8.142363E+0	-32.778939E+0	-32.778939E+0	86.255537E+0
127	-8.215581E+0	-32.778939E+0	-32.778939E+0	86.255537E+0
128	-8.288799E+0	-32.100840E+0	-32.100840E+0	87.113782E+0
129	-7.192566E+0	-32.100840E+0	-32.100840E+0	87.113782E+0
130	-7.192566E+0	-32.100840E+0	-32.100840E+0	87.113782E+0
131	-7.331231E+0	-32.100840E+0	-32.100840E+0	87.113782E+0
132	-7.400565E+0	-30.934485E+0	-30.934485E+0	85.150794E+0
133	-5.458398E+0	-30.934485E+0	-30.934485E+0	85.150794E+0
134	-5.521052E+0	-30.934485E+0	-30.934485E+0	85.150794E+0
135	-5.521052E+0	-30.934485E+0	-30.934485E+0	85.150794E+0
136	-5.646349E+0	-29.084392E+0	-29.084392E+0	84.469716E+0
137	-2.518325E+0	-29.084392E+0	-29.084392E+0	84.469716E+0
138	-2.570372E+0	-29.084392E+0	-29.084392E+0	84.469716E+0
139	-2.622422E+0	-29.084392E+0	-29.084392E+0	84.469716E+0
140	-2.674471E+0	-27.053138E+0	-27.053138E+0	81.882107E+0
141	776.585028E-3	-27.053138E+0	-27.053138E+0	81.882107E+0
142	776.585028E-3	-27.053138E+0	-27.053138E+0	81.882107E+0
143	695.761210E-3	-27.053138E+0	-27.053138E+0	81.882107E+0
144	655.348897E-3	-24.844287E+0	-24.844287E+0	83.765716E+0
145	655.348897E-3	-24.844287E+0	-24.844287E+0	83.765716E+0
146	4.424328E+0	-24.844287E+0	-24.844287E+0	83.765716E+0
147	4.368818E+0	-24.844287E+0	-24.844287E+0	83.765716E+0
148	4.341062E+0	-22.439382E+0	-22.439382E+0	84.388775E+0
149	4.341062E+0	-22.439382E+0	-22.439382E+0	84.388775E+0
150	8.446837E+0	-22.439382E+0	-22.439382E+0	84.388775E+0
151	8.432860E+0	-22.439382E+0	-22.439382E+0	84.388775E+0
152	8.418884E+0	-20.413291E+0	-20.413291E+0	83.249361E+0
153	11.899110E+0	-20.413291E+0	-20.413291E+0	83.249361E+0
154	11.896742E+0	-20.413291E+0	-20.413291E+0	83.249361E+0
155	11.894374E+0	-20.413291E+0	-20.413291E+0	83.249361E+0
156	11.892006E+0	-18.971169E+0	-18.971169E+0	82.119418E+0
157	14.376726E+0	-18.971169E+0	-18.971169E+0	82.119418E+0
158	14.382621E+0	-18.971169E+0	-18.971169E+0	82.119418E+0
159	14.388516E+0	-18.971169E+0	-18.971169E+0	82.119418E+0
160	14.394410E+0	-18.275643E+0	-18.275643E+0	81.888399E+0
161	15.599811E+0	-18.275643E+0	-18.275643E+0	81.888399E+0
162	15.609691E+0	-18.275643E+0	-18.275643E+0	81.888399E+0
163	15.619571E+0	-18.275643E+0	-18.275643E+0	81.888399E+0
164	15.629451E+0	-18.325795E+0	-18.325795E+0	81.502105E+0
165	15.552838E+0	-18.325795E+0	-18.325795E+0	81.502105E+0
166	15.562430E+0	-18.325795E+0	-18.325795E+0	81.502105E+0
167	15.572023E+0	-18.325795E+0	-18.325795E+0	81.502105E+0
168	15.581614E+0	-19.123322E+0	-19.123322E+0	82.347404E+0
169	14.215790E+0	-19.123322E+0	-19.123322E+0	82.347404E+0
170	14.215790E+0	-19.123322E+0	-19.123322E+0	82.347404E+0
171	14.225836E+0	-19.123322E+0	-19.123322E+0	82.347404E+0
172	14.230859E+0	-20.580497E+0	-20.580497E+0	80.108824E+0
173	11.722835E+0	-20.580497E+0	-20.580497E+0	80.108824E+0
174	11.719509E+0	-20.580497E+0	-20.580497E+0	80.108824E+0
175	11.719509E+0	-20.580497E+0	-20.580497E+0	80.108824E+0
176	11.712857E+0	-22.068520E+0	-22.068520E+0	78.699187E+0
177	11.712857E+0	-22.068520E+0	-22.068520E+0	78.699187E+0
178	9.131430E+0	-22.068520E+0	-22.068520E+0	78.699187E+0
179	9.119577E+0	-22.068520E+0	-22.068520E+0	78.699187E+0
180	9.107726E+0	-23.600136E+0	-23.600136E+0	78.720609E+0
181	6.454445E+0	-23.600136E+0	-23.600136E+0	78.720609E+0
182	6.433818E+0	-23.600136E+0	-23.600136E+0	78.720609E+0
183	6.413191E+0	-23.600136E+0	-23.600136E+0	78.720609E+0
184	6.413191E+0	-25.254736E+0	-25.254736E+0	77.542080E+0
185	3.518408E+0	-25.254736E+0	-25.254736E+0	77.542080E+0
186	3.488302E+0	-25.254736E+0	-25.254736E+0	77.542080E+0
187	3.488302E+0	-25.254736E+0	-25.254736E+0	77.542080E+0
188	3.428087E+0	-26.738996E+0	-26.738996E+0	83.552043E+0
189	3.428087E+0	-26.738996E+0	-26.738996E+0	83.552043E+0
190	799.608194E-3	-26.738996E+0	-26.738996E+0	83.552043E+0
191	799.608194E-3	-26.738996E+0	-26.738996E+0	83.552043E+0
192	760.997365E-3	-28.266756E+0	-28.266756E+0	81.536824E+0
193	-1.951005E+0	-28.266756E+0	-28.266756E+0	81.536824E+0
194	-1.998373E+0	-28.266756E+0	-28.266756E+0	81.536824E+0
195	-2.045740E+0	-28.266756E+0	-28.266756E+0	81.536824E+0
196	-2.093101E+0	-28.266756E+0	-28.266756E+0	81.536824E+0
197	-2.140471E+0	-29.743029E+0	-29.743029E+0	79.832995E+0
198	-4.733822E+0	-29.743029E+0	-29.743029E+0	79.832995E+0
199	-4.733822E+0	-29.743029E+0	-29.743029E+0	79.832995E+0
200	-4.789641E+0	-30.753946E+0	-30.753946E+0	83.447608E+0
201	-6.644716E+0	-30.753946E+0	-30.753946E+0	83.447608E+0
202	-6.706332E+0	-30.753946E+0	-30.753946E+0	83.447608E+0
203	-6.767946E+0	-30.753946E+0	-30.753946E+0	83.447608E+0
204	-6.829572E+0	-31.007251E+0	-31.007251E+0	85.766055E+0
205	-7.328031E+0	-31.007251E+0	-31.007251E+0	85.766055E+0
206	-7.391094E+0	-31.007251E+0	-31.007251E+0	85.766055E+0
207	-7.391094E+0	-31.007251E+0	-31.007251E+0	85.766055E+0
208	-7.454164E+0	-30.328736E+0	-30.328736E+0	84.380313E+0
209	-6.410127E+0	-30.328736E+0	-30.328736E+0	84.380313E+0
210	-6.469308E+0	-30.328736E+0	-30.328736E+0	84.380313E+0
211	-6.469308E+0	-30.328736E+0	-30.328736E+0	84.380313E+0
212	-6.587665E+0	-28.884090E+0	-28.884090E+0	81.543593E+0
213	-4.155402E+0	-28.884090E+0	-28.884090E+0	81.543593E+0
214	-4.206307E+0	-28.884090E+0	-28.884090E+0	81.543593E+0
215	-4.257210E+0	-28.884090E+0	-28.884090E+0	81.543593E+0
216	-4.308109E+0	-27.020230E+0	-27.020230E+0	82.458828E+0
217	-1.144592E+0	-27.020230E+0	-27.020230E+0	82.458828E+0
218	-1.184815E+0	-27.020230E+0	-27.020230E+0	82.458828E+0
219	-1.184815E+0	-27.020230E+0	-27.020230E+0	82.458828E+0
220	-1.265262E+0	-25.043942E+0	-25.043942E+0	82.636171E+0
221	2.102827E+0	-25.043942E+0	-25.043942E+0	82.636171E+0
222	2.073926E+0	-25.043942E+0	-25.043942E+0	82.636171E+0
223	2.045027E+0	-25.043942E+0	-25.043942E+0	82.636171E+0
224	2.016126E+0	-22.663171E+0	-22.663171E+0	81.951886E+0
225	6.093112E+0	-22.663171E+0	-22.663171E+0	81.951886E+0
226	6.077854E+0	-22.663171E+0	-22.663171E+0	81.951886E+0
227	6.062594E+0	-22.663171E+0	-22.663171E+0	81.951886E+0
228	6.047336E+0	-20.655413E+0	-20.655413E+0	86.707650E+0
229	9.494662E+0	-20.655413E+0	-20.655413E+0	86.707650E+0
230	9.490907E+0	-20.655413E+0	-20.655413E+0	86.707650E+0
231	9.490907E+0	-20.655413E+0	-20.655413E+0	86.707650E+0
232	9.483397E+0	-19.197016E+0	-19.197016E+0	86.056755E+0
233	9.483397E+0	-19.197016E+0	-19.197016E+0	86.056755E+0
234	11.999399E+0	-19.197016E+0	-19.197016E+0	86.056755E+0
235	12.004000E+0	-19.197016E+0	-19.197016E+0	86.056755E+0
236	12.008600E+0	-18.353563E+0	-18.353563E+0	85.554622E+0
237	13.467822E+0	-18.353563E+0	-18.353563E+0	85.554622E+0
238	13.477255E+0	-18.353563E+0	-18.353563E+0	85.554622E+0
239	13.486689E+0	-18.353563E+0	-18.353563E+0	85.554622E+0
240	13.496122E+0	-18.190261E+0	-18.190261E+0	84.796282E+0
241	13.505555E+0	-18.190261E+0	-18.190261E+0	84.796282E+0
242	13.796622E+0	-18.190261E+0	-18.190261E+0	84.796282E+0
243	13.796622E+0	-18.190261E+0	-18.190261E+0	84.796282E+0
244	13.817359E+0	-18.190261E+0	-18.190261E+0	84.796282E+0
245	13.827728E+0	-18.602234E+0	-18.602234E+0	84.547619E+0
246	13.127607E+0	-18.602234E+0	-18.602234E+0	84.547619E+0
247	13.135615E+0	-18.602234E+0	-18.602234E+0	84.547619E+0
248	13.135615E+0	-18.602234E+0	-18.602234E+0	84.547619E+0
249	13.151634E+0	-19.577097E+0	-19.577097E+0	83.314393E+0
250	11.478389E+0	-19.577097E+0	-19.577097E+0	83.314393E+0
251	11.480812E+0	-19.577097E+0	-19.577097E+0	83.314393E+0
252	11.483236E+0	-20.993635E+0	-20.993635E+0	84.503281E+0
253	11.483236E+0	-20.993635E+0	-20.993635E+0	84.503281E+0
254	9.037000E+0	-20.993635E+0	-20.993635E+0	84.503281E+0
255	9.037000E+0	-20.993635E+0	-20.993635E+0	84.503281E+0
256	9.025614E+0	-22.309008E+0	-22.309008E+0	83.474717E+0
257	9.025614E+0	-22.309008E+0	-22.309008E+0	83.474717E+0
258	6.738196E+0	-22.309008E+0	-22.309008E+0	83.474717E+0
259	6.724966E+0	-22.309008E+0	-22.309008E+0	83.474717E+0
260	6.711736E+0	-23.830603E+0	-23.830603E+0	81.775525E+0
261	4.074359E+0	-23.830603E+0	-23.830603E+0	81.775525E+0
262	4.052411E+0	-23.830603E+0	-23.830603E+0	81.775525E+0
263	4.052411E+0	-23.830603E+0	-23.830603E+0	81.775525E+0
264	4.008514E+0	-23.830603E+0	-23.830603E+0	81.775525E+0
265	3.986567E+0	-25.410753E+0	-25.410753E+0	81.843314E+0
266	1.239490E+0	-25.410753E+0	-25.410753E+0	81.843314E+0
267	1.239490E+0	-25.410753E+0	-25.410753E+0	81.843314E+0
268	1.177486E+0	-25.410753E+0	-25.410753E+0	81.843314E+0
269	1.146486E+0	-26.559544E+0	-26.559544E+0	84.573931E+0
270	-865.723857E-3	-26.559544E+0	-26.559544E+0	84.573931E+0
271	-903.307276E-3	-26.559544E+0	-26.559544E+0	84.573931E+0
272	-903.307276E-3	-26.559544E+0	-26.559544E+0	84.573931E+0
273	-940.890695E-3	-27.776850E+0	-27.776850E+0	82.609870E+0
274	-3.115429E+0	-27.776850E+0	-27.776850E+0	82.609870E+0
275	-3.159987E+0	-27.776850E+0	-27.776850E+0	82.609870E+0
276	-3.204543E+0	-27.776850E+0	-27.776850E+0	82.609870E+0
277	-3.249102E+0	-28.627663E+0	-28.627663E+0	82.720289E+0
278	-4.760974E+0	-28.627663E+0	-28.627663E+0	82.720289E+0
279	-4.810407E+0	-28.627663E+0	-28.627663E+0	82.720289E+0
280	-4.810407E+0	-28.627663E+0	-28.627663E+0	82.720289E+0
281	-4.909274E+0	-29.224128E+0	-29.224128E+0	81.865031E+0
282	-5.987372E+0	-29.224128E+0	-29.224128E+0	81.865031E+0
283	-6.040222E+0	-29.224128E+0	-29.224128E+0	81.865031E+0
284	-6.040222E+0	-29.224128E+0	-29.224128E+0	81.865031E+0
285	-6.145924E+0	-29.326068E+0	-29.326068E+0	81.805665E+0
286	-6.145924E+0	-29.326068E+0	-29.326068E+0	81.805665E+0
287	-6.428012E+0	-29.326068E+0	-29.326068E+0	81.805665E+0
288	-6.481447E+0	-29.326068E+0	-29.326068E+0	81.805665E+0
289	-6.534882E+0	-28.918035E+0	-28.918035E+0	81.141678E+0
290	-5.884623E+0	-28.918035E+0	-28.918035E+0	81.141678E+0
291	-5.935718E+0	-28.918035E+0	-28.918035E+0	81.141678E+0
292	-5.986814E+0	-28.918035E+0	-28.918035E+0	81.141678E+0
293	-6.037911E+0	-27.779810E+0	-27.779810E+0	81.190792E+0
294	-4.126024E+0	-27.779810E+0	-27.779810E+0	81.190792E+0
295	-4.170599E+0	-27.779810E+0	-27.779810E+0	81.190792E+0
296	-4.215172E+0	-27.779810E+0	-27.779810E+0	81.190792E+0
297	-4.215172E+0	-26.212039E+0	-26.212039E+0	81.916858E+0
298	-1.600540E+0	-26.212039E+0	-26.212039E+0	81.916858E+0
299	-1.636136E+0	-26.212039E+0	-26.212039E+0	81.916858E+0
300	-1.671725E+0	-26.212039E+0	-26.212039E+0	81.916858E+0
301	-1.707316E+0	-24.177476E+0	-24.177476E+0	82.637840E+0
302	1.765906E+0	-24.177476E+0	-24.177476E+0	82.637840E+0
303	1.765906E+0	-24.177476E+0	-24.177476E+0	82.637840E+0
304	1.718034E+0	-24.177476E+0	-24.177476E+0	82.637840E+0
305	1.694099E+0	-21.877673E+0	-21.877673E+0	79.313961E+0
306	5.636409E+0	-21.877673E+0	-21.877673E+0	79.313961E+0
307	5.636409E+0	-21.877673E+0	-21.877673E+0	79.313961E+0
308	5.614894E+0	-21.877673E+0	-21.877673E+0	79.313961E+0
309	5.604136E+0	-19.734958E+0	-19.734958E+0	80.401061E+0
310	9.288710E+0	-19.734958E+0	-19.734958E+0	80.401061E+0
311	9.290229E+0	-19.734958E+0	-19.734958E+0	80.401061E+0
312	9.291747E+0	-19.734958E+0	-19.734958E+0	80.401061E+0
313	9.293266E+0	-18.040921E+0	-18.040921E+0	81.384737E+0
314	12.216326E+0	-18.040921E+0	-18.040921E+0	81.384737E+0
315	12.227551E+0	-18.040921E+0	-18.040921E+0	81.384737E+0
316	12.238775E+0	-18.040921E+0	-18.040921E+0	81.384737E+0
317	12.249999E+0	-16.943766E+0	-16.943766E+0	85.189374E+0
318	14.153380E+0	-16.943766E+0	-16.943766E+0	85.189374E+0
319	14.170891E+0	-16.943766E+0	-16.943766E+0	85.189374E+0
320	14.188402E+0	-16.943766E+0	-16.943766E+0	85.189374E+0
321	14.188402E+0	-17.524654E+0	-17.524654E+0	83.880517E+0
322	14.205913E+0	-17.524654E+0	-17.524654E+0	83.880517E+0
323	13.235807E+0	-17.524654E+0	-17.524654E+0	83.880517E+0
324	13.249990E+0	-18.664885E+0	-18.664885E+0	83.489286E+0
325	11.297727E+0	-18.664885E+0	-18.664885E+0	83.489286E+0
326	11.305376E+0	-18.664885E+0	-18.664885E+0	83.489286E+0
327	11.313027E+0	-18.664885E+0	-18.664885E+0	83.489286E+0
328	11.320676E+0	-18.664885E+0	-18.664885E+0	83.489286E+0
329	11.328325E+0	-20.202108E+0	-20.202108E+0	82.405209E+0
330	8.684875E+0	-20.202108E+0	-20.202108E+0	82.405209E+0
331	8.683717E+0	-20.202108E+0	-20.202108E+0	82.405209E+0
332	8.683717E+0	-20.202108E+0	-20.202108E+0	82.405209E+0
333	8.681401E+0	-21.843482E+0	-21.843482E+0	78.817739E+0
334	8.681401E+0	-21.843482E+0	-21.843482E+0	78.817739E+0
335	5.838961E+0	-21.843482E+0	-21.843482E+0	78.817739E+0
336	5.828399E+0	-21.843482E+0	-21.843482E+0	78.817739E+0
337	5.828399E+0	-23.453324E+0	-23.453324E+0	78.921770E+0
338	5.817837E+0	-23.453324E+0	-23.453324E+0	78.921770E+0
339	3.011152E+0	-23.453324E+0	-23.453324E+0	78.921770E+0
340	2.991365E+0	-23.453324E+0	-23.453324E+0	78.921770E+0
341	2.971580E+0	-24.962385E+0	-24.962385E+0	79.144148E+0
342	2.971580E+0	-24.962385E+0	-24.962385E+0	79.144148E+0
343	320.829429E-3	-24.962385E+0	-24.962385E+0	79.144148E+0
344	320.829429E-3	-24.962385E+0	-24.962385E+0	79.144148E+0
345	263.962979E-3	-26.060543E+0	-26.060543E+0	79.788312E+0
346	-1.658354E+0	-26.060543E+0	-26.060543E+0	79.788312E+0
347	-1.693079E+0	-26.060543E+0	-26.060543E+0	79.788312E+0
348	-1.727803E+0	-26.060543E+0	-26.060543E+0	79.788312E+0
349	-1.762527E+0	-26.847720E+0	-26.847720E+0	80.634914E+0
350	-3.154819E+0	-26.847720E+0	-26.847720E+0	80.634914E+0
351	-3.194056E+0	-26.847720E+0	-26.847720E+0	80.634914E+0
352	-3.233288E+0	-26.847720E+0	-26.847720E+0	80.634914E+0
353	-3.272522E+0	-27.461168E+0	-27.461168E+0	78.976448E+0
354	-4.369714E+0	-27.461168E+0	-27.461168E+0	78.976448E+0
355	-4.412464E+0	-27.461168E+0	-27.461168E+0	78.976448E+0
356	-4.455211E+0	-27.461168E+0	-27.461168E+0	78.976448E+0
357	-4.497960E+0	-27.509617E+0	-27.509617E+0	80.003965E+0
358	-4.624264E+0	-27.509617E+0	-27.509617E+0	80.003965E+0
359	-4.667292E+0	-27.509617E+0	-27.509617E+0	80.003965E+0
360	-4.710318E+0	-27.509617E+0	-27.509617E+0	80.003965E+0
361	-4.710318E+0	-27.044195E+0	-27.044195E+0	79.889007E+0
362	-3.993705E+0	-27.044195E+0	-27.044195E+0	79.889007E+0
363	-4.034064E+0	-27.044195E+0	-27.044195E+0	79.889007E+0
364	-4.034064E+0	-27.044195E+0	-27.044195E+0	79.889007E+0
365	-4.074426E+0	-26.764384E+0	-26.764384E+0	82.483039E+0
366	-4.114786E+0	-26.764384E+0	-26.764384E+0	82.483039E+0
367	-3.711339E+0	-26.764384E+0	-26.764384E+0	82.483039E+0
368	-3.750096E+0	-26.764384E+0	-26.764384E+0	82.483039E+0
369	-3.788855E+0	-27.159159E+0	-27.159159E+0	82.932185E+0
370	-3.788855E+0	-27.159159E+0	-27.159159E+0	82.932185E+0
371	-4.549461E+0	-27.159159E+0	-27.159159E+0	82.932185E+0
372	-4.549461E+0	-27.159159E+0	-27.159159E+0	82.932185E+0
373	-4.631498E+0	-27.275146E+0	-27.275146E+0	83.420991E+0
374	-4.631498E+0	-27.275146E+0	-27.275146E+0	83.420991E+0
375	-4.914234E+0	-27.275146E+0	-27.275146E+0	83.420991E+0
376	-4.955915E+0	-27.275146E+0	-27.275146E+0	83.420991E+0
377	-4.997599E+0	-26.812513E+0	-26.812513E+0	84.944770E+0
378	-4.241424E+0	-26.812513E+0	-26.812513E+0	84.944770E+0
379	-4.241424E+0	-26.812513E+0	-26.812513E+0	84.944770E+0
380	-4.319490E+0	-26.812513E+0	-26.812513E+0	84.944770E+0
381	-4.358522E+0	-26.976825E+0	-26.976825E+0	82.972443E+0
382	-4.680928E+0	-26.976825E+0	-26.976825E+0	82.972443E+0
383	-4.720903E+0	-26.976825E+0	-26.976825E+0	82.972443E+0
384	-4.760878E+0	-26.976825E+0	-26.976825E+0	82.972443E+0
385	-4.800854E+0	-26.948729E+0	-26.948729E+0	81.919569E+0
386	-4.800854E+0	-26.948729E+0	-26.948729E+0	81.919569E+0
387	-4.832185E+0	-26.948729E+0	-26.948729E+0	81.919569E+0
388	-4.871999E+0	-26.948729E+0	-26.948729E+0	81.919569E+0
389	-4.911813E+0	-27.050513E+0	-27.050513E+0	80.914016E+0
390	-4.911813E+0	-27.050513E+0	-27.050513E+0	80.914016E+0
391	-5.167557E+0	-27.050513E+0	-27.050513E+0	80.914016E+0
392	-5.207953E+0	-27.050513E+0	-27.050513E+0	80.914016E+0
393	-5.207953E+0	-26.863575E+0	-26.863575E+0	77.600144E+0
394	-4.966355E+0	-26.863575E+0	-26.863575E+0	77.600144E+0
395	-5.005680E+0	-26.863575E+0	-26.863575E+0	77.600144E+0
396	-5.005680E+0	-26.863575E+0	-26.863575E+0	77.600144E+0
397	-5.084329E+0	-26.786225E+0	-26.786225E+0	81.971631E+0
398	-4.990256E+0	-26.786225E+0	-26.786225E+0	81.971631E+0
399	-4.990256E+0	-26.786225E+0	-26.786225E+0	81.971631E+0
400	-5.068020E+0	-26.786225E+0	-26.786225E+0	81.971631E+0
401	-5.068020E+0	-26.873353E+0	-26.873353E+0	83.094502E+0
402	-5.296047E+0	-26.873353E+0	-26.873353E+0	83.094502E+0
403	-5.296047E+0	-26.873353E+0	-26.873353E+0	83.094502E+0
404	-5.374812E+0	-26.873353E+0	-26.873353E+0	83.094502E+0
405	-5.414192E+0	-26.869045E+0	-26.869045E+0	82.872061E+0
406	-5.414192E+0	-26.869045E+0	-26.869045E+0	82.872061E+0
407	-5.446142E+0	-26.869045E+0	-26.869045E+0	82.872061E+0
408	-5.524856E+0	-26.869045E+0	-26.869045E+0	82.872061E+0
409	-5.524856E+0	-26.864337E+0	-26.864337E+0	82.641219E+0
410	-5.595449E+0	-26.864337E+0	-26.864337E+0	82.641219E+0
411	-5.634779E+0	-26.864337E+0	-26.864337E+0	82.641219E+0
412	-5.674109E+0	-26.864337E+0	-26.864337E+0	82.641219E+0
413	-5.674109E+0	-26.888783E+0	-26.888783E+0	84.005467E+0
414	-5.794930E+0	-26.888783E+0	-26.888783E+0	84.005467E+0
415	-5.834400E+0	-26.888783E+0	-26.888783E+0	84.005467E+0
416	-5.834400E+0	-26.888783E+0	-26.888783E+0	84.005467E+0
417	-5.913338E+0	-26.898134E+0	-26.898134E+0	83.803769E+0
418	-5.968936E+0	-26.898134E+0	-26.898134E+0	83.803769E+0
419	-5.968936E+0	-26.898134E+0	-26.898134E+0	83.803769E+0
420	-6.047981E+0	-26.898134E+0	-26.898134E+0	83.803769E+0
421	-6.087505E+0	-26.868413E+0	-26.868413E+0	81.973829E+0
422	-6.075772E+0	-26.868413E+0	-26.868413E+0	81.973829E+0
423	-6.075772E+0	-26.868413E+0	-26.868413E+0	81.973829E+0
424	-6.154480E+0	-26.868413E+0	-26.868413E+0	81.973829E+0
425	-6.193833E+0	-26.903890E+0	-26.903890E+0	81.821384E+0
426	-6.294367E+0	-26.903890E+0	-26.903890E+0	81.821384E+0
427	-6.333924E+0	-26.903890E+0	-26.903890E+0	81.821384E+0
428	-6.333924E+0	-26.903890E+0	-26.903890E+0	81.821384E+0
429	-6.413037E+0	-26.920165E+0	-26.920165E+0	82.530167E+0
430	-6.480660E+0	-26.920165E+0	-26.920165E+0	82.530167E+0
431	-6.520310E+0	-26.920165E+0	-26.920165E+0	82.530167E+0
432	-6.520310E+0	-26.920165E+0	-26.920165E+0	82.530167E+0
433	-6.599610E+0	-26.924406E+0	-26.924406E+0	82.632977E+0
434	-6.599610E+0	-26.924406E+0	-26.924406E+0	82.632977E+0
435	-6.686249E+0	-26.924406E+0	-26.924406E+0	82.632977E+0
436	-6.725922E+0	-26.924406E+0	-26.924406E+0	82.632977E+0
437	-6.725922E+0	-26.904581E+0	-26.904581E+0	82.358965E+0
438	-6.771080E+0	-26.904581E+0	-26.904581E+0	82.358965E+0
439	-6.810639E+0	-26.904581E+0	-26.904581E+0	82.358965E+0
440	-6.850199E+0	-26.904581E+0	-26.904581E+0	82.358965E+0
441	-6.889760E+0	-26.913569E+0	-26.913569E+0	83.049069E+0
442	-6.944821E+0	-26.913569E+0	-26.913569E+0	83.049069E+0
443	-6.984433E+0	-26.913569E+0	-26.913569E+0	83.049069E+0
444	-6.984433E+0	-26.913569E+0	-26.913569E+0	83.049069E+0
445	-7.063659E+0	-26.915040E+0	-26.915040E+0	83.322626E+0
446	-7.105805E+0	-26.915040E+0	-26.915040E+0	83.322626E+0
447	-7.145425E+0	-26.915040E+0	-26.915040E+0	83.322626E+0
448	-7.185045E+0	-26.915040E+0	-26.915040E+0	83.322626E+0
449	-7.224665E+0	-26.915040E+0	-26.915040E+0	83.322626E+0
450	-7.264286E+0	-26.922307E+0	-26.922307E+0	83.751449E+0
451	-7.264286E+0	-26.922307E+0	-26.922307E+0	83.751449E+0
452	-7.356100E+0	-26.922307E+0	-26.922307E+0	83.751449E+0
453	-7.356100E+0	-26.951354E+0	-26.951354E+0	84.625345E+0
454	-7.485522E+0	-26.951354E+0	-26.951354E+0	84.625345E+0
455	-7.525350E+0	-26.951354E+0	-26.951354E+0	84.625345E+0
456	-7.525350E+0	-26.951354E+0	-26.951354E+0	84.625345E+0
457	-7.565182E+0	-26.949235E+0	-26.949235E+0	83.527038E+0
458	-7.641178E+0	-26.949235E+0	-26.949235E+0	83.527038E+0
459	-7.680996E+0	-26.949235E+0	-26.949235E+0	83.527038E+0
460	-7.720809E+0	-26.949235E+0	-26.949235E+0	83.527038E+0
461	-7.760628E+0	-26.949235E+0	-26.949235E+0	83.527038E+0
462	-7.800443E+0	-26.946017E+0	-26.946017E+0	82.565601E+0
463	-7.800443E+0	-26.946017E+0	-26.946017E+0	82.565601E+0
464	-7.874510E+0	-26.946017E+0	-26.946017E+0	82.565601E+0
465	-7.874510E+0	-26.946017E+0	-26.946017E+0	82.565601E+0
466	-7.954104E+0	-26.958067E+0	-26.958067E+0	81.928016E+0
467	-8.014683E+0	-26.958067E+0	-26.958067E+0	81.928016E+0
468	-8.054549E+0	-26.958067E+0	-26.958067E+0	81.928016E+0
469	-8.054549E+0	-26.945657E+0	-26.945657E+0	82.372640E+0
470	-8.094415E+0	-26.945657E+0	-26.945657E+0	82.372640E+0
471	-8.152676E+0	-26.945657E+0	-26.945657E+0	82.372640E+0
472	-8.192471E+0	-26.945657E+0	-26.945657E+0	82.372640E+0
473	-8.232267E+0	-26.945657E+0	-26.945657E+0	82.372640E+0
474	-8.232267E+0	-26.959434E+0	-26.959434E+0	83.180014E+0
475	-8.335620E+0	-26.959434E+0	-26.959434E+0	83.180014E+0
476	-8.335620E+0	-26.959434E+0	-26.959434E+0	83.180014E+0
477	-8.415368E+0	-26.972169E+0	-26.972169E+0	83.403704E+0
478	-8.477205E+0	-26.972169E+0	-26.972169E+0	83.403704E+0
479	-8.517152E+0	-26.972169E+0	-26.972169E+0	83.403704E+0
480	-8.517152E+0	-26.972169E+0	-26.972169E+0	83.403704E+0
481	-8.597048E+0	-26.972169E+0	-26.972169E+0	83.403704E+0
482	-8.597048E+0	-26.967168E+0	-26.967168E+0	82.917471E+0
483	-8.668317E+0	-26.967168E+0	-26.967168E+0	82.917471E+0
484	-8.708238E+0	-26.967168E+0	-26.967168E+0	82.917471E+0
485	-8.748157E+0	-26.967168E+0	-26.967168E+0	82.917471E+0
486	-8.748157E+0	-26.981324E+0	-26.981324E+0	82.764049E+0
487	-8.852408E+0	-26.981324E+0	-26.981324E+0	82.764049E+0
488	-8.892408E+0	-26.981324E+0	-26.981324E+0	82.764049E+0
489	-8.932408E+0	-26.981324E+0	-26.981324E+0	82.764049E+0
490	-8.972408E+0	-26.992473E+0	-26.992473E+0	83.322849E+0
491	-9.031635E+0	-26.992473E+0	-26.992473E+0	83.322849E+0
492	-9.071699E+0	-26.992473E+0	-26.992473E+0	83.322849E+0
493	-9.071699E+0	-26.992473E+0	-26.992473E+0	83.322849E+0
494	-9.151828E+0	-27.011438E+0	-27.011438E+0	83.817454E+0
495	-9.224601E+0	-27.011438E+0	-27.011438E+0	83.817454E+0
496	-9.224601E+0	-27.011438E+0	-27.011438E+0	83.817454E+0
497	-9.264770E+0	-26.999265E+0	-26.999265E+0	83.012710E+0
498	-9.324121E+0	-26.999265E+0	-26.999265E+0	83.012710E+0
499	-9.364224E+0	-26.999265E+0	-26.999265E+0	83.012710E+0
500	-9.404327E+0	-26.999265E+0	-26.999265E+0	83.012710E+0
