mardi 25 février 2020	12:14:13	Sampling Period : 50  ms		OL alpha1

t	I1	I2	Alpha1	Alpha2	x	y	dotx	doty
0	0.000000E+0	37.001384E+0	37.001384E+0	88.164441E+0
1	0.000000E+0	37.001384E+0	37.001384E+0	88.164441E+0
2	0.000000E+0	37.001384E+0	37.001384E+0	88.164441E+0
3	0.000000E+0	37.001384E+0	37.001384E+0	88.164441E+0
4	0.000000E+0	37.094072E+0	37.094072E+0	88.932989E+0
5	0.000000E+0	37.094072E+0	37.094072E+0	88.932989E+0
6	30.000000E+0	37.094072E+0	37.094072E+0	88.932989E+0
7	30.000000E+0	37.094072E+0	37.094072E+0	88.932989E+0
8	30.000000E+0	37.046452E+0	37.046452E+0	88.101222E+0
9	30.000000E+0	37.046452E+0	37.046452E+0	88.101222E+0
10	30.000000E+0	37.046452E+0	37.046452E+0	88.101222E+0
11	30.000000E+0	37.046452E+0	37.046452E+0	88.101222E+0
12	30.000000E+0	38.158037E+0	38.158037E+0	86.564753E+0
13	30.000000E+0	38.158037E+0	38.158037E+0	86.564753E+0
14	30.000000E+0	38.158037E+0	38.158037E+0	86.564753E+0
15	30.000000E+0	38.158037E+0	38.158037E+0	86.564753E+0
16	30.000000E+0	37.839506E+0	37.839506E+0	81.660778E+0
17	30.000000E+0	37.839506E+0	37.839506E+0	81.660778E+0
18	30.000000E+0	37.839506E+0	37.839506E+0	81.660778E+0
19	30.000000E+0	37.839506E+0	37.839506E+0	81.660778E+0
20	30.000000E+0	35.249366E+0	35.249366E+0	81.988311E+0
21	30.000000E+0	35.249366E+0	35.249366E+0	81.988311E+0
22	30.000000E+0	35.249366E+0	35.249366E+0	81.988311E+0
23	30.000000E+0	35.249366E+0	35.249366E+0	81.988311E+0
24	30.000000E+0	32.039521E+0	32.039521E+0	85.953061E+0
25	30.000000E+0	32.039521E+0	32.039521E+0	85.953061E+0
26	30.000000E+0	32.039521E+0	32.039521E+0	85.953061E+0
27	30.000000E+0	32.039521E+0	32.039521E+0	85.953061E+0
28	30.000000E+0	28.632453E+0	28.632453E+0	85.506001E+0
29	30.000000E+0	28.632453E+0	28.632453E+0	85.506001E+0
30	30.000000E+0	28.632453E+0	28.632453E+0	85.506001E+0
31	30.000000E+0	28.632453E+0	28.632453E+0	85.506001E+0
32	30.000000E+0	25.281451E+0	25.281451E+0	84.877677E+0
33	30.000000E+0	25.281451E+0	25.281451E+0	84.877677E+0
34	30.000000E+0	25.281451E+0	25.281451E+0	84.877677E+0
35	30.000000E+0	25.281451E+0	25.281451E+0	84.877677E+0
36	30.000000E+0	21.945059E+0	21.945059E+0	87.141209E+0
37	30.000000E+0	21.945059E+0	21.945059E+0	87.141209E+0
38	30.000000E+0	21.945059E+0	21.945059E+0	87.141209E+0
39	30.000000E+0	21.945059E+0	21.945059E+0	87.141209E+0
40	30.000000E+0	18.584798E+0	18.584798E+0	87.857778E+0
41	30.000000E+0	18.584798E+0	18.584798E+0	87.857778E+0
42	30.000000E+0	18.584798E+0	18.584798E+0	87.857778E+0
43	30.000000E+0	18.584798E+0	18.584798E+0	87.857778E+0
44	30.000000E+0	15.348017E+0	15.348017E+0	89.224512E+0
45	30.000000E+0	15.348017E+0	15.348017E+0	89.224512E+0
46	7.000000E+0	15.348017E+0	15.348017E+0	89.224512E+0
47	7.000000E+0	15.348017E+0	15.348017E+0	89.224512E+0
48	7.000000E+0	12.244126E+0	12.244126E+0	90.680810E+0
49	7.000000E+0	12.244126E+0	12.244126E+0	90.680810E+0
50	7.000000E+0	12.244126E+0	12.244126E+0	90.680810E+0
51	7.000000E+0	12.244126E+0	12.244126E+0	90.680810E+0
52	7.000000E+0	9.502452E+0	9.502452E+0	90.160341E+0
53	7.000000E+0	9.502452E+0	9.502452E+0	90.160341E+0
54	7.000000E+0	9.502452E+0	9.502452E+0	90.160341E+0
55	7.000000E+0	9.502452E+0	9.502452E+0	90.160341E+0
56	7.000000E+0	7.821978E+0	7.821978E+0	89.851679E+0
57	7.000000E+0	7.821978E+0	7.821978E+0	89.851679E+0
58	7.000000E+0	7.821978E+0	7.821978E+0	89.851679E+0
59	7.000000E+0	7.821978E+0	7.821978E+0	89.851679E+0
60	7.000000E+0	6.871800E+0	6.871800E+0	86.914616E+0
61	7.000000E+0	6.871800E+0	6.871800E+0	86.914616E+0
62	7.000000E+0	6.871800E+0	6.871800E+0	86.914616E+0
63	7.000000E+0	6.871800E+0	6.871800E+0	86.914616E+0
64	7.000000E+0	6.578679E+0	6.578679E+0	83.131964E+0
65	7.000000E+0	6.578679E+0	6.578679E+0	83.131964E+0
66	7.000000E+0	6.578679E+0	6.578679E+0	83.131964E+0
67	7.000000E+0	6.578679E+0	6.578679E+0	83.131964E+0
68	7.000000E+0	6.962514E+0	6.962514E+0	83.934343E+0
69	7.000000E+0	6.962514E+0	6.962514E+0	83.934343E+0
70	7.000000E+0	6.962514E+0	6.962514E+0	83.934343E+0
71	7.000000E+0	6.962514E+0	6.962514E+0	83.934343E+0
72	7.000000E+0	7.488998E+0	7.488998E+0	86.233690E+0
73	7.000000E+0	7.488998E+0	7.488998E+0	86.233690E+0
74	7.000000E+0	7.488998E+0	7.488998E+0	86.233690E+0
75	7.000000E+0	7.488998E+0	7.488998E+0	86.233690E+0
76	7.000000E+0	8.133438E+0	8.133438E+0	87.816535E+0
77	7.000000E+0	8.133438E+0	8.133438E+0	87.816535E+0
78	7.000000E+0	8.133438E+0	8.133438E+0	87.816535E+0
79	7.000000E+0	8.133438E+0	8.133438E+0	87.816535E+0
80	7.000000E+0	8.815306E+0	8.815306E+0	88.673129E+0
81	7.000000E+0	8.815306E+0	8.815306E+0	88.673129E+0
82	7.000000E+0	8.815306E+0	8.815306E+0	88.673129E+0
83	7.000000E+0	8.815306E+0	8.815306E+0	88.673129E+0
84	7.000000E+0	9.497822E+0	9.497822E+0	85.812627E+0
85	7.000000E+0	9.497822E+0	9.497822E+0	85.812627E+0
86	7.000000E+0	9.497822E+0	9.497822E+0	85.812627E+0
87	7.000000E+0	9.497822E+0	9.497822E+0	85.812627E+0
88	7.000000E+0	10.131741E+0	10.131741E+0	85.311313E+0
89	7.000000E+0	10.131741E+0	10.131741E+0	85.311313E+0
90	7.000000E+0	10.131741E+0	10.131741E+0	85.311313E+0
91	7.000000E+0	10.131741E+0	10.131741E+0	85.311313E+0
92	7.000000E+0	10.786339E+0	10.786339E+0	86.975967E+0
93	7.000000E+0	10.786339E+0	10.786339E+0	86.975967E+0
94	7.000000E+0	10.786339E+0	10.786339E+0	86.975967E+0
95	7.000000E+0	10.786339E+0	10.786339E+0	86.975967E+0
96	7.000000E+0	11.305788E+0	11.305788E+0	88.603726E+0
97	7.000000E+0	11.305788E+0	11.305788E+0	88.603726E+0
98	7.000000E+0	11.305788E+0	11.305788E+0	88.603726E+0
99	7.000000E+0	11.305788E+0	11.305788E+0	88.603726E+0
100	7.000000E+0	11.843518E+0	11.843518E+0	85.335678E+0
101	7.000000E+0	11.843518E+0	11.843518E+0	85.335678E+0
102	7.000000E+0	11.843518E+0	11.843518E+0	85.335678E+0
103	7.000000E+0	11.843518E+0	11.843518E+0	85.335678E+0
104	7.000000E+0	12.262736E+0	12.262736E+0	85.362779E+0
105	7.000000E+0	12.262736E+0	12.262736E+0	85.362779E+0
106	7.000000E+0	12.262736E+0	12.262736E+0	85.362779E+0
107	7.000000E+0	12.262736E+0	12.262736E+0	85.362779E+0
108	7.000000E+0	12.262736E+0	12.262736E+0	85.362779E+0
109	7.000000E+0	12.618120E+0	12.618120E+0	85.791871E+0
110	7.000000E+0	12.618120E+0	12.618120E+0	85.791871E+0
111	7.000000E+0	12.618120E+0	12.618120E+0	85.791871E+0
112	7.000000E+0	12.944887E+0	12.944887E+0	86.650742E+0
113	7.000000E+0	12.944887E+0	12.944887E+0	86.650742E+0
114	7.000000E+0	12.944887E+0	12.944887E+0	86.650742E+0
115	7.000000E+0	12.944887E+0	12.944887E+0	86.650742E+0
116	7.000000E+0	12.944887E+0	12.944887E+0	86.650742E+0
117	7.000000E+0	12.977285E+0	12.977285E+0	86.718085E+0
118	7.000000E+0	12.977285E+0	12.977285E+0	86.718085E+0
119	7.000000E+0	12.977285E+0	12.977285E+0	86.718085E+0
120	7.000000E+0	12.708939E+0	12.708939E+0	85.988078E+0
121	7.000000E+0	12.708939E+0	12.708939E+0	85.988078E+0
122	7.000000E+0	12.708939E+0	12.708939E+0	85.988078E+0
123	7.000000E+0	12.708939E+0	12.708939E+0	85.988078E+0
124	7.000000E+0	12.475657E+0	12.475657E+0	85.992871E+0
125	7.000000E+0	12.475657E+0	12.475657E+0	85.992871E+0
126	7.000000E+0	12.475657E+0	12.475657E+0	85.992871E+0
127	7.000000E+0	12.475657E+0	12.475657E+0	85.992871E+0
128	7.000000E+0	12.320767E+0	12.320767E+0	85.501954E+0
129	7.000000E+0	12.320767E+0	12.320767E+0	85.501954E+0
130	7.000000E+0	12.320767E+0	12.320767E+0	85.501954E+0
131	7.000000E+0	12.320767E+0	12.320767E+0	85.501954E+0
132	7.000000E+0	12.320767E+0	12.320767E+0	85.501954E+0
133	7.000000E+0	12.343761E+0	12.343761E+0	87.220684E+0
134	7.000000E+0	12.343761E+0	12.343761E+0	87.220684E+0
135	7.000000E+0	12.343761E+0	12.343761E+0	87.220684E+0
136	7.000000E+0	12.343761E+0	12.343761E+0	87.220684E+0
137	7.000000E+0	12.375915E+0	12.375915E+0	87.039989E+0
138	7.000000E+0	12.375915E+0	12.375915E+0	87.039989E+0
139	7.000000E+0	12.375915E+0	12.375915E+0	87.039989E+0
140	7.000000E+0	12.375915E+0	12.375915E+0	87.039989E+0
141	7.000000E+0	12.500576E+0	12.500576E+0	85.418697E+0
142	7.000000E+0	12.500576E+0	12.500576E+0	85.418697E+0
143	7.000000E+0	12.500576E+0	12.500576E+0	85.418697E+0
144	7.000000E+0	12.500576E+0	12.500576E+0	85.418697E+0
145	7.000000E+0	12.452585E+0	12.452585E+0	86.234729E+0
146	7.000000E+0	12.452585E+0	12.452585E+0	86.234729E+0
147	7.000000E+0	12.452585E+0	12.452585E+0	86.234729E+0
148	7.000000E+0	12.452585E+0	12.452585E+0	86.234729E+0
149	7.000000E+0	12.403892E+0	12.403892E+0	86.496873E+0
150	7.000000E+0	12.403892E+0	12.403892E+0	86.496873E+0
151	7.000000E+0	12.403892E+0	12.403892E+0	86.496873E+0
152	7.000000E+0	12.403892E+0	12.403892E+0	86.496873E+0
153	7.000000E+0	12.509787E+0	12.509787E+0	86.358362E+0
154	7.000000E+0	12.509787E+0	12.509787E+0	86.358362E+0
155	7.000000E+0	12.509787E+0	12.509787E+0	86.358362E+0
156	7.000000E+0	12.450067E+0	12.450067E+0	86.195758E+0
157	7.000000E+0	12.450067E+0	12.450067E+0	86.195758E+0
158	7.000000E+0	12.450067E+0	12.450067E+0	86.195758E+0
159	7.000000E+0	12.450067E+0	12.450067E+0	86.195758E+0
160	7.000000E+0	12.450067E+0	12.450067E+0	86.195758E+0
161	7.000000E+0	12.502638E+0	12.502638E+0	86.053976E+0
162	7.000000E+0	12.502638E+0	12.502638E+0	86.053976E+0
163	7.000000E+0	12.502638E+0	12.502638E+0	86.053976E+0
164	7.000000E+0	12.502638E+0	12.502638E+0	86.053976E+0
165	7.000000E+0	12.465133E+0	12.465133E+0	86.046745E+0
166	7.000000E+0	12.465133E+0	12.465133E+0	86.046745E+0
167	7.000000E+0	12.465133E+0	12.465133E+0	86.046745E+0
168	7.000000E+0	12.465133E+0	12.465133E+0	86.046745E+0
169	7.000000E+0	12.498817E+0	12.498817E+0	85.887637E+0
170	7.000000E+0	12.498817E+0	12.498817E+0	85.887637E+0
171	7.000000E+0	12.498817E+0	12.498817E+0	85.887637E+0
172	7.000000E+0	12.498817E+0	12.498817E+0	85.887637E+0
173	7.000000E+0	12.461659E+0	12.461659E+0	86.048959E+0
174	7.000000E+0	12.461659E+0	12.461659E+0	86.048959E+0
175	7.000000E+0	12.461659E+0	12.461659E+0	86.048959E+0
176	7.000000E+0	12.461659E+0	12.461659E+0	86.048959E+0
177	7.000000E+0	12.480562E+0	12.480562E+0	85.890104E+0
178	7.000000E+0	12.480562E+0	12.480562E+0	85.890104E+0
179	7.000000E+0	12.480562E+0	12.480562E+0	85.890104E+0
180	7.000000E+0	12.480562E+0	12.480562E+0	85.890104E+0
181	7.000000E+0	12.489386E+0	12.489386E+0	85.969942E+0
182	7.000000E+0	12.489386E+0	12.489386E+0	85.969942E+0
183	7.000000E+0	12.489386E+0	12.489386E+0	85.969942E+0
184	7.000000E+0	12.489386E+0	12.489386E+0	85.969942E+0
185	7.000000E+0	12.476334E+0	12.476334E+0	86.027405E+0
186	7.000000E+0	12.476334E+0	12.476334E+0	86.027405E+0
187	7.000000E+0	12.476334E+0	12.476334E+0	86.027405E+0
188	7.000000E+0	12.476334E+0	12.476334E+0	86.027405E+0
189	7.000000E+0	12.461468E+0	12.461468E+0	86.608032E+0
190	7.000000E+0	12.461468E+0	12.461468E+0	86.608032E+0
191	7.000000E+0	12.461468E+0	12.461468E+0	86.608032E+0
192	7.000000E+0	12.467448E+0	12.467448E+0	86.126971E+0
193	7.000000E+0	12.467448E+0	12.467448E+0	86.126971E+0
194	7.000000E+0	12.467448E+0	12.467448E+0	86.126971E+0
195	7.000000E+0	12.467448E+0	12.467448E+0	86.126971E+0
196	7.000000E+0	12.467448E+0	12.467448E+0	86.126971E+0
197	7.000000E+0	12.461594E+0	12.461594E+0	86.026896E+0
198	7.000000E+0	12.461594E+0	12.461594E+0	86.026896E+0
199	7.000000E+0	12.461594E+0	12.461594E+0	86.026896E+0
200	7.000000E+0	12.461594E+0	12.461594E+0	86.026896E+0
201	7.000000E+0	12.471637E+0	12.471637E+0	86.354416E+0
202	7.000000E+0	12.471637E+0	12.471637E+0	86.354416E+0
203	7.000000E+0	12.471637E+0	12.471637E+0	86.354416E+0
204	7.000000E+0	12.471637E+0	12.471637E+0	86.354416E+0
205	7.000000E+0	12.476867E+0	12.476867E+0	85.878606E+0
206	0.000000E+0	12.476867E+0	12.476867E+0	85.878606E+0
207	0.000000E+0	12.476867E+0	12.476867E+0	85.878606E+0
208	0.000000E+0	12.476867E+0	12.476867E+0	85.878606E+0
209	0.000000E+0	12.483889E+0	12.483889E+0	85.976102E+0
210	0.000000E+0	12.483889E+0	12.483889E+0	85.976102E+0
211	0.000000E+0	12.483889E+0	12.483889E+0	85.976102E+0
212	0.000000E+0	12.483889E+0	12.483889E+0	85.976102E+0
213	0.000000E+0	12.589534E+0	12.589534E+0	84.160854E+0
214	0.000000E+0	12.589534E+0	12.589534E+0	84.160854E+0
215	0.000000E+0	12.589534E+0	12.589534E+0	84.160854E+0
216	0.000000E+0	12.589534E+0	12.589534E+0	84.160854E+0
217	0.000000E+0	12.880855E+0	12.880855E+0	83.381167E+0
218	0.000000E+0	12.880855E+0	12.880855E+0	83.381167E+0
219	0.000000E+0	12.880855E+0	12.880855E+0	83.381167E+0
220	0.000000E+0	12.880855E+0	12.880855E+0	83.381167E+0
221	0.000000E+0	13.407095E+0	13.407095E+0	84.715344E+0
222	0.000000E+0	13.407095E+0	13.407095E+0	84.715344E+0
223	0.000000E+0	13.407095E+0	13.407095E+0	84.715344E+0
224	0.000000E+0	13.407095E+0	13.407095E+0	84.715344E+0
225	0.000000E+0	14.252678E+0	14.252678E+0	84.190476E+0
226	0.000000E+0	14.252678E+0	14.252678E+0	84.190476E+0
227	0.000000E+0	14.252678E+0	14.252678E+0	84.190476E+0
228	0.000000E+0	14.252678E+0	14.252678E+0	84.190476E+0
229	0.000000E+0	15.274302E+0	15.274302E+0	85.843341E+0
230	0.000000E+0	15.274302E+0	15.274302E+0	85.843341E+0
231	0.000000E+0	15.274302E+0	15.274302E+0	85.843341E+0
232	0.000000E+0	15.274302E+0	15.274302E+0	85.843341E+0
233	0.000000E+0	16.561522E+0	16.561522E+0	87.313367E+0
234	0.000000E+0	16.561522E+0	16.561522E+0	87.313367E+0
235	0.000000E+0	16.561522E+0	16.561522E+0	87.313367E+0
236	0.000000E+0	16.561522E+0	16.561522E+0	87.313367E+0
237	0.000000E+0	18.143257E+0	18.143257E+0	86.331670E+0
238	0.000000E+0	18.143257E+0	18.143257E+0	86.331670E+0
239	0.000000E+0	18.143257E+0	18.143257E+0	86.331670E+0
240	0.000000E+0	18.143257E+0	18.143257E+0	86.331670E+0
241	0.000000E+0	19.779608E+0	19.779608E+0	88.541251E+0
242	0.000000E+0	19.779608E+0	19.779608E+0	88.541251E+0
243	0.000000E+0	19.779608E+0	19.779608E+0	88.541251E+0
244	0.000000E+0	19.779608E+0	19.779608E+0	88.541251E+0
245	0.000000E+0	21.339733E+0	21.339733E+0	85.982401E+0
246	0.000000E+0	21.339733E+0	21.339733E+0	85.982401E+0
247	0.000000E+0	21.339733E+0	21.339733E+0	85.982401E+0
248	0.000000E+0	21.339733E+0	21.339733E+0	85.982401E+0
249	0.000000E+0	22.891708E+0	22.891708E+0	84.816824E+0
250	0.000000E+0	22.891708E+0	22.891708E+0	84.816824E+0
251	0.000000E+0	22.891708E+0	22.891708E+0	84.816824E+0
252	0.000000E+0	22.891708E+0	22.891708E+0	84.816824E+0
253	0.000000E+0	24.320304E+0	24.320304E+0	87.012251E+0
254	0.000000E+0	24.320304E+0	24.320304E+0	87.012251E+0
255	0.000000E+0	24.320304E+0	24.320304E+0	87.012251E+0
256	0.000000E+0	24.320304E+0	24.320304E+0	87.012251E+0
257	0.000000E+0	25.773523E+0	25.773523E+0	87.102153E+0
258	0.000000E+0	25.773523E+0	25.773523E+0	87.102153E+0
259	0.000000E+0	25.773523E+0	25.773523E+0	87.102153E+0
260	0.000000E+0	25.773523E+0	25.773523E+0	87.102153E+0
261	0.000000E+0	27.422816E+0	27.422816E+0	85.836541E+0
262	0.000000E+0	27.422816E+0	27.422816E+0	85.836541E+0
263	0.000000E+0	27.422816E+0	27.422816E+0	85.836541E+0
264	0.000000E+0	27.422816E+0	27.422816E+0	85.836541E+0
265	0.000000E+0	29.055634E+0	29.055634E+0	90.680626E+0
266	0.000000E+0	29.055634E+0	29.055634E+0	90.680626E+0
267	0.000000E+0	29.055634E+0	29.055634E+0	90.680626E+0
268	0.000000E+0	29.055634E+0	29.055634E+0	90.680626E+0
269	0.000000E+0	30.560513E+0	30.560513E+0	89.313186E+0
270	0.000000E+0	30.560513E+0	30.560513E+0	89.313186E+0
271	0.000000E+0	30.560513E+0	30.560513E+0	89.313186E+0
272	0.000000E+0	30.560513E+0	30.560513E+0	89.313186E+0
273	0.000000E+0	31.987326E+0	31.987326E+0	87.713195E+0
274	0.000000E+0	31.987326E+0	31.987326E+0	87.713195E+0
275	0.000000E+0	31.987326E+0	31.987326E+0	87.713195E+0
276	0.000000E+0	31.987326E+0	31.987326E+0	87.713195E+0
277	0.000000E+0	33.427450E+0	33.427450E+0	90.099117E+0
278	0.000000E+0	33.427450E+0	33.427450E+0	90.099117E+0
279	0.000000E+0	33.427450E+0	33.427450E+0	90.099117E+0
280	0.000000E+0	33.427450E+0	33.427450E+0	90.099117E+0
281	0.000000E+0	34.988449E+0	34.988449E+0	89.314871E+0
282	0.000000E+0	34.988449E+0	34.988449E+0	89.314871E+0
283	0.000000E+0	34.988449E+0	34.988449E+0	89.314871E+0
284	0.000000E+0	34.988449E+0	34.988449E+0	89.314871E+0
285	0.000000E+0	36.648736E+0	36.648736E+0	87.714779E+0
286	0.000000E+0	36.648736E+0	36.648736E+0	87.714779E+0
287	0.000000E+0	36.648736E+0	36.648736E+0	87.714779E+0
288	0.000000E+0	36.648736E+0	36.648736E+0	87.714779E+0
289	0.000000E+0	36.626802E+0	36.626802E+0	86.766083E+0
290	0.000000E+0	36.626802E+0	36.626802E+0	86.766083E+0
291	0.000000E+0	36.626802E+0	36.626802E+0	86.766083E+0
292	0.000000E+0	36.626802E+0	36.626802E+0	86.766083E+0
293	0.000000E+0	36.410932E+0	36.410932E+0	89.593876E+0
294	0.000000E+0	36.410932E+0	36.410932E+0	89.593876E+0
295	0.000000E+0	36.410932E+0	36.410932E+0	89.593876E+0
296	0.000000E+0	36.410932E+0	36.410932E+0	89.593876E+0
297	0.000000E+0	36.843304E+0	36.843304E+0	87.168416E+0
298	0.000000E+0	36.843304E+0	36.843304E+0	87.168416E+0
299	0.000000E+0	36.843304E+0	36.843304E+0	87.168416E+0
300	0.000000E+0	36.843304E+0	36.843304E+0	87.168416E+0
301	0.000000E+0	37.145640E+0	37.145640E+0	87.714879E+0
302	0.000000E+0	37.145640E+0	37.145640E+0	87.714879E+0
303	0.000000E+0	37.145640E+0	37.145640E+0	87.714879E+0
304	0.000000E+0	37.145640E+0	37.145640E+0	87.714879E+0
305	0.000000E+0	36.873054E+0	36.873054E+0	88.778488E+0
306	0.000000E+0	36.873054E+0	36.873054E+0	88.778488E+0
307	0.000000E+0	36.873054E+0	36.873054E+0	88.778488E+0
308	0.000000E+0	36.873054E+0	36.873054E+0	88.778488E+0
309	0.000000E+0	36.940310E+0	36.940310E+0	87.163609E+0
310	0.000000E+0	36.940310E+0	36.940310E+0	87.163609E+0
311	0.000000E+0	36.940310E+0	36.940310E+0	87.163609E+0
