mardi 10 mars 2020	10:05:16	Sampling Period : 50  ms		B&B alpha1

t	I1	I2	Alpha1	Alpha2	x	y	dotx	doty
0	0.000000E+0	37.185319E+0	37.185319E+0	84.739982E+0
1	0.000000E+0	37.177301E+0	37.177301E+0	84.923230E+0
2	0.000000E+0	37.177301E+0	37.177301E+0	84.923230E+0
3	0.000000E+0	37.177301E+0	37.177301E+0	84.923230E+0
4	0.000000E+0	37.177301E+0	37.177301E+0	84.923230E+0
5	0.000000E+0	37.182629E+0	37.182629E+0	85.107127E+0
6	0.000000E+0	37.182629E+0	37.182629E+0	85.107127E+0
7	0.000000E+0	37.182629E+0	37.182629E+0	85.107127E+0
8	0.000000E+0	37.182629E+0	37.182629E+0	85.107127E+0
9	0.000000E+0	37.182402E+0	37.182402E+0	85.260352E+0
10	0.000000E+0	37.182402E+0	37.182402E+0	85.260352E+0
11	0.000000E+0	37.182402E+0	37.182402E+0	85.260352E+0
12	0.000000E+0	37.182402E+0	37.182402E+0	85.260352E+0
13	0.000000E+0	37.181740E+0	37.181740E+0	85.157409E+0
14	0.000000E+0	37.181740E+0	37.181740E+0	85.157409E+0
15	0.000000E+0	37.181740E+0	37.181740E+0	85.157409E+0
16	0.000000E+0	37.181740E+0	37.181740E+0	85.157409E+0
17	0.000000E+0	37.183221E+0	37.183221E+0	84.908008E+0
18	0.000000E+0	37.183221E+0	37.183221E+0	84.908008E+0
19	0.000000E+0	37.183221E+0	37.183221E+0	84.908008E+0
20	0.000000E+0	37.183221E+0	37.183221E+0	84.908008E+0
21	0.000000E+0	37.176717E+0	37.176717E+0	84.878070E+0
22	0.000000E+0	37.176717E+0	37.176717E+0	84.878070E+0
23	0.000000E+0	37.176717E+0	37.176717E+0	84.878070E+0
24	0.000000E+0	37.176717E+0	37.176717E+0	84.878070E+0
25	0.000000E+0	37.177201E+0	37.177201E+0	84.418477E+0
26	0.000000E+0	37.177201E+0	37.177201E+0	84.418477E+0
27	0.000000E+0	37.177201E+0	37.177201E+0	84.418477E+0
28	0.000000E+0	37.177201E+0	37.177201E+0	84.418477E+0
29	0.000000E+0	37.178434E+0	37.178434E+0	84.257873E+0
30	0.000000E+0	37.178434E+0	37.178434E+0	84.257873E+0
31	0.000000E+0	37.178434E+0	37.178434E+0	84.257873E+0
32	0.000000E+0	37.178434E+0	37.178434E+0	84.257873E+0
33	0.000000E+0	37.181087E+0	37.181087E+0	83.555163E+0
34	0.000000E+0	37.181087E+0	37.181087E+0	83.555163E+0
35	0.000000E+0	37.181087E+0	37.181087E+0	83.555163E+0
36	0.000000E+0	37.181087E+0	37.181087E+0	83.555163E+0
37	0.000000E+0	37.181113E+0	37.181113E+0	83.890301E+0
38	0.000000E+0	37.181113E+0	37.181113E+0	83.890301E+0
39	0.000000E+0	37.181113E+0	37.181113E+0	83.890301E+0
40	0.000000E+0	37.181113E+0	37.181113E+0	83.890301E+0
41	0.000000E+0	37.179749E+0	37.179749E+0	83.866309E+0
42	0.000000E+0	37.179749E+0	37.179749E+0	83.866309E+0
43	0.000000E+0	37.179749E+0	37.179749E+0	83.866309E+0
44	0.000000E+0	37.179749E+0	37.179749E+0	83.866309E+0
45	0.000000E+0	37.179749E+0	37.179749E+0	83.866309E+0
46	0.000000E+0	37.183692E+0	37.183692E+0	84.019063E+0
47	0.000000E+0	37.183692E+0	37.183692E+0	84.019063E+0
48	0.000000E+0	37.183692E+0	37.183692E+0	84.019063E+0
49	0.000000E+0	37.186599E+0	37.186599E+0	84.249330E+0
50	0.000000E+0	37.186599E+0	37.186599E+0	84.249330E+0
51	0.000000E+0	37.186599E+0	37.186599E+0	84.249330E+0
52	0.000000E+0	37.186599E+0	37.186599E+0	84.249330E+0
53	0.000000E+0	37.185271E+0	37.185271E+0	84.413247E+0
54	0.000000E+0	37.185271E+0	37.185271E+0	84.413247E+0
55	0.000000E+0	37.185271E+0	37.185271E+0	84.413247E+0
56	0.000000E+0	37.185271E+0	37.185271E+0	84.413247E+0
57	0.000000E+0	37.184971E+0	37.184971E+0	84.845042E+0
58	0.000000E+0	37.184971E+0	37.184971E+0	84.845042E+0
59	0.000000E+0	37.184971E+0	37.184971E+0	84.845042E+0
60	0.000000E+0	37.184971E+0	37.184971E+0	84.845042E+0
61	0.000000E+0	37.181946E+0	37.181946E+0	84.952676E+0
62	0.000000E+0	37.181946E+0	37.181946E+0	84.952676E+0
63	0.000000E+0	37.181946E+0	37.181946E+0	84.952676E+0
64	0.000000E+0	37.181946E+0	37.181946E+0	84.952676E+0
65	0.000000E+0	37.181625E+0	37.181625E+0	85.332965E+0
66	0.000000E+0	37.181625E+0	37.181625E+0	85.332965E+0
67	0.000000E+0	37.181625E+0	37.181625E+0	85.332965E+0
68	0.000000E+0	37.181625E+0	37.181625E+0	85.332965E+0
69	0.000000E+0	37.181625E+0	37.181625E+0	85.332965E+0
70	0.000000E+0	37.187774E+0	37.187774E+0	85.034109E+0
71	0.000000E+0	37.187774E+0	37.187774E+0	85.034109E+0
72	0.000000E+0	37.187774E+0	37.187774E+0	85.034109E+0
73	0.000000E+0	37.175667E+0	37.175667E+0	85.377605E+0
74	0.000000E+0	37.175667E+0	37.175667E+0	85.377605E+0
75	0.000000E+0	37.175667E+0	37.175667E+0	85.377605E+0
76	0.000000E+0	37.175667E+0	37.175667E+0	85.377605E+0
77	0.000000E+0	37.175667E+0	37.175667E+0	85.377605E+0
78	0.000000E+0	37.179821E+0	37.179821E+0	84.990328E+0
79	0.000000E+0	37.179821E+0	37.179821E+0	84.990328E+0
80	0.000000E+0	37.179821E+0	37.179821E+0	84.990328E+0
81	0.000000E+0	37.184479E+0	37.184479E+0	84.727353E+0
82	0.000000E+0	37.184479E+0	37.184479E+0	84.727353E+0
83	0.000000E+0	37.184479E+0	37.184479E+0	84.727353E+0
84	0.000000E+0	37.184479E+0	37.184479E+0	84.727353E+0
85	0.000000E+0	37.184479E+0	37.184479E+0	84.727353E+0
86	0.000000E+0	37.178924E+0	37.178924E+0	84.229781E+0
87	0.000000E+0	37.178924E+0	37.178924E+0	84.229781E+0
88	0.000000E+0	37.178924E+0	37.178924E+0	84.229781E+0
89	0.000000E+0	37.178924E+0	37.178924E+0	84.229781E+0
90	0.000000E+0	37.177875E+0	37.177875E+0	84.102835E+0
91	0.000000E+0	37.177875E+0	37.177875E+0	84.102835E+0
92	0.000000E+0	37.177875E+0	37.177875E+0	84.102835E+0
93	0.000000E+0	37.177875E+0	37.177875E+0	84.102835E+0
94	0.000000E+0	37.190653E+0	37.190653E+0	83.852477E+0
95	0.000000E+0	37.190653E+0	37.190653E+0	83.852477E+0
96	0.000000E+0	37.190653E+0	37.190653E+0	83.852477E+0
97	0.000000E+0	37.190653E+0	37.190653E+0	83.852477E+0
98	0.000000E+0	37.177100E+0	37.177100E+0	84.146358E+0
99	0.000000E+0	37.177100E+0	37.177100E+0	84.146358E+0
100	0.000000E+0	37.177100E+0	37.177100E+0	84.146358E+0
101	0.000000E+0	37.185068E+0	37.185068E+0	83.735288E+0
102	0.000000E+0	37.185068E+0	37.185068E+0	83.735288E+0
103	0.000000E+0	37.185068E+0	37.185068E+0	83.735288E+0
104	0.000000E+0	37.185068E+0	37.185068E+0	83.735288E+0
105	0.000000E+0	37.185068E+0	37.185068E+0	83.735288E+0
106	0.000000E+0	37.181784E+0	37.181784E+0	83.716024E+0
107	0.000000E+0	37.181784E+0	37.181784E+0	83.716024E+0
108	28.932878E+0	37.181784E+0	37.181784E+0	83.716024E+0
109	28.932878E+0	37.184931E+0	37.184931E+0	84.087922E+0
110	29.008291E+0	37.184931E+0	37.184931E+0	84.087922E+0
111	29.008291E+0	37.184931E+0	37.184931E+0	84.087922E+0
112	29.080827E+0	37.184931E+0	37.184931E+0	84.087922E+0
113	29.080827E+0	37.184931E+0	37.184931E+0	84.087922E+0
114	29.153354E+0	38.314268E+0	38.314268E+0	81.743952E+0
115	29.153354E+0	38.314268E+0	38.314268E+0	81.743952E+0
116	30.250256E+0	38.314268E+0	38.314268E+0	81.743952E+0
117	30.250256E+0	38.314268E+0	38.314268E+0	81.743952E+0
118	30.326247E+0	37.937404E+0	37.937404E+0	82.675084E+0
119	30.326247E+0	37.937404E+0	37.937404E+0	82.675084E+0
120	30.060316E+0	37.937404E+0	37.937404E+0	82.675084E+0
121	30.060316E+0	35.753188E+0	35.753188E+0	77.923077E+0
122	28.157256E+0	35.753188E+0	35.753188E+0	77.923077E+0
123	28.157256E+0	35.753188E+0	35.753188E+0	77.923077E+0
124	28.225581E+0	35.753188E+0	35.753188E+0	77.923077E+0
125	28.225581E+0	35.753188E+0	35.753188E+0	77.923077E+0
126	28.259711E+0	32.816228E+0	32.816228E+0	82.196146E+0
127	28.293936E+0	32.816228E+0	32.816228E+0	82.196146E+0
128	25.698278E+0	32.816228E+0	32.816228E+0	82.196146E+0
129	25.698278E+0	32.816228E+0	32.816228E+0	82.196146E+0
130	25.728132E+0	29.863408E+0	29.863408E+0	85.157943E+0
131	23.113742E+0	29.863408E+0	29.863408E+0	85.157943E+0
132	23.113742E+0	29.863408E+0	29.863408E+0	85.157943E+0
133	23.164217E+0	29.863408E+0	29.863408E+0	85.157943E+0
134	23.164217E+0	26.956182E+0	26.956182E+0	85.670260E+0
135	23.189708E+0	26.956182E+0	26.956182E+0	85.670260E+0
136	20.582214E+0	26.956182E+0	26.956182E+0	85.670260E+0
137	20.603296E+0	26.956182E+0	26.956182E+0	85.670260E+0
138	20.624364E+0	24.456217E+0	24.456217E+0	90.943581E+0
139	20.645033E+0	24.456217E+0	24.456217E+0	90.943581E+0
140	18.402381E+0	24.456217E+0	24.456217E+0	90.943581E+0
141	18.419565E+0	24.456217E+0	24.456217E+0	90.943581E+0
142	18.436807E+0	21.761525E+0	21.761525E+0	91.053172E+0
143	18.454081E+0	21.761525E+0	21.761525E+0	91.053172E+0
144	16.030873E+0	21.761525E+0	21.761525E+0	91.053172E+0
145	16.044218E+0	21.761525E+0	21.761525E+0	91.053172E+0
146	16.057511E+0	19.191299E+0	19.191299E+0	91.657276E+0
147	16.070352E+0	19.191299E+0	19.191299E+0	91.657276E+0
148	13.756305E+0	19.191299E+0	19.191299E+0	91.657276E+0
149	13.765592E+0	19.191299E+0	19.191299E+0	91.657276E+0
150	13.774942E+0	16.896137E+0	16.896137E+0	92.930511E+0
151	13.784325E+0	16.896137E+0	16.896137E+0	92.930511E+0
152	11.715060E+0	16.896137E+0	16.896137E+0	92.930511E+0
153	11.720998E+0	16.896137E+0	16.896137E+0	92.930511E+0
154	11.727002E+0	14.856047E+0	14.856047E+0	91.850270E+0
155	11.732526E+0	14.856047E+0	14.856047E+0	91.850270E+0
156	9.891260E+0	14.856047E+0	14.856047E+0	91.850270E+0
157	9.894077E+0	14.856047E+0	14.856047E+0	91.850270E+0
158	9.896796E+0	12.841333E+0	12.841333E+0	90.972472E+0
159	9.899775E+0	12.841333E+0	12.841333E+0	90.972472E+0
160	8.077911E+0	12.841333E+0	12.841333E+0	90.972472E+0
161	8.077869E+0	12.841333E+0	12.841333E+0	90.972472E+0
162	8.077826E+0	11.467126E+0	11.467126E+0	87.922047E+0
163	8.077164E+0	11.467126E+0	11.467126E+0	87.922047E+0
164	6.830478E+0	11.467126E+0	11.467126E+0	87.922047E+0
165	6.830478E+0	11.467126E+0	11.467126E+0	87.922047E+0
166	6.826073E+0	10.023619E+0	10.023619E+0	84.863039E+0
167	6.826073E+0	10.023619E+0	10.023619E+0	84.863039E+0
168	5.512021E+0	10.023619E+0	10.023619E+0	84.863039E+0
169	5.512021E+0	10.023619E+0	10.023619E+0	84.863039E+0
170	5.507748E+0	8.850959E+0	8.850959E+0	83.304154E+0
171	5.502931E+0	8.850959E+0	8.850959E+0	83.304154E+0
172	4.436847E+0	8.850959E+0	8.850959E+0	83.304154E+0
173	4.430591E+0	8.850959E+0	8.850959E+0	83.304154E+0
174	4.424241E+0	8.145780E+0	8.145780E+0	87.098045E+0
175	4.418269E+0	8.145780E+0	8.145780E+0	87.098045E+0
176	3.773193E+0	8.145780E+0	8.145780E+0	87.098045E+0
177	3.766069E+0	8.145780E+0	8.145780E+0	87.098045E+0
178	3.758940E+0	7.108467E+0	7.108467E+0	84.000278E+0
179	3.751352E+0	7.108467E+0	7.108467E+0	84.000278E+0
180	2.804907E+0	7.108467E+0	7.108467E+0	84.000278E+0
181	2.796130E+0	7.108467E+0	7.108467E+0	84.000278E+0
182	2.787322E+0	5.974412E+0	5.974412E+0	85.910440E+0
183	2.778572E+0	5.974412E+0	5.974412E+0	85.910440E+0
184	1.742494E+0	5.974412E+0	5.974412E+0	85.910440E+0
185	1.732164E+0	5.974412E+0	5.974412E+0	85.910440E+0
186	1.721769E+0	4.866818E+0	4.866818E+0	86.189832E+0
187	1.710943E+0	4.866818E+0	4.866818E+0	86.189832E+0
188	697.622114E-3	4.866818E+0	4.866818E+0	86.189832E+0
189	685.422341E-3	4.866818E+0	4.866818E+0	86.189832E+0
190	673.222568E-3	4.452661E+0	4.452661E+0	88.644279E+0
191	661.158310E-3	4.452661E+0	4.452661E+0	88.644279E+0
192	273.720138E-3	4.452661E+0	4.452661E+0	88.644279E+0
193	260.954805E-3	4.452661E+0	4.452661E+0	88.644279E+0
194	248.265149E-3	5.047326E+0	5.047326E+0	84.917839E+0
195	235.208694E-3	5.047326E+0	5.047326E+0	84.917839E+0
196	760.989025E-3	5.047326E+0	5.047326E+0	84.917839E+0
197	737.105664E-3	5.047326E+0	5.047326E+0	84.917839E+0
198	737.105664E-3	5.941156E+0	5.941156E+0	83.809020E+0
199	725.324299E-3	5.941156E+0	5.941156E+0	83.809020E+0
200	1.522536E+0	5.941156E+0	5.941156E+0	83.809020E+0
201	1.512023E+0	5.941156E+0	5.941156E+0	83.809020E+0
202	1.501624E+0	6.723346E+0	6.723346E+0	84.717574E+0
203	1.490727E+0	6.723346E+0	6.723346E+0	84.717574E+0
204	2.188532E+0	6.723346E+0	6.723346E+0	84.717574E+0
205	2.179141E+0	6.723346E+0	6.723346E+0	84.717574E+0
206	2.169726E+0	7.624323E+0	7.624323E+0	86.153035E+0
207	2.160422E+0	7.624323E+0	7.624323E+0	86.153035E+0
208	2.966617E+0	7.624323E+0	7.624323E+0	86.153035E+0
209	2.958666E+0	7.624323E+0	7.624323E+0	86.153035E+0
210	2.950711E+0	8.379078E+0	8.379078E+0	87.574197E+0
211	2.942452E+0	8.379078E+0	8.379078E+0	87.574197E+0
212	3.617928E+0	8.379078E+0	8.379078E+0	87.574197E+0
213	3.610975E+0	8.379078E+0	8.379078E+0	87.574197E+0
214	3.604002E+0	8.857968E+0	8.857968E+0	80.195737E+0
215	3.597216E+0	8.857968E+0	8.857968E+0	80.195737E+0
216	4.023711E+0	8.857968E+0	8.857968E+0	80.195737E+0
217	4.011511E+0	8.857968E+0	8.857968E+0	80.195737E+0
218	4.011511E+0	9.937435E+0	9.937435E+0	78.300727E+0
219	4.005075E+0	9.937435E+0	9.937435E+0	78.300727E+0
220	4.976421E+0	9.937435E+0	9.937435E+0	78.300727E+0
221	4.971827E+0	9.937435E+0	9.937435E+0	78.300727E+0
222	4.967272E+0	11.433772E+0	11.433772E+0	81.320906E+0
223	4.962736E+0	11.433772E+0	11.433772E+0	81.320906E+0
224	6.312860E+0	11.433772E+0	11.433772E+0	81.320906E+0
225	6.310609E+0	11.433772E+0	11.433772E+0	81.320906E+0
226	6.308376E+0	12.787955E+0	12.787955E+0	79.637012E+0
227	6.305833E+0	12.787955E+0	12.787955E+0	79.637012E+0
228	7.529793E+0	12.787955E+0	12.787955E+0	79.637012E+0
229	7.529475E+0	12.787955E+0	12.787955E+0	79.637012E+0
230	7.529157E+0	12.878408E+0	12.878408E+0	77.914894E+0
231	7.528935E+0	12.878408E+0	12.878408E+0	77.914894E+0
232	7.610369E+0	12.878408E+0	12.878408E+0	77.914894E+0
233	7.610244E+0	12.878408E+0	12.878408E+0	77.914894E+0
234	7.610100E+0	11.932054E+0	11.932054E+0	84.166293E+0
235	7.609802E+0	11.932054E+0	11.932054E+0	84.166293E+0
236	6.751152E+0	11.932054E+0	11.932054E+0	84.166293E+0
237	6.749569E+0	11.932054E+0	11.932054E+0	84.166293E+0
238	6.749569E+0	11.154456E+0	11.154456E+0	86.747025E+0
239	6.748062E+0	11.154456E+0	11.154456E+0	86.747025E+0
240	6.042155E+0	11.154456E+0	11.154456E+0	86.747025E+0
241	6.039482E+0	11.154456E+0	11.154456E+0	86.747025E+0
242	6.036864E+0	10.689755E+0	10.689755E+0	88.297326E+0
243	6.033832E+0	10.689755E+0	10.689755E+0	88.297326E+0
244	5.610353E+0	10.689755E+0	10.689755E+0	88.297326E+0
245	5.606925E+0	10.689755E+0	10.689755E+0	88.297326E+0
246	5.603460E+0	10.500725E+0	10.500725E+0	83.857331E+0
247	5.600086E+0	10.500725E+0	10.500725E+0	83.857331E+0
248	5.425270E+0	10.500725E+0	10.500725E+0	83.857331E+0
249	5.421614E+0	10.500725E+0	10.500725E+0	83.857331E+0
250	5.414025E+0	10.797811E+0	10.797811E+0	85.380487E+0
251	5.414025E+0	10.797811E+0	10.797811E+0	85.380487E+0
252	5.679432E+0	10.797811E+0	10.797811E+0	85.380487E+0
253	5.672754E+0	10.797811E+0	10.797811E+0	85.380487E+0
254	5.672754E+0	11.210608E+0	11.210608E+0	85.997542E+0
255	5.669556E+0	11.210608E+0	11.210608E+0	85.997542E+0
256	6.039864E+0	11.210608E+0	11.210608E+0	85.997542E+0
257	6.037251E+0	11.210608E+0	11.210608E+0	85.997542E+0
258	6.034671E+0	11.606117E+0	11.606117E+0	85.234612E+0
259	6.031830E+0	11.606117E+0	11.606117E+0	85.234612E+0
260	6.387332E+0	11.606117E+0	11.606117E+0	85.234612E+0
261	6.385276E+0	11.606117E+0	11.606117E+0	85.234612E+0
262	6.383202E+0	12.012020E+0	12.012020E+0	85.366429E+0
263	6.381145E+0	12.012020E+0	12.012020E+0	85.366429E+0
264	6.746412E+0	12.012020E+0	12.012020E+0	85.366429E+0
265	6.745067E+0	12.012020E+0	12.012020E+0	85.366429E+0
266	6.743670E+0	12.278412E+0	12.278412E+0	84.608150E+0
267	6.741967E+0	12.278412E+0	12.278412E+0	84.608150E+0
268	6.981822E+0	12.278412E+0	12.278412E+0	84.608150E+0
269	6.980740E+0	12.278412E+0	12.278412E+0	84.608150E+0
270	6.978659E+0	12.278412E+0	12.278412E+0	84.608150E+0
271	6.978659E+0	12.386161E+0	12.386161E+0	83.568144E+0
272	7.075009E+0	12.386161E+0	12.386161E+0	83.568144E+0
273	7.074122E+0	12.386161E+0	12.386161E+0	83.568144E+0
274	7.073268E+0	12.322329E+0	12.322329E+0	83.661245E+0
275	7.072213E+0	12.322329E+0	12.322329E+0	83.661245E+0
276	7.012560E+0	12.322329E+0	12.322329E+0	83.661245E+0
277	7.012560E+0	12.322329E+0	12.322329E+0	83.661245E+0
278	7.011543E+0	12.322329E+0	12.322329E+0	83.661245E+0
279	7.010626E+0	12.309239E+0	12.309239E+0	83.407077E+0
280	7.009410E+0	12.309239E+0	12.309239E+0	83.407077E+0
281	6.996624E+0	12.309239E+0	12.309239E+0	83.407077E+0
282	6.995736E+0	12.365342E+0	12.365342E+0	83.529084E+0
283	6.994485E+0	12.365342E+0	12.365342E+0	83.529084E+0
284	7.044284E+0	12.365342E+0	12.365342E+0	83.529084E+0
285	7.043398E+0	12.365342E+0	12.365342E+0	83.529084E+0
286	7.042429E+0	12.365342E+0	12.365342E+0	83.529084E+0
287	7.041559E+0	12.344114E+0	12.344114E+0	84.331851E+0
288	7.040443E+0	12.344114E+0	12.344114E+0	84.331851E+0
289	7.020351E+0	12.344114E+0	12.344114E+0	84.331851E+0
290	7.019449E+0	12.341405E+0	12.341405E+0	85.356229E+0
291	7.018286E+0	12.341405E+0	12.341405E+0	85.356229E+0
292	7.014996E+0	12.341405E+0	12.341405E+0	85.356229E+0
293	7.012939E+0	12.341405E+0	12.341405E+0	85.356229E+0
294	7.012939E+0	12.341405E+0	12.341405E+0	85.356229E+0
295	7.012048E+0	12.358988E+0	12.358988E+0	84.960855E+0
296	7.010914E+0	12.358988E+0	12.358988E+0	84.960855E+0
297	7.025032E+0	12.358988E+0	12.358988E+0	84.960855E+0
298	7.025032E+0	12.373937E+0	12.373937E+0	83.726948E+0
299	7.023925E+0	12.373937E+0	12.373937E+0	83.726948E+0
300	7.035619E+0	12.373937E+0	12.373937E+0	83.726948E+0
301	7.035619E+0	12.373937E+0	12.373937E+0	83.726948E+0
302	7.034712E+0	12.373937E+0	12.373937E+0	83.726948E+0
303	7.033821E+0	12.379963E+0	12.379963E+0	84.002472E+0
304	7.032689E+0	12.379963E+0	12.379963E+0	84.002472E+0
305	7.037319E+0	12.379963E+0	12.379963E+0	84.002472E+0
306	7.036469E+0	12.379963E+0	12.379963E+0	84.002472E+0
307	7.034529E+0	12.363577E+0	12.363577E+0	84.481833E+0
308	7.034529E+0	12.363577E+0	12.363577E+0	84.481833E+0
309	7.018761E+0	12.363577E+0	12.363577E+0	84.481833E+0
310	7.016931E+0	12.363604E+0	12.363604E+0	84.472125E+0
311	7.016931E+0	12.363604E+0	12.363604E+0	84.472125E+0
312	7.015874E+0	12.363604E+0	12.363604E+0	84.472125E+0
313	7.014076E+0	12.363604E+0	12.363604E+0	84.472125E+0
314	7.014076E+0	12.363604E+0	12.363604E+0	84.472125E+0
315	7.012979E+0	12.358243E+0	12.358243E+0	84.676183E+0
316	7.012088E+0	12.358243E+0	12.358243E+0	84.676183E+0
317	7.005332E+0	12.358243E+0	12.358243E+0	84.676183E+0
318	7.005332E+0	12.358243E+0	12.358243E+0	84.676183E+0
319	7.003329E+0	12.362256E+0	12.362256E+0	84.643189E+0
320	7.003329E+0	12.362256E+0	12.362256E+0	84.643189E+0
321	7.006077E+0	12.362256E+0	12.362256E+0	84.643189E+0
322	7.005229E+0	12.366290E+0	12.366290E+0	84.282269E+0
323	7.004086E+0	12.366290E+0	12.366290E+0	84.282269E+0
324	7.003177E+0	12.366290E+0	12.366290E+0	84.282269E+0
325	7.005031E+0	12.366290E+0	12.366290E+0	84.282269E+0
326	7.005031E+0	12.366290E+0	12.366290E+0	84.282269E+0
327	7.003942E+0	12.359350E+0	12.359350E+0	84.758735E+0
328	7.003037E+0	12.359350E+0	12.359350E+0	84.758735E+0
329	6.994933E+0	12.359350E+0	12.359350E+0	84.758735E+0
330	6.994933E+0	12.359350E+0	12.359350E+0	84.758735E+0
331	6.993834E+0	12.358032E+0	12.358032E+0	84.459330E+0
332	6.992950E+0	12.358032E+0	12.358032E+0	84.459330E+0
333	6.989787E+0	12.358032E+0	12.358032E+0	84.459330E+0
334	6.989787E+0	12.358032E+0	12.358032E+0	84.459330E+0
335	6.988930E+0	12.359282E+0	12.359282E+0	84.473876E+0
336	6.988076E+0	12.359282E+0	12.359282E+0	84.473876E+0
337	6.988076E+0	12.359282E+0	12.359282E+0	84.473876E+0
338	6.987085E+0	12.359282E+0	12.359282E+0	84.473876E+0
339	6.985102E+0	12.358210E+0	12.358210E+0	84.399543E+0
340	6.985102E+0	12.358210E+0	12.358210E+0	84.399543E+0
341	6.983245E+0	12.358210E+0	12.358210E+0	84.399543E+0
342	6.982313E+0	12.358210E+0	12.358210E+0	84.399543E+0
343	6.981395E+0	12.358795E+0	12.358795E+0	84.384681E+0
344	6.980252E+0	12.358795E+0	12.358795E+0	84.384681E+0
345	6.979924E+0	12.358795E+0	12.358795E+0	84.384681E+0
346	6.979037E+0	12.358795E+0	12.358795E+0	84.384681E+0
347	6.977926E+0	12.362092E+0	12.362092E+0	84.072722E+0
348	6.977039E+0	12.362092E+0	12.362092E+0	84.072722E+0
349	6.979062E+0	12.362092E+0	12.362092E+0	84.072722E+0
350	6.978106E+0	12.362092E+0	12.362092E+0	84.072722E+0
351	6.977223E+0	12.358639E+0	12.358639E+0	83.998337E+0
352	6.976147E+0	12.358639E+0	12.358639E+0	83.998337E+0
353	6.972109E+0	12.358639E+0	12.358639E+0	83.998337E+0
354	6.971205E+0	12.358639E+0	12.358639E+0	83.998337E+0
355	6.969223E+0	12.361255E+0	12.361255E+0	84.239879E+0
356	6.969223E+0	12.361255E+0	12.361255E+0	84.239879E+0
357	6.969671E+0	12.361255E+0	12.361255E+0	84.239879E+0
358	6.969671E+0	12.361255E+0	12.361255E+0	84.239879E+0
359	6.968786E+0	12.355706E+0	12.355706E+0	84.354996E+0
360	6.961772E+0	12.355706E+0	12.355706E+0	84.354996E+0
361	6.961772E+0	12.355706E+0	12.355706E+0	84.354996E+0
362	6.960907E+0	12.355706E+0	12.355706E+0	84.354996E+0
363	6.959767E+0	12.352770E+0	12.352770E+0	84.542359E+0
364	6.958844E+0	12.352770E+0	12.352770E+0	84.542359E+0
365	6.955248E+0	12.352770E+0	12.352770E+0	84.542359E+0
366	6.954277E+0	12.352770E+0	12.352770E+0	84.542359E+0
367	6.952263E+0	12.351776E+0	12.351776E+0	84.657923E+0
368	6.952263E+0	12.351776E+0	12.351776E+0	84.657923E+0
369	6.949563E+0	12.351776E+0	12.351776E+0	84.657923E+0
370	6.949563E+0	12.351776E+0	12.351776E+0	84.657923E+0
371	6.947590E+0	12.351603E+0	12.351603E+0	84.481633E+0
372	6.947590E+0	12.351603E+0	12.351603E+0	84.481633E+0
373	6.946404E+0	12.351603E+0	12.351603E+0	84.481633E+0
374	6.944544E+0	12.351603E+0	12.351603E+0	84.481633E+0
375	6.944544E+0	12.357530E+0	12.357530E+0	84.540054E+0
376	6.947909E+0	12.357530E+0	12.357530E+0	84.540054E+0
377	6.947909E+0	12.357530E+0	12.357530E+0	84.540054E+0
378	6.945897E+0	12.357530E+0	12.357530E+0	84.540054E+0
379	6.945897E+0	12.352316E+0	12.352316E+0	84.346978E+0
380	6.945004E+0	12.352316E+0	12.352316E+0	84.346978E+0
381	6.938389E+0	12.352316E+0	12.352316E+0	84.346978E+0
382	6.938389E+0	12.352316E+0	12.352316E+0	84.346978E+0
383	6.937445E+0	12.347974E+0	12.347974E+0	84.022721E+0
384	6.936306E+0	12.347974E+0	12.347974E+0	84.022721E+0
385	6.931501E+0	12.347974E+0	12.347974E+0	84.022721E+0
386	6.930606E+0	12.347974E+0	12.347974E+0	84.022721E+0
387	6.929461E+0	12.353915E+0	12.353915E+0	84.085596E+0
388	6.928567E+0	12.353915E+0	12.353915E+0	84.085596E+0
389	6.932968E+0	12.353915E+0	12.353915E+0	84.085596E+0
390	6.931999E+0	12.353915E+0	12.353915E+0	84.085596E+0
391	6.931112E+0	12.353407E+0	12.353407E+0	84.083473E+0
392	6.930006E+0	12.353407E+0	12.353407E+0	84.083473E+0
393	6.928632E+0	12.353407E+0	12.353407E+0	84.083473E+0
394	6.927716E+0	12.353407E+0	12.353407E+0	84.083473E+0
395	6.926610E+0	12.349906E+0	12.349906E+0	83.875978E+0
396	6.925722E+0	12.349906E+0	12.349906E+0	83.875978E+0
397	6.921596E+0	12.349906E+0	12.349906E+0	83.875978E+0
398	6.920594E+0	12.349906E+0	12.349906E+0	83.875978E+0
399	6.919700E+0	12.354608E+0	12.354608E+0	83.706437E+0
400	6.918589E+0	12.354608E+0	12.354608E+0	83.706437E+0
