mardi 10 mars 2020	09:08:37	Sampling Period : 50  ms		B&B alpha1

t	I1	I2	Alpha1	Alpha2	x	y	dotx	doty
0	0.000000E+0	36.815389E+0	36.815389E+0	82.238178E+0
1	0.000000E+0	36.815389E+0	36.815389E+0	82.238178E+0
2	0.000000E+0	36.815389E+0	36.815389E+0	82.238178E+0
3	0.000000E+0	36.822178E+0	36.822178E+0	83.167327E+0
4	0.000000E+0	36.822178E+0	36.822178E+0	83.167327E+0
5	0.000000E+0	36.822178E+0	36.822178E+0	83.167327E+0
6	0.000000E+0	36.822178E+0	36.822178E+0	83.167327E+0
7	0.000000E+0	36.825128E+0	36.825128E+0	84.045556E+0
8	0.000000E+0	36.825128E+0	36.825128E+0	84.045556E+0
9	0.000000E+0	36.825128E+0	36.825128E+0	84.045556E+0
10	0.000000E+0	36.825128E+0	36.825128E+0	84.045556E+0
11	0.000000E+0	36.814043E+0	36.814043E+0	84.248724E+0
12	33.964626E+0	36.814043E+0	36.814043E+0	84.248724E+0
13	34.082234E+0	36.814043E+0	36.814043E+0	84.248724E+0
14	34.210950E+0	36.814043E+0	36.814043E+0	84.248724E+0
15	34.339662E+0	36.813675E+0	36.813675E+0	84.301611E+0
16	34.467988E+0	36.813675E+0	36.813675E+0	84.301611E+0
17	34.596692E+0	36.813675E+0	36.813675E+0	84.301611E+0
18	34.725443E+0	36.813675E+0	36.813675E+0	84.301611E+0
19	34.854098E+0	38.413771E+0	38.413771E+0	81.963908E+0
20	36.591224E+0	38.413771E+0	38.413771E+0	81.963908E+0
21	36.727622E+0	38.413771E+0	38.413771E+0	81.963908E+0
22	36.864006E+0	38.413771E+0	38.413771E+0	81.963908E+0
23	37.000412E+0	38.147790E+0	38.147790E+0	80.438402E+0
24	36.869405E+0	38.147790E+0	38.147790E+0	80.438402E+0
25	37.004513E+0	38.147790E+0	38.147790E+0	80.438402E+0
26	37.139646E+0	38.147790E+0	38.147790E+0	80.438402E+0
27	37.274727E+0	35.494208E+0	35.494208E+0	79.713685E+0
28	34.742463E+0	35.494208E+0	35.494208E+0	79.713685E+0
29	34.864835E+0	35.494208E+0	35.494208E+0	79.713685E+0
30	34.987207E+0	35.494208E+0	35.494208E+0	79.713685E+0
31	35.109616E+0	32.034420E+0	32.034420E+0	80.755527E+0
32	31.754176E+0	32.034420E+0	32.034420E+0	80.755527E+0
33	31.859940E+0	32.034420E+0	32.034420E+0	80.755527E+0
34	31.965728E+0	32.034420E+0	32.034420E+0	80.755527E+0
35	32.071470E+0	28.419726E+0	28.419726E+0	79.280957E+0
36	32.177238E+0	28.419726E+0	28.419726E+0	79.280957E+0
37	28.649511E+0	28.419726E+0	28.419726E+0	79.280957E+0
38	28.737924E+0	28.419726E+0	28.419726E+0	79.280957E+0
39	28.826377E+0	24.936729E+0	24.936729E+0	81.615014E+0
40	25.413637E+0	24.936729E+0	24.936729E+0	81.615014E+0
41	25.485350E+0	24.936729E+0	24.936729E+0	81.615014E+0
42	25.557068E+0	24.936729E+0	24.936729E+0	81.615014E+0
43	25.628728E+0	21.351691E+0	21.351691E+0	81.757235E+0
44	22.096749E+0	21.351691E+0	21.351691E+0	81.757235E+0
45	22.151239E+0	21.351691E+0	21.351691E+0	81.757235E+0
46	22.205735E+0	21.351691E+0	21.351691E+0	81.757235E+0
47	22.260241E+0	18.083068E+0	18.083068E+0	79.634079E+0
48	19.029073E+0	18.083068E+0	18.083068E+0	79.634079E+0
49	19.067888E+0	18.083068E+0	18.083068E+0	79.634079E+0
50	19.106712E+0	18.083068E+0	18.083068E+0	79.634079E+0
51	19.145474E+0	15.287833E+0	15.287833E+0	79.878087E+0
52	16.374516E+0	15.287833E+0	15.287833E+0	79.878087E+0
53	16.399894E+0	15.287833E+0	15.287833E+0	79.878087E+0
54	16.425283E+0	15.287833E+0	15.287833E+0	79.878087E+0
55	16.450677E+0	12.644097E+0	12.644097E+0	82.895267E+0
56	13.818547E+0	12.644097E+0	12.644097E+0	82.895267E+0
57	13.831245E+0	12.644097E+0	12.644097E+0	82.895267E+0
58	13.843962E+0	12.644097E+0	12.644097E+0	82.895267E+0
59	13.856618E+0	12.644097E+0	12.644097E+0	82.895267E+0
60	13.869334E+0	10.215311E+0	10.215311E+0	82.597331E+0
61	11.440614E+0	10.215311E+0	10.215311E+0	82.597331E+0
62	11.441637E+0	10.215311E+0	10.215311E+0	82.597331E+0
63	11.442670E+0	7.801171E+0	7.801171E+0	82.072464E+0
64	9.017000E+0	7.801171E+0	7.801171E+0	82.072464E+0
65	9.006450E+0	7.801171E+0	7.801171E+0	82.072464E+0
66	8.995926E+0	7.801171E+0	7.801171E+0	82.072464E+0
67	8.985324E+0	7.801171E+0	7.801171E+0	82.072464E+0
68	8.974797E+0	5.879326E+0	5.879326E+0	83.688297E+0
69	7.032397E+0	5.879326E+0	5.879326E+0	83.688297E+0
70	7.012621E+0	5.879326E+0	5.879326E+0	83.688297E+0
71	6.992863E+0	3.892002E+0	3.892002E+0	82.042053E+0
72	4.975393E+0	3.892002E+0	3.892002E+0	82.042053E+0
73	4.946085E+0	3.892002E+0	3.892002E+0	82.042053E+0
74	4.916772E+0	3.892002E+0	3.892002E+0	82.042053E+0
75	4.887431E+0	3.892002E+0	3.892002E+0	82.042053E+0
76	4.858141E+0	2.218059E+0	2.218059E+0	80.746850E+0
77	3.146165E+0	2.218059E+0	2.218059E+0	80.746850E+0
78	3.108804E+0	2.218059E+0	2.218059E+0	80.746850E+0
79	3.071476E+0	921.545054E-3	921.545054E-3	80.089412E+0
80	1.730838E+0	921.545054E-3	921.545054E-3	80.089412E+0
81	1.687281E+0	921.545054E-3	921.545054E-3	80.089412E+0
82	1.643713E+0	921.545054E-3	921.545054E-3	80.089412E+0
83	1.600082E+0	-46.285875E-3	-46.285875E-3	82.808900E+0
84	583.682388E-3	-46.285875E-3	-46.285875E-3	82.808900E+0
85	535.464344E-3	-46.285875E-3	-46.285875E-3	82.808900E+0
86	487.231987E-3	-46.285875E-3	-46.285875E-3	82.808900E+0
87	439.033718E-3	-509.863405E-3	-509.863405E-3	85.524884E+0
88	-75.220569E-3	-509.863405E-3	-509.863405E-3	85.524884E+0
89	-125.639504E-3	-509.863405E-3	-509.863405E-3	85.524884E+0
90	-176.080684E-3	-509.863405E-3	-509.863405E-3	85.524884E+0
91	-226.528178E-3	-444.569921E-3	-444.569921E-3	85.251203E+0
92	-211.385948E-3	-444.569921E-3	-444.569921E-3	85.251203E+0
93	-261.486499E-3	-444.569921E-3	-444.569921E-3	85.251203E+0
94	-311.618782E-3	-444.569921E-3	-444.569921E-3	85.251203E+0
95	-361.750581E-3	-444.569921E-3	-444.569921E-3	85.251203E+0
96	-411.901905E-3	92.944660E-3	92.944660E-3	87.114112E+0
97	78.297401E-3	92.944660E-3	92.944660E-3	87.114112E+0
98	30.735304E-3	92.944660E-3	92.944660E-3	87.114112E+0
99	-16.838159E-3	92.944660E-3	92.944660E-3	87.114112E+0
100	-64.367711E-3	1.003181E+0	1.003181E+0	86.815974E+0
101	-111.927510E-3	1.003181E+0	1.003181E+0	86.815974E+0
102	755.484730E-3	1.003181E+0	1.003181E+0	86.815974E+0
103	712.306667E-3	1.003181E+0	1.003181E+0	86.815974E+0
104	669.107955E-3	1.749793E+0	1.749793E+0	81.491758E+0
105	1.376430E+0	1.749793E+0	1.749793E+0	81.491758E+0
106	1.336835E+0	1.749793E+0	1.749793E+0	81.491758E+0
107	1.297210E+0	2.738889E+0	2.738889E+0	82.943907E+0
108	1.257627E+0	2.738889E+0	2.738889E+0	82.943907E+0
109	2.212264E+0	2.738889E+0	2.738889E+0	82.943907E+0
110	2.177413E+0	2.738889E+0	2.738889E+0	82.943907E+0
111	2.142561E+0	2.738889E+0	2.738889E+0	82.943907E+0
112	2.107697E+0	3.887156E+0	3.887156E+0	83.627784E+0
113	3.227079E+0	3.887156E+0	3.887156E+0	83.627784E+0
114	3.197756E+0	3.887156E+0	3.887156E+0	83.627784E+0
115	3.168394E+0	3.887156E+0	3.887156E+0	83.627784E+0
116	3.139068E+0	4.967727E+0	4.967727E+0	82.047759E+0
117	4.195907E+0	4.967727E+0	4.967727E+0	82.047759E+0
118	4.171758E+0	4.967727E+0	4.967727E+0	82.047759E+0
119	4.147620E+0	4.967727E+0	4.967727E+0	82.047759E+0
120	4.123418E+0	5.977347E+0	5.977347E+0	82.565903E+0
121	5.114167E+0	5.977347E+0	5.977347E+0	82.565903E+0
122	5.094860E+0	5.977347E+0	5.977347E+0	82.565903E+0
123	5.075531E+0	6.434677E+0	6.434677E+0	85.805160E+0
124	5.056236E+0	6.434677E+0	6.434677E+0	85.805160E+0
125	5.496639E+0	6.434677E+0	6.434677E+0	85.805160E+0
126	5.479518E+0	6.434677E+0	6.434677E+0	85.805160E+0
127	5.462417E+0	6.434677E+0	6.434677E+0	85.805160E+0
128	5.445282E+0	7.531939E+0	7.531939E+0	85.174199E+0
129	6.531147E+0	7.531939E+0	7.531939E+0	85.174199E+0
130	6.519309E+0	7.531939E+0	7.531939E+0	85.174199E+0
131	6.507450E+0	7.531939E+0	7.531939E+0	85.174199E+0
132	6.495613E+0	8.726727E+0	8.726727E+0	84.415737E+0
133	7.684758E+0	8.726727E+0	8.726727E+0	84.415737E+0
134	7.678651E+0	8.726727E+0	8.726727E+0	84.415737E+0
135	7.672547E+0	8.726727E+0	8.726727E+0	84.415737E+0
136	7.666416E+0	10.261014E+0	10.261014E+0	83.041028E+0
137	9.202586E+0	10.261014E+0	10.261014E+0	83.041028E+0
138	9.203857E+0	10.261014E+0	10.261014E+0	83.041028E+0
139	9.205059E+0	10.261014E+0	10.261014E+0	83.041028E+0
140	9.206341E+0	11.320441E+0	11.320441E+0	85.712355E+0
141	10.272534E+0	11.320441E+0	11.320441E+0	85.712355E+0
142	10.278863E+0	11.320441E+0	11.320441E+0	85.712355E+0
143	10.285210E+0	11.320441E+0	11.320441E+0	85.712355E+0
144	10.291538E+0	12.225739E+0	12.225739E+0	84.520533E+0
145	11.207885E+0	12.225739E+0	12.225739E+0	84.520533E+0
146	11.218577E+0	12.225739E+0	12.225739E+0	84.520533E+0
147	11.229245E+0	12.225739E+0	12.225739E+0	84.520533E+0
148	11.239938E+0	12.754543E+0	12.754543E+0	83.325335E+0
149	11.782173E+0	12.754543E+0	12.754543E+0	83.325335E+0
150	11.795402E+0	12.754543E+0	12.754543E+0	83.325335E+0
151	11.808629E+0	12.754543E+0	12.754543E+0	83.325335E+0
152	11.821832E+0	12.995162E+0	12.995162E+0	84.631537E+0
153	12.076928E+0	12.995162E+0	12.995162E+0	84.631537E+0
154	12.091330E+0	12.995162E+0	12.995162E+0	84.631537E+0
155	12.105664E+0	12.995162E+0	12.995162E+0	84.631537E+0
156	12.120068E+0	12.922456E+0	12.922456E+0	83.679195E+0
157	12.061353E+0	12.922456E+0	12.922456E+0	83.679195E+0
158	12.075379E+0	12.922456E+0	12.922456E+0	83.679195E+0
159	12.089420E+0	12.933573E+0	12.933573E+0	82.533562E+0
160	12.114603E+0	12.933573E+0	12.933573E+0	82.533562E+0
161	12.128700E+0	12.933573E+0	12.933573E+0	82.533562E+0
162	12.142801E+0	12.933573E+0	12.933573E+0	82.533562E+0
163	12.156828E+0	12.933573E+0	12.933573E+0	82.533562E+0
164	12.170939E+0	12.953508E+0	12.953508E+0	83.690259E+0
165	12.205060E+0	12.953508E+0	12.953508E+0	83.690259E+0
166	12.219231E+0	12.953508E+0	12.953508E+0	83.690259E+0
167	12.233422E+0	12.953508E+0	12.953508E+0	83.690259E+0
168	12.247579E+0	12.944911E+0	12.944911E+0	85.567268E+0
169	12.253134E+0	12.944911E+0	12.944911E+0	85.567268E+0
170	12.267264E+0	12.944911E+0	12.944911E+0	85.567268E+0
171	12.281385E+0	12.944911E+0	12.944911E+0	85.567268E+0
172	12.295532E+0	12.931319E+0	12.931319E+0	85.262328E+0
173	12.295997E+0	12.931319E+0	12.931319E+0	85.262328E+0
174	12.310073E+0	12.931319E+0	12.931319E+0	85.262328E+0
175	12.324168E+0	12.931319E+0	12.931319E+0	85.262328E+0
176	12.338192E+0	13.049370E+0	13.049370E+0	84.853972E+0
177	12.470953E+0	13.049370E+0	13.049370E+0	84.853972E+0
178	12.485600E+0	13.049370E+0	13.049370E+0	84.853972E+0
179	12.500211E+0	13.049370E+0	13.049370E+0	84.853972E+0
180	12.514855E+0	12.939428E+0	12.939428E+0	83.707852E+0
181	12.418992E+0	12.939428E+0	12.939428E+0	83.707852E+0
182	12.433091E+0	12.939428E+0	12.939428E+0	83.707852E+0
183	12.447214E+0	12.939428E+0	12.939428E+0	83.707852E+0
184	12.461301E+0	12.788807E+0	12.788807E+0	84.917333E+0
185	12.324009E+0	12.788807E+0	12.788807E+0	84.917333E+0
186	12.337418E+0	12.788807E+0	12.788807E+0	84.917333E+0
187	12.350773E+0	12.788807E+0	12.788807E+0	84.917333E+0
188	12.364174E+0	13.078139E+0	13.078139E+0	84.255552E+0
189	12.668397E+0	13.078139E+0	13.078139E+0	84.255552E+0
190	12.683172E+0	13.078139E+0	13.078139E+0	84.255552E+0
191	12.697972E+0	13.078139E+0	13.078139E+0	84.255552E+0
192	12.712713E+0	12.924008E+0	12.924008E+0	82.847906E+0
193	12.572561E+0	12.924008E+0	12.924008E+0	82.847906E+0
194	12.586608E+0	12.924008E+0	12.924008E+0	82.847906E+0
195	12.600622E+0	12.924008E+0	12.924008E+0	82.847906E+0
196	12.614671E+0	12.841332E+0	12.841332E+0	84.271322E+0
197	12.545600E+0	12.841332E+0	12.841332E+0	84.271322E+0
198	12.559238E+0	12.841332E+0	12.841332E+0	84.271322E+0
199	12.572892E+0	12.841332E+0	12.841332E+0	84.271322E+0
200	12.586504E+0	12.928849E+0	12.928849E+0	84.171933E+0
201	12.688133E+0	12.928849E+0	12.928849E+0	84.171933E+0
202	12.702201E+0	12.928849E+0	12.928849E+0	84.171933E+0
203	12.716219E+0	12.928849E+0	12.928849E+0	84.171933E+0
204	12.730301E+0	12.935680E+0	12.935680E+0	84.366684E+0
205	12.744359E+0	12.935680E+0	12.935680E+0	84.366684E+0
206	12.765284E+0	12.935680E+0	12.935680E+0	84.366684E+0
207	12.779392E+0	12.935680E+0	12.935680E+0	84.366684E+0
208	12.793458E+0	12.933839E+0	12.933839E+0	84.462516E+0
209	12.805703E+0	12.933839E+0	12.933839E+0	84.462516E+0
210	12.819811E+0	12.933839E+0	12.933839E+0	84.462516E+0
211	12.833859E+0	12.933839E+0	12.933839E+0	84.462516E+0
212	12.847955E+0	12.935571E+0	12.935571E+0	84.962840E+0
213	12.862035E+0	12.935571E+0	12.935571E+0	84.962840E+0
214	12.877861E+0	12.935571E+0	12.935571E+0	84.962840E+0
215	12.891973E+0	12.935571E+0	12.935571E+0	84.962840E+0
216	12.906020E+0	12.939863E+0	12.939863E+0	85.223819E+0
217	12.924447E+0	12.939863E+0	12.939863E+0	85.223819E+0
218	12.938573E+0	12.939863E+0	12.939863E+0	85.223819E+0
219	12.952658E+0	12.939863E+0	12.939863E+0	85.223819E+0
220	12.966787E+0	12.931081E+0	12.931081E+0	85.621193E+0
221	12.972065E+0	12.931081E+0	12.931081E+0	85.621193E+0
222	12.986135E+0	12.931081E+0	12.931081E+0	85.621193E+0
223	13.000215E+0	12.931081E+0	12.931081E+0	85.621193E+0
224	13.014257E+0	12.931458E+0	12.931458E+0	85.467280E+0
225	13.028724E+0	12.931458E+0	12.931458E+0	85.467280E+0
226	13.042804E+0	12.931458E+0	12.931458E+0	85.467280E+0
227	13.056853E+0	12.931458E+0	12.931458E+0	85.467280E+0
228	13.070937E+0	12.932754E+0	12.932754E+0	85.373485E+0
229	13.086305E+0	12.932754E+0	12.932754E+0	85.373485E+0
230	13.100400E+0	12.932754E+0	12.932754E+0	85.373485E+0
231	13.114452E+0	12.932754E+0	12.932754E+0	85.373485E+0
232	13.128540E+0	12.941461E+0	12.941461E+0	84.979709E+0
233	13.151378E+0	12.941461E+0	12.941461E+0	84.979709E+0
234	13.165501E+0	12.941461E+0	12.941461E+0	84.979709E+0
235	13.179591E+0	12.941461E+0	12.941461E+0	84.979709E+0
236	13.193717E+0	12.933685E+0	12.933685E+0	85.064306E+0
237	13.200028E+0	12.933685E+0	12.933685E+0	85.064306E+0
238	13.214119E+0	12.933685E+0	12.933685E+0	85.064306E+0
239	13.228202E+0	12.933685E+0	12.933685E+0	85.064306E+0
240	13.242263E+0	12.935714E+0	12.935714E+0	84.568848E+0
241	13.258395E+0	12.935714E+0	12.935714E+0	84.568848E+0
242	13.272492E+0	12.935714E+0	12.935714E+0	84.568848E+0
243	13.286584E+0	12.935714E+0	12.935714E+0	84.568848E+0
244	13.300652E+0	12.930797E+0	12.930797E+0	84.335607E+0
245	13.309818E+0	12.930797E+0	12.930797E+0	84.335607E+0
246	13.323898E+0	12.930797E+0	12.930797E+0	84.335607E+0
247	13.337983E+0	12.930797E+0	12.930797E+0	84.335607E+0
248	13.351985E+0	12.930611E+0	12.930611E+0	84.237983E+0
249	13.365909E+0	12.930611E+0	12.930611E+0	84.237983E+0
250	13.379983E+0	12.930611E+0	12.930611E+0	84.237983E+0
251	13.394026E+0	12.930611E+0	12.930611E+0	84.237983E+0
252	13.408107E+0	12.931856E+0	12.931856E+0	84.871269E+0
253	13.423416E+0	12.931856E+0	12.931856E+0	84.871269E+0
254	13.437492E+0	12.931856E+0	12.931856E+0	84.871269E+0
255	13.451583E+0	12.931856E+0	12.931856E+0	84.871269E+0
256	13.465629E+0	12.930738E+0	12.930738E+0	85.312946E+0
257	13.478599E+0	12.930738E+0	12.930738E+0	85.312946E+0
258	13.492681E+0	12.930738E+0	12.930738E+0	85.312946E+0
259	13.506698E+0	12.930738E+0	12.930738E+0	85.312946E+0
260	13.520792E+0	12.921612E+0	12.921612E+0	85.488055E+0
261	13.525693E+0	12.921612E+0	12.921612E+0	85.488055E+0
262	13.539711E+0	12.921612E+0	12.921612E+0	85.488055E+0
263	13.553741E+0	12.921612E+0	12.921612E+0	85.488055E+0
264	13.567739E+0	12.932974E+0	12.932974E+0	85.602400E+0
265	13.593202E+0	12.932974E+0	12.932974E+0	85.602400E+0
266	13.607300E+0	12.932974E+0	12.932974E+0	85.602400E+0
267	13.621350E+0	12.932974E+0	12.932974E+0	85.602400E+0
268	13.635438E+0	12.931114E+0	12.931114E+0	85.394723E+0
269	13.647636E+0	12.931114E+0	12.931114E+0	85.394723E+0
270	13.661721E+0	12.931114E+0	12.931114E+0	85.394723E+0
271	13.675801E+0	12.931114E+0	12.931114E+0	85.394723E+0
272	13.689841E+0	12.906001E+0	12.906001E+0	85.442585E+0
273	13.678677E+0	12.906001E+0	12.906001E+0	85.442585E+0
274	13.692643E+0	12.906001E+0	12.906001E+0	85.442585E+0
275	13.706562E+0	12.906001E+0	12.906001E+0	85.442585E+0
276	13.720530E+0	12.906001E+0	12.906001E+0	85.442585E+0
277	13.734469E+0	12.916517E+0	12.916517E+0	85.067831E+0
278	13.759004E+0	12.916517E+0	12.916517E+0	85.067831E+0
279	13.773004E+0	12.916517E+0	12.916517E+0	85.067831E+0
280	13.786977E+0	12.907190E+0	12.907190E+0	84.550117E+0
281	13.791620E+0	12.907190E+0	12.907190E+0	84.550117E+0
282	13.805589E+0	12.907190E+0	12.907190E+0	84.550117E+0
283	13.819503E+0	12.907190E+0	12.907190E+0	84.550117E+0
284	13.833480E+0	12.898262E+0	12.898262E+0	84.533491E+0
285	13.838460E+0	12.898262E+0	12.898262E+0	84.533491E+0
286	13.852372E+0	12.898262E+0	12.898262E+0	84.533491E+0
287	13.866312E+0	12.898262E+0	12.898262E+0	84.533491E+0
288	13.880169E+0	12.901352E+0	12.901352E+0	84.350551E+0
289	13.897212E+0	12.901352E+0	12.901352E+0	84.350551E+0
290	13.911167E+0	12.901352E+0	12.901352E+0	84.350551E+0
291	13.925046E+0	12.901352E+0	12.901352E+0	84.350551E+0
292	13.938992E+0	12.901464E+0	12.901464E+0	84.517773E+0
293	13.953031E+0	12.901464E+0	12.901464E+0	84.517773E+0
294	13.966955E+0	12.901464E+0	12.901464E+0	84.517773E+0
295	13.980958E+0	12.901464E+0	12.901464E+0	84.517773E+0
296	13.994744E+0	12.904818E+0	12.904818E+0	84.677927E+0
297	14.012111E+0	12.904818E+0	12.904818E+0	84.677927E+0
298	14.026069E+0	12.904818E+0	12.904818E+0	84.677927E+0
299	14.039983E+0	12.904818E+0	12.904818E+0	84.677927E+0
300	14.053936E+0	12.904818E+0	12.904818E+0	84.677927E+0
301	14.067890E+0	12.902812E+0	12.902812E+0	85.236896E+0
302	14.079814E+0	12.902812E+0	12.902812E+0	85.236896E+0
303	14.093763E+0	12.902812E+0	12.902812E+0	85.236896E+0
304	14.107649E+0	12.900929E+0	12.900929E+0	85.484887E+0
305	14.119718E+0	12.900929E+0	12.900929E+0	85.484887E+0
306	14.133680E+0	12.900929E+0	12.900929E+0	85.484887E+0
307	14.147539E+0	12.900929E+0	12.900929E+0	85.484887E+0
308	14.161484E+0	12.900929E+0	12.900929E+0	85.484887E+0
309	14.175415E+0	12.896436E+0	12.896436E+0	85.749747E+0
310	14.184823E+0	12.896436E+0	12.896436E+0	85.749747E+0
311	14.198761E+0	12.896436E+0	12.896436E+0	85.749747E+0
312	14.212605E+0	12.896436E+0	12.896436E+0	85.749747E+0
313	14.226525E+0	12.902822E+0	12.902822E+0	85.660940E+0
314	14.246881E+0	12.902822E+0	12.902822E+0	85.660940E+0
315	14.246881E+0	12.902822E+0	12.902822E+0	85.660940E+0
316	14.274729E+0	12.903169E+0	12.903169E+0	85.388617E+0
317	14.289005E+0	12.903169E+0	12.903169E+0	85.388617E+0
318	14.302940E+0	12.903169E+0	12.903169E+0	85.388617E+0
319	14.316895E+0	12.903169E+0	12.903169E+0	85.388617E+0
320	14.330784E+0	12.903169E+0	12.903169E+0	85.388617E+0
321	14.344773E+0	12.901242E+0	12.901242E+0	85.181253E+0
322	14.356749E+0	12.901242E+0	12.901242E+0	85.181253E+0
323	14.370643E+0	12.901242E+0	12.901242E+0	85.181253E+0
324	14.384595E+0	12.901242E+0	12.901242E+0	85.181253E+0
325	14.398517E+0	12.910407E+0	12.910407E+0	84.706510E+0
326	14.412451E+0	12.910407E+0	12.910407E+0	84.706510E+0
327	14.435609E+0	12.910407E+0	12.910407E+0	84.706510E+0
328	14.449528E+0	12.910407E+0	12.910407E+0	84.706510E+0
329	14.463525E+0	12.903343E+0	12.903343E+0	84.822320E+0
330	14.470419E+0	12.903343E+0	12.903343E+0	84.822320E+0
331	14.484324E+0	12.903343E+0	12.903343E+0	84.822320E+0
332	14.498264E+0	12.903343E+0	12.903343E+0	84.822320E+0
333	14.512199E+0	12.906357E+0	12.906357E+0	84.362549E+0
334	14.529164E+0	12.906357E+0	12.906357E+0	84.362549E+0
335	14.543160E+0	12.906357E+0	12.906357E+0	84.362549E+0
336	14.557039E+0	12.906357E+0	12.906357E+0	84.362549E+0
337	14.571016E+0	12.898979E+0	12.898979E+0	84.235524E+0
338	14.577562E+0	12.898979E+0	12.898979E+0	84.235524E+0
339	14.591453E+0	12.898979E+0	12.898979E+0	84.235524E+0
340	14.605384E+0	12.905915E+0	12.905915E+0	84.956443E+0
341	14.626284E+0	12.905915E+0	12.905915E+0	84.956443E+0
342	14.640221E+0	12.905915E+0	12.905915E+0	84.956443E+0
343	14.654190E+0	12.905915E+0	12.905915E+0	84.956443E+0
344	14.668085E+0	12.905915E+0	12.905915E+0	84.956443E+0
345	14.682074E+0	12.910568E+0	12.910568E+0	85.154655E+0
346	14.696031E+0	12.910568E+0	12.910568E+0	85.154655E+0
347	14.714620E+0	12.910568E+0	12.910568E+0	85.154655E+0
348	14.728606E+0	12.910568E+0	12.910568E+0	85.154655E+0
349	14.742585E+0	12.900002E+0	12.900002E+0	85.477838E+0
350	14.745926E+0	12.900002E+0	12.900002E+0	85.477838E+0
351	14.759897E+0	12.900002E+0	12.900002E+0	85.477838E+0
352	14.773734E+0	12.900002E+0	12.900002E+0	85.477838E+0
353	14.787682E+0	12.890791E+0	12.890791E+0	85.621759E+0
354	14.801653E+0	12.890791E+0	12.890791E+0	85.621759E+0
355	14.806235E+0	12.890791E+0	12.890791E+0	85.621759E+0
356	14.820147E+0	12.890791E+0	12.890791E+0	85.621759E+0
357	14.834018E+0	12.893850E+0	12.893850E+0	85.456239E+0
358	14.850974E+0	12.893850E+0	12.893850E+0	85.456239E+0
359	14.864891E+0	12.893850E+0	12.893850E+0	85.456239E+0
360	14.878735E+0	12.893850E+0	12.893850E+0	85.456239E+0
361	14.892650E+0	12.900419E+0	12.900419E+0	85.364293E+0
362	14.913144E+0	12.900419E+0	12.900419E+0	85.364293E+0
363	14.927049E+0	12.900419E+0	12.900419E+0	85.364293E+0
364	14.940992E+0	12.900419E+0	12.900419E+0	85.364293E+0
365	14.954897E+0	12.897822E+0	12.897822E+0	84.840010E+0
366	14.966216E+0	12.897822E+0	12.897822E+0	84.840010E+0
367	14.980153E+0	12.897822E+0	12.897822E+0	84.840010E+0
368	14.994010E+0	12.897822E+0	12.897822E+0	84.840010E+0
369	15.007959E+0	12.899531E+0	12.899531E+0	84.534304E+0
370	15.023592E+0	12.899531E+0	12.899531E+0	84.534304E+0
371	15.037474E+0	12.899531E+0	12.899531E+0	84.534304E+0
372	15.051404E+0	12.899531E+0	12.899531E+0	84.534304E+0
373	15.065317E+0	12.903620E+0	12.903620E+0	84.405778E+0
374	15.083363E+0	12.903620E+0	12.903620E+0	84.405778E+0
375	15.097310E+0	12.903620E+0	12.903620E+0	84.405778E+0
376	15.111203E+0	12.901004E+0	12.901004E+0	84.581214E+0
377	15.122550E+0	12.901004E+0	12.901004E+0	84.581214E+0
378	15.136485E+0	12.901004E+0	12.901004E+0	84.581214E+0
379	15.150351E+0	12.901004E+0	12.901004E+0	84.581214E+0
380	15.164311E+0	12.901004E+0	12.901004E+0	84.581214E+0
381	15.178245E+0	12.900653E+0	12.900653E+0	84.388485E+0
382	15.191813E+0	12.900653E+0	12.900653E+0	84.388485E+0
383	15.205741E+0	12.900653E+0	12.900653E+0	84.388485E+0
384	15.219632E+0	12.899540E+0	12.899540E+0	84.960134E+0
385	15.232458E+0	12.899540E+0	12.899540E+0	84.960134E+0
386	15.246404E+0	12.899540E+0	12.899540E+0	84.960134E+0
387	15.260267E+0	12.899540E+0	12.899540E+0	84.960134E+0
388	15.274212E+0	12.902026E+0	12.902026E+0	85.352400E+0
389	15.288129E+0	12.902026E+0	12.902026E+0	85.352400E+0
390	15.304545E+0	12.902026E+0	12.902026E+0	85.352400E+0
391	15.318537E+0	12.902026E+0	12.902026E+0	85.352400E+0
392	15.332361E+0	12.902026E+0	12.902026E+0	85.352400E+0
393	15.346321E+0	12.901087E+0	12.901087E+0	85.628108E+0
394	15.359340E+0	12.901087E+0	12.901087E+0	85.628108E+0
395	15.373228E+0	12.901087E+0	12.901087E+0	85.628108E+0
396	15.387171E+0	12.901087E+0	12.901087E+0	85.628108E+0
397	15.401096E+0	12.896063E+0	12.896063E+0	85.450077E+0
398	15.409981E+0	12.896063E+0	12.896063E+0	85.450077E+0
399	15.423898E+0	12.896063E+0	12.896063E+0	85.450077E+0
400	15.437742E+0	12.896063E+0	12.896063E+0	85.450077E+0
